maxfarms, p, zone, weight_z, cell, weight_c
5, 0.05, 16, 0.2, 5296, 0.002500000000000002
5, 0.05, 16, 0.2, 5422, 0.002500000000000002
5, 0.05, 16, 0.2, 5423, 0.002500000000000002
5, 0.05, 9, 0.2, 5452, 0.0025
5, 0.05, 16, 0.2, 5548, 0.002500000000000002
5, 0.05, 16, 0.2, 5549, 0.002500000000000002
5, 0.05, 16, 0.2, 5550, 0.002500000000000002
5, 0.05, 9, 0.2, 5569, 0.0025
5, 0.05, 9, 0.2, 5570, 0.0025
5, 0.05, 9, 0.2, 5571, 0.0025
5, 0.05, 9, 0.2, 5572, 0.0025
5, 0.05, 9, 0.2, 5573, 0.0025
5, 0.05, 9, 0.2, 5574, 0.0025
5, 0.05, 9, 0.2, 5575, 0.0025
5, 0.05, 9, 0.2, 5576, 0.0025
5, 0.05, 9, 0.2, 5577, 0.0025
5, 0.05, 9, 0.2, 5579, 0.0025
5, 0.05, 16, 0.2, 5674, 0.002500000000000002
5, 0.05, 16, 0.2, 5675, 0.002500000000000002
5, 0.05, 16, 0.2, 5676, 0.002500000000000002
5, 0.05, 16, 0.2, 5677, 0.002500000000000002
5, 0.05, 16, 0.2, 5678, 0.002500000000000002
5, 0.05, 14, 0.2, 5692, 0.0025
5, 0.05, 14, 0.2, 5693, 0.0025
5, 0.05, 9, 0.2, 5695, 0.0025
5, 0.05, 9, 0.2, 5696, 0.0025
5, 0.05, 9, 0.2, 5697, 0.0025
5, 0.05, 9, 0.2, 5698, 0.0025
5, 0.05, 9, 0.2, 5699, 0.0025
5, 0.05, 9, 0.2, 5700, 0.0025
5, 0.05, 9, 0.2, 5701, 0.0025
5, 0.05, 9, 0.2, 5702, 0.0025
5, 0.05, 9, 0.2, 5703, 0.0025
5, 0.05, 9, 0.2, 5704, 0.0025
5, 0.05, 9, 0.2, 5705, 0.0025
5, 0.05, 16, 0.2, 5802, 0.002500000000000002
5, 0.05, 16, 0.2, 5803, 0.002500000000000002
5, 0.05, 16, 0.2, 5804, 0.002500000000000002
5, 0.05, 16, 0.2, 5805, 0.002500000000000002
5, 0.05, 16, 0.2, 5806, 0.002500000000000002
5, 0.05, 14, 0.2, 5820, 0.0025
5, 0.05, 14, 0.2, 5821, 0.0025
5, 0.05, 9, 0.2, 5822, 0.0025
5, 0.05, 9, 0.2, 5823, 0.0025
5, 0.05, 9, 0.2, 5824, 0.0025
5, 0.05, 9, 0.2, 5825, 0.0025
5, 0.05, 9, 0.2, 5826, 0.0025
5, 0.05, 9, 0.2, 5827, 0.0025
5, 0.05, 9, 0.2, 5828, 0.0025
5, 0.05, 9, 0.2, 5829, 0.0025
5, 0.05, 9, 0.2, 5830, 0.0025
5, 0.05, 9, 0.2, 5831, 0.0025
5, 0.05, 9, 0.2, 5832, 0.0025
5, 0.05, 9, 0.2, 5833, 0.0025
5, 0.05, 16, 0.2, 5929, 0.002500000000000002
5, 0.05, 16, 0.2, 5930, 0.002500000000000002
5, 0.05, 16, 0.2, 5931, 0.002500000000000002
5, 0.05, 16, 0.2, 5932, 0.002500000000000002
5, 0.05, 16, 0.2, 5933, 0.002500000000000002
5, 0.05, 16, 0.2, 5934, 0.002500000000000002
5, 0.05, 14, 0.2, 5946, 0.0025
5, 0.05, 14, 0.2, 5947, 0.0025
5, 0.05, 14, 0.2, 5948, 0.0025
5, 0.05, 14, 0.2, 5949, 0.0025
5, 0.05, 9, 0.2, 5950, 0.0025
5, 0.05, 9, 0.2, 5951, 0.0025
5, 0.05, 9, 0.2, 5952, 0.0025
5, 0.05, 9, 0.2, 5953, 0.0025
5, 0.05, 9, 0.2, 5954, 0.0025
5, 0.05, 9, 0.2, 5955, 0.0025
5, 0.05, 9, 0.2, 5956, 0.0025
5, 0.05, 9, 0.2, 5957, 0.0025
5, 0.05, 9, 0.2, 5958, 0.0025
5, 0.05, 9, 0.2, 5959, 0.0025
5, 0.05, 9, 0.2, 5960, 0.0025
5, 0.05, 9, 0.2, 5961, 0.0025
5, 0.05, 16, 0.2, 6059, 0.002500000000000002
5, 0.05, 16, 0.2, 6060, 0.002500000000000002
5, 0.05, 16, 0.2, 6061, 0.002500000000000002
5, 0.05, 16, 0.2, 6062, 0.002500000000000002
5, 0.05, 16, 0.2, 6063, 0.002500000000000002
5, 0.05, 14, 0.2, 6075, 0.0025
5, 0.05, 14, 0.2, 6076, 0.0025
5, 0.05, 14, 0.2, 6077, 0.0025
5, 0.05, 14, 0.2, 6078, 0.0025
5, 0.05, 9, 0.2, 6079, 0.0025
5, 0.05, 9, 0.2, 6080, 0.0025
5, 0.05, 9, 0.2, 6081, 0.0025
5, 0.05, 9, 0.2, 6082, 0.0025
5, 0.05, 9, 0.2, 6083, 0.0025
5, 0.05, 9, 0.2, 6084, 0.0025
5, 0.05, 9, 0.2, 6085, 0.0025
5, 0.05, 9, 0.2, 6086, 0.0025
5, 0.05, 9, 0.2, 6087, 0.0025
5, 0.05, 9, 0.2, 6088, 0.0025
5, 0.05, 9, 0.2, 6089, 0.0025
5, 0.05, 9, 0.2, 6090, 0.0025
5, 0.05, 18, 0.2, 6093, 0.0025
5, 0.05, 16, 0.2, 6188, 0.002500000000000002
5, 0.05, 16, 0.2, 6189, 0.002500000000000002
5, 0.05, 16, 0.2, 6190, 0.002500000000000002
5, 0.05, 16, 0.2, 6191, 0.002500000000000002
5, 0.05, 16, 0.2, 6192, 0.002500000000000002
5, 0.05, 14, 0.2, 6202, 0.0025
5, 0.05, 14, 0.2, 6203, 0.0025
5, 0.05, 14, 0.2, 6204, 0.0025
5, 0.05, 14, 0.2, 6205, 0.0025
5, 0.05, 14, 0.2, 6206, 0.0025
5, 0.05, 14, 0.2, 6207, 0.0025
5, 0.05, 9, 0.2, 6209, 0.0025
5, 0.05, 9, 0.2, 6210, 0.0025
5, 0.05, 9, 0.2, 6211, 0.0025
5, 0.05, 9, 0.2, 6212, 0.0025
5, 0.05, 9, 0.2, 6213, 0.0025
5, 0.05, 9, 0.2, 6214, 0.0025
5, 0.05, 9, 0.2, 6215, 0.0025
5, 0.05, 9, 0.2, 6216, 0.0025
5, 0.05, 9, 0.2, 6217, 0.0025
5, 0.05, 9, 0.2, 6218, 0.0025
5, 0.05, 18, 0.2, 6219, 0.0025
5, 0.05, 18, 0.2, 6220, 0.0025
5, 0.05, 18, 0.2, 6221, 0.0025
5, 0.05, 18, 0.2, 6222, 0.0025
5, 0.05, 18, 0.2, 6223, 0.0025
5, 0.05, 16, 0.2, 6319, 0.002500000000000002
5, 0.05, 16, 0.2, 6320, 0.002500000000000002
5, 0.05, 16, 0.2, 6321, 0.002500000000000002
5, 0.05, 16, 0.2, 6322, 0.002500000000000002
5, 0.05, 16, 0.2, 6323, 0.002500000000000002
5, 0.05, 14, 0.2, 6333, 0.0025
5, 0.05, 14, 0.2, 6334, 0.0025
5, 0.05, 14, 0.2, 6335, 0.0025
5, 0.05, 14, 0.2, 6336, 0.0025
5, 0.05, 14, 0.2, 6337, 0.0025
5, 0.05, 14, 0.2, 6338, 0.0025
5, 0.05, 9, 0.2, 6342, 0.0025
5, 0.05, 9, 0.2, 6343, 0.0025
5, 0.05, 9, 0.2, 6344, 0.0025
5, 0.05, 9, 0.2, 6345, 0.0025
5, 0.05, 9, 0.2, 6346, 0.0025
5, 0.05, 9, 0.2, 6347, 0.0025
5, 0.05, 9, 0.2, 6348, 0.0025
5, 0.05, 9, 0.2, 6349, 0.0025
5, 0.05, 18, 0.2, 6350, 0.0025
5, 0.05, 18, 0.2, 6351, 0.0025
5, 0.05, 18, 0.2, 6352, 0.0025
5, 0.05, 18, 0.2, 6353, 0.0025
5, 0.05, 18, 0.2, 6354, 0.0025
5, 0.05, 18, 0.2, 6355, 0.0025
5, 0.05, 16, 0.2, 6451, 0.002500000000000002
5, 0.05, 16, 0.2, 6452, 0.002500000000000002
5, 0.05, 16, 0.2, 6453, 0.002500000000000002
5, 0.05, 16, 0.2, 6454, 0.002500000000000002
5, 0.05, 14, 0.2, 6463, 0.0025
5, 0.05, 14, 0.2, 6464, 0.0025
5, 0.05, 14, 0.2, 6465, 0.0025
5, 0.05, 14, 0.2, 6466, 0.0025
5, 0.05, 14, 0.2, 6467, 0.0025
5, 0.05, 14, 0.2, 6468, 0.0025
5, 0.05, 14, 0.2, 6469, 0.0025
5, 0.05, 19, 0.2, 6472, 0.0025
5, 0.05, 19, 0.2, 6473, 0.0025
5, 0.05, 19, 0.2, 6474, 0.0025
5, 0.05, 19, 0.2, 6475, 0.0025
5, 0.05, 9, 0.2, 6476, 0.0025
5, 0.05, 9, 0.2, 6477, 0.0025
5, 0.05, 9, 0.2, 6478, 0.0025
5, 0.05, 9, 0.2, 6479, 0.0025
5, 0.05, 18, 0.2, 6480, 0.0025
5, 0.05, 18, 0.2, 6481, 0.0025
5, 0.05, 18, 0.2, 6482, 0.0025
5, 0.05, 18, 0.2, 6483, 0.0025
5, 0.05, 18, 0.2, 6484, 0.0025
5, 0.05, 18, 0.2, 6485, 0.0025
5, 0.05, 18, 0.2, 6486, 0.0025
5, 0.05, 18, 0.2, 6487, 0.0025
5, 0.05, 16, 0.2, 6583, 0.002500000000000002
5, 0.05, 16, 0.2, 6584, 0.002500000000000002
5, 0.05, 16, 0.2, 6585, 0.002500000000000002
5, 0.05, 16, 0.2, 6586, 0.002500000000000002
5, 0.05, 14, 0.2, 6595, 0.0025
5, 0.05, 14, 0.2, 6596, 0.0025
5, 0.05, 14, 0.2, 6597, 0.0025
5, 0.05, 14, 0.2, 6598, 0.0025
5, 0.05, 14, 0.2, 6599, 0.0025
5, 0.05, 14, 0.2, 6600, 0.0025
5, 0.05, 14, 0.2, 6601, 0.0025
5, 0.05, 19, 0.2, 6603, 0.0025
5, 0.05, 19, 0.2, 6604, 0.0025
5, 0.05, 19, 0.2, 6605, 0.0025
5, 0.05, 19, 0.2, 6606, 0.0025
5, 0.05, 19, 0.2, 6607, 0.0025
5, 0.05, 19, 0.2, 6608, 0.0025
5, 0.05, 19, 0.2, 6609, 0.0025
5, 0.05, 9, 0.2, 6611, 0.0025
5, 0.05, 18, 0.2, 6612, 0.0025
5, 0.05, 18, 0.2, 6613, 0.0025
5, 0.05, 18, 0.2, 6614, 0.0025
5, 0.05, 18, 0.2, 6615, 0.0025
5, 0.05, 18, 0.2, 6616, 0.0025
5, 0.05, 18, 0.2, 6617, 0.0025
5, 0.05, 18, 0.2, 6618, 0.0025
5, 0.05, 18, 0.2, 6619, 0.0025
5, 0.05, 16, 0.2, 6716, 0.002500000000000002
5, 0.05, 16, 0.2, 6717, 0.002500000000000002
5, 0.05, 16, 0.2, 6718, 0.002500000000000002
5, 0.05, 16, 0.2, 6719, 0.002500000000000002
5, 0.05, 14, 0.2, 6727, 0.0025
5, 0.05, 14, 0.2, 6728, 0.0025
5, 0.05, 14, 0.2, 6729, 0.0025
5, 0.05, 14, 0.2, 6730, 0.0025
5, 0.05, 14, 0.2, 6731, 0.0025
5, 0.05, 14, 0.2, 6732, 0.0025
5, 0.05, 14, 0.2, 6733, 0.0025
5, 0.05, 14, 0.2, 6734, 0.0025
5, 0.05, 19, 0.2, 6736, 0.0025
5, 0.05, 19, 0.2, 6737, 0.0025
5, 0.05, 19, 0.2, 6738, 0.0025
5, 0.05, 19, 0.2, 6739, 0.0025
5, 0.05, 19, 0.2, 6740, 0.0025
5, 0.05, 19, 0.2, 6741, 0.0025
5, 0.05, 19, 0.2, 6742, 0.0025
5, 0.05, 18, 0.2, 6745, 0.0025
5, 0.05, 18, 0.2, 6746, 0.0025
5, 0.05, 18, 0.2, 6747, 0.0025
5, 0.05, 18, 0.2, 6748, 0.0025
5, 0.05, 18, 0.2, 6749, 0.0025
5, 0.05, 18, 0.2, 6750, 0.0025
5, 0.05, 18, 0.2, 6751, 0.0025
5, 0.05, 18, 0.2, 6752, 0.0025
5, 0.05, 16, 0.2, 6848, 0.002500000000000002
5, 0.05, 16, 0.2, 6849, 0.002500000000000002
5, 0.05, 16, 0.2, 6850, 0.002500000000000002
5, 0.05, 16, 0.2, 6851, 0.002500000000000002
5, 0.05, 16, 0.2, 6852, 0.002500000000000002
5, 0.05, 14, 0.2, 6861, 0.0025
5, 0.05, 14, 0.2, 6862, 0.0025
5, 0.05, 14, 0.2, 6863, 0.0025
5, 0.05, 14, 0.2, 6864, 0.0025
5, 0.05, 14, 0.2, 6865, 0.0025
5, 0.05, 14, 0.2, 6866, 0.0025
5, 0.05, 14, 0.2, 6867, 0.0025
5, 0.05, 19, 0.2, 6869, 0.0025
5, 0.05, 19, 0.2, 6870, 0.0025
5, 0.05, 19, 0.2, 6871, 0.0025
5, 0.05, 19, 0.2, 6872, 0.0025
5, 0.05, 19, 0.2, 6873, 0.0025
5, 0.05, 19, 0.2, 6874, 0.0025
5, 0.05, 19, 0.2, 6875, 0.0025
5, 0.05, 19, 0.2, 6876, 0.0025
5, 0.05, 18, 0.2, 6878, 0.0025
5, 0.05, 18, 0.2, 6879, 0.0025
5, 0.05, 18, 0.2, 6880, 0.0025
5, 0.05, 18, 0.2, 6881, 0.0025
5, 0.05, 16, 0.2, 6982, 0.002500000000000002
5, 0.05, 16, 0.2, 6983, 0.002500000000000002
5, 0.05, 16, 0.2, 6984, 0.002500000000000002
5, 0.05, 16, 0.2, 6985, 0.002500000000000002
5, 0.05, 16, 0.2, 6986, 0.002500000000000002
5, 0.05, 14, 0.2, 6994, 0.0025
5, 0.05, 14, 0.2, 6995, 0.0025
5, 0.05, 14, 0.2, 6996, 0.0025
5, 0.05, 14, 0.2, 6997, 0.0025
5, 0.05, 14, 0.2, 6998, 0.0025
5, 0.05, 14, 0.2, 6999, 0.0025
5, 0.05, 14, 0.2, 7000, 0.0025
5, 0.05, 19, 0.2, 7003, 0.0025
5, 0.05, 19, 0.2, 7004, 0.0025
5, 0.05, 19, 0.2, 7005, 0.0025
5, 0.05, 19, 0.2, 7006, 0.0025
5, 0.05, 19, 0.2, 7007, 0.0025
5, 0.05, 19, 0.2, 7008, 0.0025
5, 0.05, 19, 0.2, 7009, 0.0025
5, 0.05, 19, 0.2, 7010, 0.0025
5, 0.05, 18, 0.2, 7012, 0.0025
5, 0.05, 18, 0.2, 7013, 0.0025
5, 0.05, 18, 0.2, 7014, 0.0025
5, 0.05, 18, 0.2, 7015, 0.0025
5, 0.05, 16, 0.2, 7116, 0.002500000000000002
5, 0.05, 16, 0.2, 7117, 0.002500000000000002
5, 0.05, 16, 0.2, 7118, 0.002500000000000002
5, 0.05, 16, 0.2, 7119, 0.002500000000000002
5, 0.05, 16, 0.2, 7120, 0.002500000000000002
5, 0.05, 14, 0.2, 7129, 0.0025
5, 0.05, 14, 0.2, 7130, 0.0025
5, 0.05, 14, 0.2, 7131, 0.0025
5, 0.05, 14, 0.2, 7132, 0.0025
5, 0.05, 14, 0.2, 7133, 0.0025
5, 0.05, 14, 0.2, 7134, 0.0025
5, 0.05, 19, 0.2, 7136, 0.0025
5, 0.05, 19, 0.2, 7137, 0.0025
5, 0.05, 19, 0.2, 7138, 0.0025
5, 0.05, 19, 0.2, 7139, 0.0025
5, 0.05, 19, 0.2, 7140, 0.0025
5, 0.05, 19, 0.2, 7141, 0.0025
5, 0.05, 19, 0.2, 7142, 0.0025
5, 0.05, 19, 0.2, 7143, 0.0025
5, 0.05, 19, 0.2, 7144, 0.0025
5, 0.05, 18, 0.2, 7146, 0.0025
5, 0.05, 18, 0.2, 7147, 0.0025
5, 0.05, 18, 0.2, 7148, 0.0025
5, 0.05, 18, 0.2, 7149, 0.0025
5, 0.05, 18, 0.2, 7150, 0.0025
5, 0.05, 16, 0.2, 7252, 0.002500000000000002
5, 0.05, 16, 0.2, 7253, 0.002500000000000002
5, 0.05, 16, 0.2, 7254, 0.002500000000000002
5, 0.05, 16, 0.2, 7255, 0.002500000000000002
5, 0.05, 16, 0.2, 7256, 0.002500000000000002
5, 0.05, 14, 0.2, 7267, 0.0025
5, 0.05, 14, 0.2, 7269, 0.0025
5, 0.05, 14, 0.2, 7270, 0.0025
5, 0.05, 19, 0.2, 7271, 0.0025
5, 0.05, 19, 0.2, 7272, 0.0025
5, 0.05, 19, 0.2, 7273, 0.0025
5, 0.05, 19, 0.2, 7274, 0.0025
5, 0.05, 19, 0.2, 7275, 0.0025
5, 0.05, 19, 0.2, 7276, 0.0025
5, 0.05, 19, 0.2, 7277, 0.0025
5, 0.05, 19, 0.2, 7278, 0.0025
5, 0.05, 19, 0.2, 7279, 0.0025
5, 0.05, 19, 0.2, 7280, 0.0025
5, 0.05, 19, 0.2, 7281, 0.0025
5, 0.05, 18, 0.2, 7282, 0.0025
5, 0.05, 18, 0.2, 7283, 0.0025
5, 0.05, 18, 0.2, 7284, 0.0025
5, 0.05, 18, 0.2, 7285, 0.0025
5, 0.05, 18, 0.2, 7286, 0.0025
5, 0.05, 16, 0.2, 7389, 0.002500000000000002
5, 0.05, 16, 0.2, 7390, 0.002500000000000002
5, 0.05, 16, 0.2, 7391, 0.002500000000000002
5, 0.05, 16, 0.2, 7392, 0.002500000000000002
5, 0.05, 14, 0.2, 7404, 0.0025
5, 0.05, 19, 0.2, 7407, 0.0025
5, 0.05, 19, 0.2, 7408, 0.0025
5, 0.05, 19, 0.2, 7409, 0.0025
5, 0.05, 19, 0.2, 7410, 0.0025
5, 0.05, 19, 0.2, 7411, 0.0025
5, 0.05, 19, 0.2, 7412, 0.0025
5, 0.05, 19, 0.2, 7413, 0.0025
5, 0.05, 19, 0.2, 7414, 0.0025
5, 0.05, 19, 0.2, 7415, 0.0025
5, 0.05, 19, 0.2, 7416, 0.0025
5, 0.05, 18, 0.2, 7418, 0.0025
5, 0.05, 18, 0.2, 7419, 0.0025
5, 0.05, 18, 0.2, 7420, 0.0025
5, 0.05, 18, 0.2, 7421, 0.0025
5, 0.05, 18, 0.2, 7422, 0.0025
5, 0.05, 16, 0.2, 7526, 0.002500000000000002
5, 0.05, 16, 0.2, 7527, 0.002500000000000002
5, 0.05, 16, 0.2, 7528, 0.002500000000000002
5, 0.05, 16, 0.2, 7529, 0.002500000000000002
5, 0.05, 14, 0.2, 7538, 0.0025
5, 0.05, 14, 0.2, 7539, 0.0025
5, 0.05, 14, 0.2, 7540, 0.0025
5, 0.05, 14, 0.2, 7541, 0.0025
5, 0.05, 14, 0.2, 7542, 0.0025
5, 0.05, 14, 0.2, 7543, 0.0025
5, 0.05, 19, 0.2, 7545, 0.0025
5, 0.05, 19, 0.2, 7546, 0.0025
5, 0.05, 19, 0.2, 7547, 0.0025
5, 0.05, 19, 0.2, 7548, 0.0025
5, 0.05, 19, 0.2, 7549, 0.0025
5, 0.05, 19, 0.2, 7550, 0.0025
5, 0.05, 19, 0.2, 7551, 0.0025
5, 0.05, 19, 0.2, 7552, 0.0025
5, 0.05, 19, 0.2, 7553, 0.0025
5, 0.05, 18, 0.2, 7555, 0.0025
5, 0.05, 18, 0.2, 7556, 0.0025
5, 0.05, 18, 0.2, 7557, 0.0025
5, 0.05, 18, 0.2, 7558, 0.0025
5, 0.05, 18, 0.2, 7559, 0.0025
5, 0.05, 16, 0.2, 7665, 0.002500000000000002
5, 0.05, 16, 0.2, 7666, 0.002500000000000002
5, 0.05, 16, 0.2, 7667, 0.002500000000000002
5, 0.05, 14, 0.2, 7677, 0.0025
5, 0.05, 14, 0.2, 7678, 0.0025
5, 0.05, 14, 0.2, 7679, 0.0025
5, 0.05, 14, 0.2, 7680, 0.0025
5, 0.05, 14, 0.2, 7681, 0.0025
5, 0.05, 19, 0.2, 7684, 0.0025
5, 0.05, 19, 0.2, 7685, 0.0025
5, 0.05, 19, 0.2, 7686, 0.0025
5, 0.05, 19, 0.2, 7687, 0.0025
5, 0.05, 19, 0.2, 7688, 0.0025
5, 0.05, 19, 0.2, 7689, 0.0025
5, 0.05, 19, 0.2, 7690, 0.0025
5, 0.05, 18, 0.2, 7693, 0.0025
5, 0.05, 18, 0.2, 7694, 0.0025
5, 0.05, 18, 0.2, 7695, 0.0025
5, 0.05, 18, 0.2, 7696, 0.0025
5, 0.05, 16, 0.2, 7806, 0.002500000000000002
5, 0.05, 19, 0.2, 7824, 0.0025
5, 0.05, 18, 0.2, 7832, 0.0025
5, 0.05, 18, 0.2, 7833, 0.0025
5, 0.05, 18, 0.2, 7834, 0.0025
5, 0.05, 18, 0.2, 7835, 0.0025
5, 0.05, 18, 0.2, 7971, 0.0025
5, 0.05, 18, 0.2, 7972, 0.0025
5, 0.05, 18, 0.2, 7973, 0.0025
5, 0.05, 18, 0.2, 7974, 0.0025
5, 0.05, 18, 0.2, 8111, 0.0025
5, 0.05, 18, 0.2, 8112, 0.0025
5, 0.05, 18, 0.2, 8113, 0.0025
5, 0.05, 18, 0.2, 8252, 0.0025
5, 0.05, 18, 0.2, 8253, 0.0025
5, 0.1, 9, 0.2, 5452, 0.0025
5, 0.1, 9, 0.2, 5569, 0.0025
5, 0.1, 9, 0.2, 5570, 0.0025
5, 0.1, 9, 0.2, 5571, 0.0025
5, 0.1, 9, 0.2, 5572, 0.0025
5, 0.1, 9, 0.2, 5573, 0.0025
5, 0.1, 9, 0.2, 5574, 0.0025
5, 0.1, 9, 0.2, 5575, 0.0025
5, 0.1, 9, 0.2, 5576, 0.0025
5, 0.1, 9, 0.2, 5577, 0.0025
5, 0.1, 9, 0.2, 5579, 0.0025
5, 0.1, 14, 0.2, 5692, 0.0025
5, 0.1, 14, 0.2, 5693, 0.0025
5, 0.1, 9, 0.2, 5695, 0.0025
5, 0.1, 9, 0.2, 5696, 0.0025
5, 0.1, 9, 0.2, 5697, 0.0025
5, 0.1, 9, 0.2, 5698, 0.0025
5, 0.1, 9, 0.2, 5699, 0.0025
5, 0.1, 9, 0.2, 5700, 0.0025
5, 0.1, 9, 0.2, 5701, 0.0025
5, 0.1, 9, 0.2, 5702, 0.0025
5, 0.1, 9, 0.2, 5703, 0.0025
5, 0.1, 9, 0.2, 5704, 0.0025
5, 0.1, 9, 0.2, 5705, 0.0025
5, 0.1, 14, 0.2, 5820, 0.0025
5, 0.1, 14, 0.2, 5821, 0.0025
5, 0.1, 9, 0.2, 5822, 0.0025
5, 0.1, 9, 0.2, 5823, 0.0025
5, 0.1, 9, 0.2, 5824, 0.0025
5, 0.1, 9, 0.2, 5825, 0.0025
5, 0.1, 9, 0.2, 5826, 0.0025
5, 0.1, 9, 0.2, 5827, 0.0025
5, 0.1, 9, 0.2, 5828, 0.0025
5, 0.1, 9, 0.2, 5829, 0.0025
5, 0.1, 9, 0.2, 5830, 0.0025
5, 0.1, 9, 0.2, 5831, 0.0025
5, 0.1, 9, 0.2, 5832, 0.0025
5, 0.1, 9, 0.2, 5833, 0.0025
5, 0.1, 14, 0.2, 5946, 0.0025
5, 0.1, 14, 0.2, 5947, 0.0025
5, 0.1, 14, 0.2, 5948, 0.0025
5, 0.1, 14, 0.2, 5949, 0.0025
5, 0.1, 9, 0.2, 5950, 0.0025
5, 0.1, 9, 0.2, 5951, 0.0025
5, 0.1, 9, 0.2, 5952, 0.0025
5, 0.1, 9, 0.2, 5953, 0.0025
5, 0.1, 9, 0.2, 5954, 0.0025
5, 0.1, 9, 0.2, 5955, 0.0025
5, 0.1, 9, 0.2, 5956, 0.0025
5, 0.1, 9, 0.2, 5957, 0.0025
5, 0.1, 9, 0.2, 5958, 0.0025
5, 0.1, 9, 0.2, 5959, 0.0025
5, 0.1, 9, 0.2, 5960, 0.0025
5, 0.1, 9, 0.2, 5961, 0.0025
5, 0.1, 14, 0.2, 6075, 0.0025
5, 0.1, 14, 0.2, 6076, 0.0025
5, 0.1, 14, 0.2, 6077, 0.0025
5, 0.1, 14, 0.2, 6078, 0.0025
5, 0.1, 9, 0.2, 6079, 0.0025
5, 0.1, 9, 0.2, 6080, 0.0025
5, 0.1, 9, 0.2, 6081, 0.0025
5, 0.1, 9, 0.2, 6082, 0.0025
5, 0.1, 9, 0.2, 6083, 0.0025
5, 0.1, 9, 0.2, 6084, 0.0025
5, 0.1, 9, 0.2, 6085, 0.0025
5, 0.1, 9, 0.2, 6086, 0.0025
5, 0.1, 9, 0.2, 6087, 0.0025
5, 0.1, 9, 0.2, 6088, 0.0025
5, 0.1, 9, 0.2, 6089, 0.0025
5, 0.1, 9, 0.2, 6090, 0.0025
5, 0.1, 18, 0.2, 6093, 0.0025
5, 0.1, 14, 0.2, 6202, 0.0025
5, 0.1, 14, 0.2, 6203, 0.0025
5, 0.1, 14, 0.2, 6204, 0.0025
5, 0.1, 14, 0.2, 6205, 0.0025
5, 0.1, 14, 0.2, 6206, 0.0025
5, 0.1, 14, 0.2, 6207, 0.0025
5, 0.1, 9, 0.2, 6209, 0.0025
5, 0.1, 9, 0.2, 6210, 0.0025
5, 0.1, 9, 0.2, 6211, 0.0025
5, 0.1, 9, 0.2, 6212, 0.0025
5, 0.1, 9, 0.2, 6213, 0.0025
5, 0.1, 9, 0.2, 6214, 0.0025
5, 0.1, 9, 0.2, 6215, 0.0025
5, 0.1, 9, 0.2, 6216, 0.0025
5, 0.1, 9, 0.2, 6217, 0.0025
5, 0.1, 9, 0.2, 6218, 0.0025
5, 0.1, 18, 0.2, 6219, 0.0025
5, 0.1, 18, 0.2, 6220, 0.0025
5, 0.1, 18, 0.2, 6221, 0.0025
5, 0.1, 18, 0.2, 6222, 0.0025
5, 0.1, 18, 0.2, 6223, 0.0025
5, 0.1, 14, 0.2, 6333, 0.0025
5, 0.1, 14, 0.2, 6334, 0.0025
5, 0.1, 14, 0.2, 6335, 0.0025
5, 0.1, 14, 0.2, 6336, 0.0025
5, 0.1, 14, 0.2, 6337, 0.0025
5, 0.1, 14, 0.2, 6338, 0.0025
5, 0.1, 9, 0.2, 6342, 0.0025
5, 0.1, 9, 0.2, 6343, 0.0025
5, 0.1, 9, 0.2, 6344, 0.0025
5, 0.1, 9, 0.2, 6345, 0.0025
5, 0.1, 9, 0.2, 6346, 0.0025
5, 0.1, 9, 0.2, 6347, 0.0025
5, 0.1, 9, 0.2, 6348, 0.0025
5, 0.1, 9, 0.2, 6349, 0.0025
5, 0.1, 18, 0.2, 6350, 0.0025
5, 0.1, 18, 0.2, 6351, 0.0025
5, 0.1, 18, 0.2, 6352, 0.0025
5, 0.1, 18, 0.2, 6353, 0.0025
5, 0.1, 18, 0.2, 6354, 0.0025
5, 0.1, 18, 0.2, 6355, 0.0025
5, 0.1, 14, 0.2, 6463, 0.0025
5, 0.1, 14, 0.2, 6464, 0.0025
5, 0.1, 14, 0.2, 6465, 0.0025
5, 0.1, 14, 0.2, 6466, 0.0025
5, 0.1, 14, 0.2, 6467, 0.0025
5, 0.1, 14, 0.2, 6468, 0.0025
5, 0.1, 14, 0.2, 6469, 0.0025
5, 0.1, 19, 0.2, 6472, 0.0025
5, 0.1, 19, 0.2, 6473, 0.0025
5, 0.1, 19, 0.2, 6474, 0.0025
5, 0.1, 19, 0.2, 6475, 0.0025
5, 0.1, 9, 0.2, 6476, 0.0025
5, 0.1, 9, 0.2, 6477, 0.0025
5, 0.1, 9, 0.2, 6478, 0.0025
5, 0.1, 9, 0.2, 6479, 0.0025
5, 0.1, 18, 0.2, 6480, 0.0025
5, 0.1, 18, 0.2, 6481, 0.0025
5, 0.1, 18, 0.2, 6482, 0.0025
5, 0.1, 18, 0.2, 6483, 0.0025
5, 0.1, 18, 0.2, 6484, 0.0025
5, 0.1, 18, 0.2, 6485, 0.0025
5, 0.1, 18, 0.2, 6486, 0.0025
5, 0.1, 18, 0.2, 6487, 0.0025
5, 0.1, 14, 0.2, 6595, 0.0025
5, 0.1, 14, 0.2, 6596, 0.0025
5, 0.1, 14, 0.2, 6597, 0.0025
5, 0.1, 14, 0.2, 6598, 0.0025
5, 0.1, 14, 0.2, 6599, 0.0025
5, 0.1, 14, 0.2, 6600, 0.0025
5, 0.1, 14, 0.2, 6601, 0.0025
5, 0.1, 19, 0.2, 6603, 0.0025
5, 0.1, 19, 0.2, 6604, 0.0025
5, 0.1, 19, 0.2, 6605, 0.0025
5, 0.1, 19, 0.2, 6606, 0.0025
5, 0.1, 19, 0.2, 6607, 0.0025
5, 0.1, 19, 0.2, 6608, 0.0025
5, 0.1, 19, 0.2, 6609, 0.0025
5, 0.1, 9, 0.2, 6611, 0.0025
5, 0.1, 18, 0.2, 6612, 0.0025
5, 0.1, 18, 0.2, 6613, 0.0025
5, 0.1, 18, 0.2, 6614, 0.0025
5, 0.1, 18, 0.2, 6615, 0.0025
5, 0.1, 18, 0.2, 6616, 0.0025
5, 0.1, 18, 0.2, 6617, 0.0025
5, 0.1, 18, 0.2, 6618, 0.0025
5, 0.1, 18, 0.2, 6619, 0.0025
5, 0.1, 14, 0.2, 6727, 0.0025
5, 0.1, 14, 0.2, 6728, 0.0025
5, 0.1, 14, 0.2, 6729, 0.0025
5, 0.1, 14, 0.2, 6730, 0.0025
5, 0.1, 14, 0.2, 6731, 0.0025
5, 0.1, 14, 0.2, 6732, 0.0025
5, 0.1, 14, 0.2, 6733, 0.0025
5, 0.1, 14, 0.2, 6734, 0.0025
5, 0.1, 19, 0.2, 6736, 0.0025
5, 0.1, 19, 0.2, 6737, 0.0025
5, 0.1, 19, 0.2, 6738, 0.0025
5, 0.1, 19, 0.2, 6739, 0.0025
5, 0.1, 19, 0.2, 6740, 0.0025
5, 0.1, 19, 0.2, 6741, 0.0025
5, 0.1, 19, 0.2, 6742, 0.0025
5, 0.1, 18, 0.2, 6745, 0.0025
5, 0.1, 18, 0.2, 6746, 0.0025
5, 0.1, 18, 0.2, 6747, 0.0025
5, 0.1, 18, 0.2, 6748, 0.0025
5, 0.1, 18, 0.2, 6749, 0.0025
5, 0.1, 18, 0.2, 6750, 0.0025
5, 0.1, 18, 0.2, 6751, 0.0025
5, 0.1, 18, 0.2, 6752, 0.0025
5, 0.1, 14, 0.2, 6861, 0.0025
5, 0.1, 14, 0.2, 6862, 0.0025
5, 0.1, 14, 0.2, 6863, 0.0025
5, 0.1, 14, 0.2, 6864, 0.0025
5, 0.1, 14, 0.2, 6865, 0.0025
5, 0.1, 14, 0.2, 6866, 0.0025
5, 0.1, 14, 0.2, 6867, 0.0025
5, 0.1, 19, 0.2, 6869, 0.0025
5, 0.1, 19, 0.2, 6870, 0.0025
5, 0.1, 19, 0.2, 6871, 0.0025
5, 0.1, 19, 0.2, 6872, 0.0025
5, 0.1, 19, 0.2, 6873, 0.0025
5, 0.1, 19, 0.2, 6874, 0.0025
5, 0.1, 19, 0.2, 6875, 0.0025
5, 0.1, 19, 0.2, 6876, 0.0025
5, 0.1, 18, 0.2, 6878, 0.0025
5, 0.1, 18, 0.2, 6879, 0.0025
5, 0.1, 18, 0.2, 6880, 0.0025
5, 0.1, 18, 0.2, 6881, 0.0025
5, 0.1, 14, 0.2, 6994, 0.0025
5, 0.1, 14, 0.2, 6995, 0.0025
5, 0.1, 14, 0.2, 6996, 0.0025
5, 0.1, 14, 0.2, 6997, 0.0025
5, 0.1, 14, 0.2, 6998, 0.0025
5, 0.1, 14, 0.2, 6999, 0.0025
5, 0.1, 14, 0.2, 7000, 0.0025
5, 0.1, 19, 0.2, 7003, 0.0025
5, 0.1, 19, 0.2, 7004, 0.0025
5, 0.1, 19, 0.2, 7005, 0.0025
5, 0.1, 19, 0.2, 7006, 0.0025
5, 0.1, 19, 0.2, 7007, 0.0025
5, 0.1, 19, 0.2, 7008, 0.0025
5, 0.1, 19, 0.2, 7009, 0.0025
5, 0.1, 19, 0.2, 7010, 0.0025
5, 0.1, 18, 0.2, 7012, 0.0025
5, 0.1, 18, 0.2, 7013, 0.0025
5, 0.1, 18, 0.2, 7014, 0.0025
5, 0.1, 18, 0.2, 7015, 0.0025
5, 0.1, 14, 0.2, 7129, 0.0025
5, 0.1, 14, 0.2, 7130, 0.0025
5, 0.1, 14, 0.2, 7131, 0.0025
5, 0.1, 14, 0.2, 7132, 0.0025
5, 0.1, 14, 0.2, 7133, 0.0025
5, 0.1, 14, 0.2, 7134, 0.0025
5, 0.1, 19, 0.2, 7136, 0.0025
5, 0.1, 19, 0.2, 7137, 0.0025
5, 0.1, 19, 0.2, 7138, 0.0025
5, 0.1, 19, 0.2, 7139, 0.0025
5, 0.1, 19, 0.2, 7140, 0.0025
5, 0.1, 19, 0.2, 7141, 0.0025
5, 0.1, 19, 0.2, 7142, 0.0025
5, 0.1, 19, 0.2, 7143, 0.0025
5, 0.1, 19, 0.2, 7144, 0.0025
5, 0.1, 18, 0.2, 7146, 0.0025
5, 0.1, 18, 0.2, 7147, 0.0025
5, 0.1, 18, 0.2, 7148, 0.0025
5, 0.1, 18, 0.2, 7149, 0.0025
5, 0.1, 18, 0.2, 7150, 0.0025
5, 0.1, 14, 0.2, 7267, 0.0025
5, 0.1, 14, 0.2, 7269, 0.0025
5, 0.1, 14, 0.2, 7270, 0.0025
5, 0.1, 19, 0.2, 7271, 0.0025
5, 0.1, 19, 0.2, 7272, 0.0025
5, 0.1, 19, 0.2, 7273, 0.0025
5, 0.1, 19, 0.2, 7274, 0.0025
5, 0.1, 19, 0.2, 7275, 0.0025
5, 0.1, 19, 0.2, 7276, 0.0025
5, 0.1, 19, 0.2, 7277, 0.0025
5, 0.1, 19, 0.2, 7278, 0.0025
5, 0.1, 19, 0.2, 7279, 0.0025
5, 0.1, 19, 0.2, 7280, 0.0025
5, 0.1, 19, 0.2, 7281, 0.0025
5, 0.1, 18, 0.2, 7282, 0.0025
5, 0.1, 18, 0.2, 7283, 0.0025
5, 0.1, 18, 0.2, 7284, 0.0025
5, 0.1, 18, 0.2, 7285, 0.0025
5, 0.1, 18, 0.2, 7286, 0.0025
5, 0.1, 14, 0.2, 7404, 0.0025
5, 0.1, 19, 0.2, 7407, 0.0025
5, 0.1, 19, 0.2, 7408, 0.0025
5, 0.1, 19, 0.2, 7409, 0.0025
5, 0.1, 19, 0.2, 7410, 0.0025
5, 0.1, 19, 0.2, 7411, 0.0025
5, 0.1, 19, 0.2, 7412, 0.0025
5, 0.1, 19, 0.2, 7413, 0.0025
5, 0.1, 19, 0.2, 7414, 0.0025
5, 0.1, 19, 0.2, 7415, 0.0025
5, 0.1, 19, 0.2, 7416, 0.0025
5, 0.1, 18, 0.2, 7418, 0.0025
5, 0.1, 18, 0.2, 7419, 0.0025
5, 0.1, 18, 0.2, 7420, 0.0025
5, 0.1, 18, 0.2, 7421, 0.0025
5, 0.1, 18, 0.2, 7422, 0.0025
5, 0.1, 14, 0.2, 7538, 0.0025
5, 0.1, 14, 0.2, 7539, 0.0025
5, 0.1, 14, 0.2, 7540, 0.0025
5, 0.1, 14, 0.2, 7541, 0.0025
5, 0.1, 14, 0.2, 7542, 0.0025
5, 0.1, 14, 0.2, 7543, 0.0025
5, 0.1, 19, 0.2, 7545, 0.0025
5, 0.1, 19, 0.2, 7546, 0.0025
5, 0.1, 19, 0.2, 7547, 0.0025
5, 0.1, 19, 0.2, 7548, 0.0025
5, 0.1, 19, 0.2, 7549, 0.0025
5, 0.1, 19, 0.2, 7550, 0.0025
5, 0.1, 19, 0.2, 7551, 0.0025
5, 0.1, 19, 0.2, 7552, 0.0025
5, 0.1, 19, 0.2, 7553, 0.0025
5, 0.1, 18, 0.2, 7555, 0.0025
5, 0.1, 18, 0.2, 7556, 0.0025
5, 0.1, 18, 0.2, 7557, 0.0025
5, 0.1, 18, 0.2, 7558, 0.0025
5, 0.1, 18, 0.2, 7559, 0.0025
5, 0.1, 14, 0.2, 7677, 0.0025
5, 0.1, 14, 0.2, 7678, 0.0025
5, 0.1, 14, 0.2, 7679, 0.0025
5, 0.1, 14, 0.2, 7680, 0.0025
5, 0.1, 14, 0.2, 7681, 0.0025
5, 0.1, 19, 0.2, 7684, 0.0025
5, 0.1, 19, 0.2, 7685, 0.0025
5, 0.1, 19, 0.2, 7686, 0.0025
5, 0.1, 19, 0.2, 7687, 0.0025
5, 0.1, 19, 0.2, 7688, 0.0025
5, 0.1, 19, 0.2, 7689, 0.0025
5, 0.1, 19, 0.2, 7690, 0.0025
5, 0.1, 18, 0.2, 7693, 0.0025
5, 0.1, 18, 0.2, 7694, 0.0025
5, 0.1, 18, 0.2, 7695, 0.0025
5, 0.1, 18, 0.2, 7696, 0.0025
5, 0.1, 19, 0.2, 7824, 0.0025
5, 0.1, 18, 0.2, 7832, 0.0025
5, 0.1, 18, 0.2, 7833, 0.0025
5, 0.1, 18, 0.2, 7834, 0.0025
5, 0.1, 18, 0.2, 7835, 0.0025
5, 0.1, 18, 0.2, 7971, 0.0025
5, 0.1, 18, 0.2, 7972, 0.0025
5, 0.1, 18, 0.2, 7973, 0.0025
5, 0.1, 18, 0.2, 7974, 0.0025
5, 0.1, 18, 0.2, 8111, 0.0025
5, 0.1, 18, 0.2, 8112, 0.0025
5, 0.1, 18, 0.2, 8113, 0.0025
5, 0.1, 18, 0.2, 8252, 0.0025
5, 0.1, 18, 0.2, 8253, 0.0025
5, 0.1, 25, 0.2, 9428, 0.0025
5, 0.1, 25, 0.2, 9577, 0.0025
5, 0.1, 25, 0.2, 9578, 0.0025
5, 0.1, 25, 0.2, 9717, 0.0025
5, 0.1, 25, 0.2, 9718, 0.0025
5, 0.1, 25, 0.2, 9719, 0.0025
5, 0.1, 25, 0.2, 9720, 0.0025
5, 0.1, 25, 0.2, 9847, 0.0025
5, 0.1, 25, 0.2, 9849, 0.0025
5, 0.1, 25, 0.2, 9850, 0.0025
5, 0.1, 25, 0.2, 9851, 0.0025
5, 0.1, 25, 0.2, 9852, 0.0025
5, 0.1, 25, 0.2, 9975, 0.0025
5, 0.1, 25, 0.2, 9976, 0.0025
5, 0.1, 25, 0.2, 9977, 0.0025
5, 0.1, 25, 0.2, 10090, 0.0025
5, 0.1, 25, 0.2, 10093, 0.0025
5, 0.1, 25, 0.2, 10095, 0.0025
5, 0.1, 25, 0.2, 10096, 0.0025
5, 0.1, 25, 0.2, 10097, 0.0025
5, 0.1, 25, 0.2, 10203, 0.0025
5, 0.1, 25, 0.2, 10204, 0.0025
5, 0.1, 25, 0.2, 10205, 0.0025
5, 0.1, 25, 0.2, 10206, 0.0025
5, 0.1, 25, 0.2, 10210, 0.0025
5, 0.1, 25, 0.2, 10211, 0.0025
5, 0.1, 25, 0.2, 10212, 0.0025
5, 0.1, 25, 0.2, 10213, 0.0025
5, 0.1, 25, 0.2, 10319, 0.0025
5, 0.1, 25, 0.2, 10321, 0.0025
5, 0.1, 25, 0.2, 10322, 0.0025
5, 0.1, 25, 0.2, 10323, 0.0025
5, 0.1, 25, 0.2, 10324, 0.0025
5, 0.1, 25, 0.2, 10328, 0.0025
5, 0.1, 25, 0.2, 10329, 0.0025
5, 0.1, 25, 0.2, 10330, 0.0025
5, 0.1, 25, 0.2, 10435, 0.0025
5, 0.1, 25, 0.2, 10436, 0.0025
5, 0.1, 25, 0.2, 10437, 0.0025
5, 0.1, 25, 0.2, 10438, 0.0025
5, 0.1, 25, 0.2, 10439, 0.0025
5, 0.1, 25, 0.2, 10440, 0.0025
5, 0.1, 25, 0.2, 10441, 0.0025
5, 0.1, 25, 0.2, 10442, 0.0025
5, 0.1, 25, 0.2, 10445, 0.0025
5, 0.1, 25, 0.2, 10446, 0.0025
5, 0.1, 25, 0.2, 10447, 0.0025
5, 0.1, 25, 0.2, 10551, 0.0025
5, 0.1, 25, 0.2, 10552, 0.0025
5, 0.1, 25, 0.2, 10555, 0.0025
5, 0.1, 25, 0.2, 10556, 0.0025
5, 0.1, 25, 0.2, 10557, 0.0025
5, 0.1, 25, 0.2, 10558, 0.0025
5, 0.1, 25, 0.2, 10559, 0.0025
5, 0.1, 25, 0.2, 10560, 0.0025
5, 0.1, 25, 0.2, 10564, 0.0025
5, 0.1, 25, 0.2, 10565, 0.0025
5, 0.1, 25, 0.2, 10566, 0.0025
5, 0.1, 25, 0.2, 10670, 0.0025
5, 0.1, 25, 0.2, 10673, 0.0025
5, 0.1, 25, 0.2, 10674, 0.0025
5, 0.1, 25, 0.2, 10675, 0.0025
5, 0.1, 25, 0.2, 10676, 0.0025
5, 0.1, 25, 0.2, 10677, 0.0025
5, 0.1, 25, 0.2, 10678, 0.0025
5, 0.1, 25, 0.2, 10681, 0.0025
5, 0.1, 25, 0.2, 10682, 0.0025
5, 0.1, 25, 0.2, 10683, 0.0025
5, 0.1, 25, 0.2, 10787, 0.0025
5, 0.1, 25, 0.2, 10788, 0.0025
5, 0.1, 25, 0.2, 10789, 0.0025
5, 0.1, 25, 0.2, 10790, 0.0025
5, 0.1, 25, 0.2, 10791, 0.0025
5, 0.1, 25, 0.2, 10792, 0.0025
5, 0.1, 25, 0.2, 10793, 0.0025
5, 0.1, 25, 0.2, 10796, 0.0025
5, 0.1, 25, 0.2, 10797, 0.0025
5, 0.1, 25, 0.2, 10798, 0.0025
5, 0.1, 25, 0.2, 10897, 0.0025
5, 0.1, 25, 0.2, 10898, 0.0025
5, 0.1, 25, 0.2, 10899, 0.0025
5, 0.15000000000000002, 9, 0.2, 5452, 0.0025
5, 0.15000000000000002, 9, 0.2, 5569, 0.0025
5, 0.15000000000000002, 9, 0.2, 5570, 0.0025
5, 0.15000000000000002, 9, 0.2, 5571, 0.0025
5, 0.15000000000000002, 9, 0.2, 5572, 0.0025
5, 0.15000000000000002, 9, 0.2, 5573, 0.0025
5, 0.15000000000000002, 9, 0.2, 5574, 0.0025
5, 0.15000000000000002, 9, 0.2, 5575, 0.0025
5, 0.15000000000000002, 9, 0.2, 5576, 0.0025
5, 0.15000000000000002, 9, 0.2, 5577, 0.0025
5, 0.15000000000000002, 9, 0.2, 5579, 0.0025
5, 0.15000000000000002, 14, 0.2, 5692, 0.0025
5, 0.15000000000000002, 14, 0.2, 5693, 0.0025
5, 0.15000000000000002, 9, 0.2, 5695, 0.0025
5, 0.15000000000000002, 9, 0.2, 5696, 0.0025
5, 0.15000000000000002, 9, 0.2, 5697, 0.0025
5, 0.15000000000000002, 9, 0.2, 5698, 0.0025
5, 0.15000000000000002, 9, 0.2, 5699, 0.0025
5, 0.15000000000000002, 9, 0.2, 5700, 0.0025
5, 0.15000000000000002, 9, 0.2, 5701, 0.0025
5, 0.15000000000000002, 9, 0.2, 5702, 0.0025
5, 0.15000000000000002, 9, 0.2, 5703, 0.0025
5, 0.15000000000000002, 9, 0.2, 5704, 0.0025
5, 0.15000000000000002, 9, 0.2, 5705, 0.0025
5, 0.15000000000000002, 14, 0.2, 5820, 0.0025
5, 0.15000000000000002, 14, 0.2, 5821, 0.0025
5, 0.15000000000000002, 9, 0.2, 5822, 0.0025
5, 0.15000000000000002, 9, 0.2, 5823, 0.0025
5, 0.15000000000000002, 9, 0.2, 5824, 0.0025
5, 0.15000000000000002, 9, 0.2, 5825, 0.0025
5, 0.15000000000000002, 9, 0.2, 5826, 0.0025
5, 0.15000000000000002, 9, 0.2, 5827, 0.0025
5, 0.15000000000000002, 9, 0.2, 5828, 0.0025
5, 0.15000000000000002, 9, 0.2, 5829, 0.0025
5, 0.15000000000000002, 9, 0.2, 5830, 0.0025
5, 0.15000000000000002, 9, 0.2, 5831, 0.0025
5, 0.15000000000000002, 9, 0.2, 5832, 0.0025
5, 0.15000000000000002, 9, 0.2, 5833, 0.0025
5, 0.15000000000000002, 14, 0.2, 5946, 0.0025
5, 0.15000000000000002, 14, 0.2, 5947, 0.0025
5, 0.15000000000000002, 14, 0.2, 5948, 0.0025
5, 0.15000000000000002, 14, 0.2, 5949, 0.0025
5, 0.15000000000000002, 9, 0.2, 5950, 0.0025
5, 0.15000000000000002, 9, 0.2, 5951, 0.0025
5, 0.15000000000000002, 9, 0.2, 5952, 0.0025
5, 0.15000000000000002, 9, 0.2, 5953, 0.0025
5, 0.15000000000000002, 9, 0.2, 5954, 0.0025
5, 0.15000000000000002, 9, 0.2, 5955, 0.0025
5, 0.15000000000000002, 9, 0.2, 5956, 0.0025
5, 0.15000000000000002, 9, 0.2, 5957, 0.0025
5, 0.15000000000000002, 9, 0.2, 5958, 0.0025
5, 0.15000000000000002, 9, 0.2, 5959, 0.0025
5, 0.15000000000000002, 9, 0.2, 5960, 0.0025
5, 0.15000000000000002, 9, 0.2, 5961, 0.0025
5, 0.15000000000000002, 14, 0.2, 6075, 0.0025
5, 0.15000000000000002, 14, 0.2, 6076, 0.0025
5, 0.15000000000000002, 14, 0.2, 6077, 0.0025
5, 0.15000000000000002, 14, 0.2, 6078, 0.0025
5, 0.15000000000000002, 9, 0.2, 6079, 0.0025
5, 0.15000000000000002, 9, 0.2, 6080, 0.0025
5, 0.15000000000000002, 9, 0.2, 6081, 0.0025
5, 0.15000000000000002, 9, 0.2, 6082, 0.0025
5, 0.15000000000000002, 9, 0.2, 6083, 0.0025
5, 0.15000000000000002, 9, 0.2, 6084, 0.0025
5, 0.15000000000000002, 9, 0.2, 6085, 0.0025
5, 0.15000000000000002, 9, 0.2, 6086, 0.0025
5, 0.15000000000000002, 9, 0.2, 6087, 0.0025
5, 0.15000000000000002, 9, 0.2, 6088, 0.0025
5, 0.15000000000000002, 9, 0.2, 6089, 0.0025
5, 0.15000000000000002, 9, 0.2, 6090, 0.0025
5, 0.15000000000000002, 14, 0.2, 6202, 0.0025
5, 0.15000000000000002, 14, 0.2, 6203, 0.0025
5, 0.15000000000000002, 14, 0.2, 6204, 0.0025
5, 0.15000000000000002, 14, 0.2, 6205, 0.0025
5, 0.15000000000000002, 14, 0.2, 6206, 0.0025
5, 0.15000000000000002, 14, 0.2, 6207, 0.0025
5, 0.15000000000000002, 9, 0.2, 6209, 0.0025
5, 0.15000000000000002, 9, 0.2, 6210, 0.0025
5, 0.15000000000000002, 9, 0.2, 6211, 0.0025
5, 0.15000000000000002, 9, 0.2, 6212, 0.0025
5, 0.15000000000000002, 9, 0.2, 6213, 0.0025
5, 0.15000000000000002, 9, 0.2, 6214, 0.0025
5, 0.15000000000000002, 9, 0.2, 6215, 0.0025
5, 0.15000000000000002, 9, 0.2, 6216, 0.0025
5, 0.15000000000000002, 9, 0.2, 6217, 0.0025
5, 0.15000000000000002, 9, 0.2, 6218, 0.0025
5, 0.15000000000000002, 14, 0.2, 6333, 0.0025
5, 0.15000000000000002, 14, 0.2, 6334, 0.0025
5, 0.15000000000000002, 14, 0.2, 6335, 0.0025
5, 0.15000000000000002, 14, 0.2, 6336, 0.0025
5, 0.15000000000000002, 14, 0.2, 6337, 0.0025
5, 0.15000000000000002, 14, 0.2, 6338, 0.0025
5, 0.15000000000000002, 9, 0.2, 6342, 0.0025
5, 0.15000000000000002, 9, 0.2, 6343, 0.0025
5, 0.15000000000000002, 9, 0.2, 6344, 0.0025
5, 0.15000000000000002, 9, 0.2, 6345, 0.0025
5, 0.15000000000000002, 9, 0.2, 6346, 0.0025
5, 0.15000000000000002, 9, 0.2, 6347, 0.0025
5, 0.15000000000000002, 9, 0.2, 6348, 0.0025
5, 0.15000000000000002, 9, 0.2, 6349, 0.0025
5, 0.15000000000000002, 14, 0.2, 6463, 0.0025
5, 0.15000000000000002, 14, 0.2, 6464, 0.0025
5, 0.15000000000000002, 14, 0.2, 6465, 0.0025
5, 0.15000000000000002, 14, 0.2, 6466, 0.0025
5, 0.15000000000000002, 14, 0.2, 6467, 0.0025
5, 0.15000000000000002, 14, 0.2, 6468, 0.0025
5, 0.15000000000000002, 14, 0.2, 6469, 0.0025
5, 0.15000000000000002, 19, 0.2, 6472, 0.0025
5, 0.15000000000000002, 19, 0.2, 6473, 0.0025
5, 0.15000000000000002, 19, 0.2, 6474, 0.0025
5, 0.15000000000000002, 19, 0.2, 6475, 0.0025
5, 0.15000000000000002, 9, 0.2, 6476, 0.0025
5, 0.15000000000000002, 9, 0.2, 6477, 0.0025
5, 0.15000000000000002, 9, 0.2, 6478, 0.0025
5, 0.15000000000000002, 9, 0.2, 6479, 0.0025
5, 0.15000000000000002, 14, 0.2, 6595, 0.0025
5, 0.15000000000000002, 14, 0.2, 6596, 0.0025
5, 0.15000000000000002, 14, 0.2, 6597, 0.0025
5, 0.15000000000000002, 14, 0.2, 6598, 0.0025
5, 0.15000000000000002, 14, 0.2, 6599, 0.0025
5, 0.15000000000000002, 14, 0.2, 6600, 0.0025
5, 0.15000000000000002, 14, 0.2, 6601, 0.0025
5, 0.15000000000000002, 19, 0.2, 6603, 0.0025
5, 0.15000000000000002, 19, 0.2, 6604, 0.0025
5, 0.15000000000000002, 19, 0.2, 6605, 0.0025
5, 0.15000000000000002, 19, 0.2, 6606, 0.0025
5, 0.15000000000000002, 19, 0.2, 6607, 0.0025
5, 0.15000000000000002, 19, 0.2, 6608, 0.0025
5, 0.15000000000000002, 19, 0.2, 6609, 0.0025
5, 0.15000000000000002, 9, 0.2, 6611, 0.0025
5, 0.15000000000000002, 14, 0.2, 6727, 0.0025
5, 0.15000000000000002, 14, 0.2, 6728, 0.0025
5, 0.15000000000000002, 14, 0.2, 6729, 0.0025
5, 0.15000000000000002, 14, 0.2, 6730, 0.0025
5, 0.15000000000000002, 14, 0.2, 6731, 0.0025
5, 0.15000000000000002, 14, 0.2, 6732, 0.0025
5, 0.15000000000000002, 14, 0.2, 6733, 0.0025
5, 0.15000000000000002, 14, 0.2, 6734, 0.0025
5, 0.15000000000000002, 19, 0.2, 6736, 0.0025
5, 0.15000000000000002, 19, 0.2, 6737, 0.0025
5, 0.15000000000000002, 19, 0.2, 6738, 0.0025
5, 0.15000000000000002, 19, 0.2, 6739, 0.0025
5, 0.15000000000000002, 19, 0.2, 6740, 0.0025
5, 0.15000000000000002, 19, 0.2, 6741, 0.0025
5, 0.15000000000000002, 19, 0.2, 6742, 0.0025
5, 0.15000000000000002, 14, 0.2, 6861, 0.0025
5, 0.15000000000000002, 14, 0.2, 6862, 0.0025
5, 0.15000000000000002, 14, 0.2, 6863, 0.0025
5, 0.15000000000000002, 14, 0.2, 6864, 0.0025
5, 0.15000000000000002, 14, 0.2, 6865, 0.0025
5, 0.15000000000000002, 14, 0.2, 6866, 0.0025
5, 0.15000000000000002, 14, 0.2, 6867, 0.0025
5, 0.15000000000000002, 19, 0.2, 6869, 0.0025
5, 0.15000000000000002, 19, 0.2, 6870, 0.0025
5, 0.15000000000000002, 19, 0.2, 6871, 0.0025
5, 0.15000000000000002, 19, 0.2, 6872, 0.0025
5, 0.15000000000000002, 19, 0.2, 6873, 0.0025
5, 0.15000000000000002, 19, 0.2, 6874, 0.0025
5, 0.15000000000000002, 19, 0.2, 6875, 0.0025
5, 0.15000000000000002, 19, 0.2, 6876, 0.0025
5, 0.15000000000000002, 14, 0.2, 6994, 0.0025
5, 0.15000000000000002, 14, 0.2, 6995, 0.0025
5, 0.15000000000000002, 14, 0.2, 6996, 0.0025
5, 0.15000000000000002, 14, 0.2, 6997, 0.0025
5, 0.15000000000000002, 14, 0.2, 6998, 0.0025
5, 0.15000000000000002, 14, 0.2, 6999, 0.0025
5, 0.15000000000000002, 14, 0.2, 7000, 0.0025
5, 0.15000000000000002, 19, 0.2, 7003, 0.0025
5, 0.15000000000000002, 19, 0.2, 7004, 0.0025
5, 0.15000000000000002, 19, 0.2, 7005, 0.0025
5, 0.15000000000000002, 19, 0.2, 7006, 0.0025
5, 0.15000000000000002, 19, 0.2, 7007, 0.0025
5, 0.15000000000000002, 19, 0.2, 7008, 0.0025
5, 0.15000000000000002, 19, 0.2, 7009, 0.0025
5, 0.15000000000000002, 19, 0.2, 7010, 0.0025
5, 0.15000000000000002, 14, 0.2, 7129, 0.0025
5, 0.15000000000000002, 14, 0.2, 7130, 0.0025
5, 0.15000000000000002, 14, 0.2, 7131, 0.0025
5, 0.15000000000000002, 14, 0.2, 7132, 0.0025
5, 0.15000000000000002, 14, 0.2, 7133, 0.0025
5, 0.15000000000000002, 14, 0.2, 7134, 0.0025
5, 0.15000000000000002, 19, 0.2, 7136, 0.0025
5, 0.15000000000000002, 19, 0.2, 7137, 0.0025
5, 0.15000000000000002, 19, 0.2, 7138, 0.0025
5, 0.15000000000000002, 19, 0.2, 7139, 0.0025
5, 0.15000000000000002, 19, 0.2, 7140, 0.0025
5, 0.15000000000000002, 19, 0.2, 7141, 0.0025
5, 0.15000000000000002, 19, 0.2, 7142, 0.0025
5, 0.15000000000000002, 19, 0.2, 7143, 0.0025
5, 0.15000000000000002, 19, 0.2, 7144, 0.0025
5, 0.15000000000000002, 14, 0.2, 7267, 0.0025
5, 0.15000000000000002, 14, 0.2, 7269, 0.0025
5, 0.15000000000000002, 14, 0.2, 7270, 0.0025
5, 0.15000000000000002, 19, 0.2, 7271, 0.0025
5, 0.15000000000000002, 19, 0.2, 7272, 0.0025
5, 0.15000000000000002, 19, 0.2, 7273, 0.0025
5, 0.15000000000000002, 19, 0.2, 7274, 0.0025
5, 0.15000000000000002, 19, 0.2, 7275, 0.0025
5, 0.15000000000000002, 19, 0.2, 7276, 0.0025
5, 0.15000000000000002, 19, 0.2, 7277, 0.0025
5, 0.15000000000000002, 19, 0.2, 7278, 0.0025
5, 0.15000000000000002, 19, 0.2, 7279, 0.0025
5, 0.15000000000000002, 19, 0.2, 7280, 0.0025
5, 0.15000000000000002, 19, 0.2, 7281, 0.0025
5, 0.15000000000000002, 14, 0.2, 7404, 0.0025
5, 0.15000000000000002, 19, 0.2, 7407, 0.0025
5, 0.15000000000000002, 19, 0.2, 7408, 0.0025
5, 0.15000000000000002, 19, 0.2, 7409, 0.0025
5, 0.15000000000000002, 19, 0.2, 7410, 0.0025
5, 0.15000000000000002, 19, 0.2, 7411, 0.0025
5, 0.15000000000000002, 19, 0.2, 7412, 0.0025
5, 0.15000000000000002, 19, 0.2, 7413, 0.0025
5, 0.15000000000000002, 19, 0.2, 7414, 0.0025
5, 0.15000000000000002, 19, 0.2, 7415, 0.0025
5, 0.15000000000000002, 19, 0.2, 7416, 0.0025
5, 0.15000000000000002, 14, 0.2, 7538, 0.0025
5, 0.15000000000000002, 14, 0.2, 7539, 0.0025
5, 0.15000000000000002, 14, 0.2, 7540, 0.0025
5, 0.15000000000000002, 14, 0.2, 7541, 0.0025
5, 0.15000000000000002, 14, 0.2, 7542, 0.0025
5, 0.15000000000000002, 14, 0.2, 7543, 0.0025
5, 0.15000000000000002, 19, 0.2, 7545, 0.0025
5, 0.15000000000000002, 19, 0.2, 7546, 0.0025
5, 0.15000000000000002, 19, 0.2, 7547, 0.0025
5, 0.15000000000000002, 19, 0.2, 7548, 0.0025
5, 0.15000000000000002, 19, 0.2, 7549, 0.0025
5, 0.15000000000000002, 19, 0.2, 7550, 0.0025
5, 0.15000000000000002, 19, 0.2, 7551, 0.0025
5, 0.15000000000000002, 19, 0.2, 7552, 0.0025
5, 0.15000000000000002, 19, 0.2, 7553, 0.0025
5, 0.15000000000000002, 14, 0.2, 7677, 0.0025
5, 0.15000000000000002, 14, 0.2, 7678, 0.0025
5, 0.15000000000000002, 14, 0.2, 7679, 0.0025
5, 0.15000000000000002, 14, 0.2, 7680, 0.0025
5, 0.15000000000000002, 14, 0.2, 7681, 0.0025
5, 0.15000000000000002, 19, 0.2, 7684, 0.0025
5, 0.15000000000000002, 19, 0.2, 7685, 0.0025
5, 0.15000000000000002, 19, 0.2, 7686, 0.0025
5, 0.15000000000000002, 19, 0.2, 7687, 0.0025
5, 0.15000000000000002, 19, 0.2, 7688, 0.0025
5, 0.15000000000000002, 19, 0.2, 7689, 0.0025
5, 0.15000000000000002, 19, 0.2, 7690, 0.0025
5, 0.15000000000000002, 19, 0.2, 7824, 0.0025
5, 0.15000000000000002, 25, 0.2, 9428, 0.0025
5, 0.15000000000000002, 25, 0.2, 9577, 0.0025
5, 0.15000000000000002, 25, 0.2, 9578, 0.0025
5, 0.15000000000000002, 25, 0.2, 9717, 0.0025
5, 0.15000000000000002, 25, 0.2, 9718, 0.0025
5, 0.15000000000000002, 25, 0.2, 9719, 0.0025
5, 0.15000000000000002, 25, 0.2, 9720, 0.0025
5, 0.15000000000000002, 25, 0.2, 9847, 0.0025
5, 0.15000000000000002, 25, 0.2, 9849, 0.0025
5, 0.15000000000000002, 25, 0.2, 9850, 0.0025
5, 0.15000000000000002, 25, 0.2, 9851, 0.0025
5, 0.15000000000000002, 25, 0.2, 9852, 0.0025
5, 0.15000000000000002, 25, 0.2, 9975, 0.0025
5, 0.15000000000000002, 25, 0.2, 9976, 0.0025
5, 0.15000000000000002, 25, 0.2, 9977, 0.0025
5, 0.15000000000000002, 25, 0.2, 10090, 0.0025
5, 0.15000000000000002, 25, 0.2, 10093, 0.0025
5, 0.15000000000000002, 25, 0.2, 10095, 0.0025
5, 0.15000000000000002, 25, 0.2, 10096, 0.0025
5, 0.15000000000000002, 25, 0.2, 10097, 0.0025
5, 0.15000000000000002, 25, 0.2, 10203, 0.0025
5, 0.15000000000000002, 25, 0.2, 10204, 0.0025
5, 0.15000000000000002, 25, 0.2, 10205, 0.0025
5, 0.15000000000000002, 25, 0.2, 10206, 0.0025
5, 0.15000000000000002, 25, 0.2, 10210, 0.0025
5, 0.15000000000000002, 25, 0.2, 10211, 0.0025
5, 0.15000000000000002, 25, 0.2, 10212, 0.0025
5, 0.15000000000000002, 25, 0.2, 10213, 0.0025
5, 0.15000000000000002, 25, 0.2, 10319, 0.0025
5, 0.15000000000000002, 25, 0.2, 10321, 0.0025
5, 0.15000000000000002, 25, 0.2, 10322, 0.0025
5, 0.15000000000000002, 25, 0.2, 10323, 0.0025
5, 0.15000000000000002, 25, 0.2, 10324, 0.0025
5, 0.15000000000000002, 25, 0.2, 10328, 0.0025
5, 0.15000000000000002, 25, 0.2, 10329, 0.0025
5, 0.15000000000000002, 25, 0.2, 10330, 0.0025
5, 0.15000000000000002, 25, 0.2, 10435, 0.0025
5, 0.15000000000000002, 25, 0.2, 10436, 0.0025
5, 0.15000000000000002, 25, 0.2, 10437, 0.0025
5, 0.15000000000000002, 25, 0.2, 10438, 0.0025
5, 0.15000000000000002, 25, 0.2, 10439, 0.0025
5, 0.15000000000000002, 25, 0.2, 10440, 0.0025
5, 0.15000000000000002, 25, 0.2, 10441, 0.0025
5, 0.15000000000000002, 25, 0.2, 10442, 0.0025
5, 0.15000000000000002, 25, 0.2, 10445, 0.0025
5, 0.15000000000000002, 25, 0.2, 10446, 0.0025
5, 0.15000000000000002, 25, 0.2, 10447, 0.0025
5, 0.15000000000000002, 25, 0.2, 10551, 0.0025
5, 0.15000000000000002, 25, 0.2, 10552, 0.0025
5, 0.15000000000000002, 25, 0.2, 10555, 0.0025
5, 0.15000000000000002, 25, 0.2, 10556, 0.0025
5, 0.15000000000000002, 25, 0.2, 10557, 0.0025
5, 0.15000000000000002, 25, 0.2, 10558, 0.0025
5, 0.15000000000000002, 25, 0.2, 10559, 0.0025
5, 0.15000000000000002, 25, 0.2, 10560, 0.0025
5, 0.15000000000000002, 25, 0.2, 10564, 0.0025
5, 0.15000000000000002, 25, 0.2, 10565, 0.0025
5, 0.15000000000000002, 25, 0.2, 10566, 0.0025
5, 0.15000000000000002, 25, 0.2, 10670, 0.0025
5, 0.15000000000000002, 25, 0.2, 10673, 0.0025
5, 0.15000000000000002, 25, 0.2, 10674, 0.0025
5, 0.15000000000000002, 25, 0.2, 10675, 0.0025
5, 0.15000000000000002, 25, 0.2, 10676, 0.0025
5, 0.15000000000000002, 25, 0.2, 10677, 0.0025
5, 0.15000000000000002, 25, 0.2, 10678, 0.0025
5, 0.15000000000000002, 25, 0.2, 10681, 0.0025
5, 0.15000000000000002, 25, 0.2, 10682, 0.0025
5, 0.15000000000000002, 25, 0.2, 10683, 0.0025
5, 0.15000000000000002, 25, 0.2, 10787, 0.0025
5, 0.15000000000000002, 25, 0.2, 10788, 0.0025
5, 0.15000000000000002, 25, 0.2, 10789, 0.0025
5, 0.15000000000000002, 25, 0.2, 10790, 0.0025
5, 0.15000000000000002, 25, 0.2, 10791, 0.0025
5, 0.15000000000000002, 25, 0.2, 10792, 0.0025
5, 0.15000000000000002, 25, 0.2, 10793, 0.0025
5, 0.15000000000000002, 25, 0.2, 10796, 0.0025
5, 0.15000000000000002, 25, 0.2, 10797, 0.0025
5, 0.15000000000000002, 25, 0.2, 10798, 0.0025
5, 0.15000000000000002, 25, 0.2, 10897, 0.0025
5, 0.15000000000000002, 25, 0.2, 10898, 0.0025
5, 0.15000000000000002, 25, 0.2, 10899, 0.0025
5, 0.15000000000000002, 41, 0.2, 16651, 0.0025
5, 0.15000000000000002, 41, 0.2, 16653, 0.0025
5, 0.15000000000000002, 41, 0.2, 16754, 0.0025
5, 0.15000000000000002, 41, 0.2, 16755, 0.0025
5, 0.15000000000000002, 41, 0.2, 16870, 0.0025
5, 0.15000000000000002, 41, 0.2, 16876, 0.0025
5, 0.15000000000000002, 41, 0.2, 16877, 0.0025
5, 0.15000000000000002, 41, 0.2, 16986, 0.0025
5, 0.15000000000000002, 41, 0.2, 16987, 0.0025
5, 0.15000000000000002, 41, 0.2, 17087, 0.0025
5, 0.15000000000000002, 41, 0.2, 17091, 0.0025
5, 0.15000000000000002, 41, 0.2, 17092, 0.0025
5, 0.15000000000000002, 41, 0.2, 17093, 0.0025
5, 0.15000000000000002, 41, 0.2, 17094, 0.0025
5, 0.15000000000000002, 41, 0.2, 17095, 0.0025
5, 0.15000000000000002, 41, 0.2, 17190, 0.0025
5, 0.15000000000000002, 41, 0.2, 17197, 0.0025
5, 0.15000000000000002, 41, 0.2, 17198, 0.0025
5, 0.15000000000000002, 41, 0.2, 17200, 0.0025
5, 0.15000000000000002, 41, 0.2, 17293, 0.0025
5, 0.15000000000000002, 41, 0.2, 17295, 0.0025
5, 0.15000000000000002, 41, 0.2, 17299, 0.0025
5, 0.15000000000000002, 41, 0.2, 17301, 0.0025
5, 0.15000000000000002, 41, 0.2, 17303, 0.0025
5, 0.15000000000000002, 41, 0.2, 17395, 0.0025
5, 0.15000000000000002, 41, 0.2, 17401, 0.0025
5, 0.15000000000000002, 41, 0.2, 17402, 0.0025
5, 0.15000000000000002, 41, 0.2, 17404, 0.0025
5, 0.15000000000000002, 41, 0.2, 17405, 0.0025
5, 0.15000000000000002, 41, 0.2, 17503, 0.0025
5, 0.15000000000000002, 41, 0.2, 17504, 0.0025
5, 0.15000000000000002, 41, 0.2, 17505, 0.0025
5, 0.15000000000000002, 41, 0.2, 17506, 0.0025
5, 0.15000000000000002, 41, 0.2, 17508, 0.0025
5, 0.15000000000000002, 41, 0.2, 17509, 0.0025
5, 0.15000000000000002, 41, 0.2, 17602, 0.0025
5, 0.15000000000000002, 41, 0.2, 17603, 0.0025
5, 0.15000000000000002, 41, 0.2, 17604, 0.0025
5, 0.15000000000000002, 41, 0.2, 17605, 0.0025
5, 0.15000000000000002, 41, 0.2, 17606, 0.0025
5, 0.15000000000000002, 41, 0.2, 17607, 0.0025
5, 0.15000000000000002, 41, 0.2, 17608, 0.0025
5, 0.15000000000000002, 41, 0.2, 17609, 0.0025
5, 0.15000000000000002, 41, 0.2, 17696, 0.0025
5, 0.15000000000000002, 41, 0.2, 17697, 0.0025
5, 0.15000000000000002, 41, 0.2, 17698, 0.0025
5, 0.15000000000000002, 41, 0.2, 17699, 0.0025
5, 0.15000000000000002, 41, 0.2, 17700, 0.0025
5, 0.15000000000000002, 41, 0.2, 17702, 0.0025
5, 0.15000000000000002, 41, 0.2, 17703, 0.0025
5, 0.15000000000000002, 41, 0.2, 17704, 0.0025
5, 0.15000000000000002, 41, 0.2, 17790, 0.0025
5, 0.15000000000000002, 41, 0.2, 17791, 0.0025
5, 0.15000000000000002, 41, 0.2, 17792, 0.0025
5, 0.15000000000000002, 41, 0.2, 17793, 0.0025
5, 0.15000000000000002, 41, 0.2, 17794, 0.0025
5, 0.15000000000000002, 41, 0.2, 17795, 0.0025
5, 0.15000000000000002, 41, 0.2, 17797, 0.0025
5, 0.15000000000000002, 41, 0.2, 17885, 0.0025
5, 0.15000000000000002, 41, 0.2, 17888, 0.0025
5, 0.15000000000000002, 41, 0.2, 17889, 0.0025
5, 0.15000000000000002, 41, 0.2, 17890, 0.0025
5, 0.15000000000000002, 41, 0.2, 17892, 0.0025
5, 0.15000000000000002, 41, 0.2, 17976, 0.0025
5, 0.15000000000000002, 41, 0.2, 17977, 0.0025
5, 0.15000000000000002, 41, 0.2, 17978, 0.0025
5, 0.15000000000000002, 41, 0.2, 17979, 0.0025
5, 0.15000000000000002, 41, 0.2, 17980, 0.0025
5, 0.15000000000000002, 41, 0.2, 17982, 0.0025
5, 0.15000000000000002, 41, 0.2, 18060, 0.0025
5, 0.15000000000000002, 41, 0.2, 18062, 0.0025
5, 0.15000000000000002, 41, 0.2, 18064, 0.0025
5, 0.15000000000000002, 41, 0.2, 18066, 0.0025
5, 0.15000000000000002, 41, 0.2, 18149, 0.0025
5, 0.15000000000000002, 41, 0.2, 18150, 0.0025
5, 0.15000000000000002, 41, 0.2, 18157, 0.0025
5, 0.15000000000000002, 41, 0.2, 18230, 0.0025
5, 0.15000000000000002, 41, 0.2, 18232, 0.0025
5, 0.15000000000000002, 41, 0.2, 18233, 0.0025
5, 0.15000000000000002, 41, 0.2, 18234, 0.0025
5, 0.15000000000000002, 41, 0.2, 18235, 0.0025
5, 0.2, 9, 0.2, 5452, 0.0025
5, 0.2, 9, 0.2, 5569, 0.0025
5, 0.2, 9, 0.2, 5570, 0.0025
5, 0.2, 9, 0.2, 5571, 0.0025
5, 0.2, 9, 0.2, 5572, 0.0025
5, 0.2, 9, 0.2, 5573, 0.0025
5, 0.2, 9, 0.2, 5574, 0.0025
5, 0.2, 9, 0.2, 5575, 0.0025
5, 0.2, 9, 0.2, 5576, 0.0025
5, 0.2, 9, 0.2, 5577, 0.0025
5, 0.2, 9, 0.2, 5579, 0.0025
5, 0.2, 14, 0.2, 5692, 0.0025
5, 0.2, 14, 0.2, 5693, 0.0025
5, 0.2, 9, 0.2, 5695, 0.0025
5, 0.2, 9, 0.2, 5696, 0.0025
5, 0.2, 9, 0.2, 5697, 0.0025
5, 0.2, 9, 0.2, 5698, 0.0025
5, 0.2, 9, 0.2, 5699, 0.0025
5, 0.2, 9, 0.2, 5700, 0.0025
5, 0.2, 9, 0.2, 5701, 0.0025
5, 0.2, 9, 0.2, 5702, 0.0025
5, 0.2, 9, 0.2, 5703, 0.0025
5, 0.2, 9, 0.2, 5704, 0.0025
5, 0.2, 9, 0.2, 5705, 0.0025
5, 0.2, 14, 0.2, 5820, 0.0025
5, 0.2, 14, 0.2, 5821, 0.0025
5, 0.2, 9, 0.2, 5822, 0.0025
5, 0.2, 9, 0.2, 5823, 0.0025
5, 0.2, 9, 0.2, 5824, 0.0025
5, 0.2, 9, 0.2, 5825, 0.0025
5, 0.2, 9, 0.2, 5826, 0.0025
5, 0.2, 9, 0.2, 5827, 0.0025
5, 0.2, 9, 0.2, 5828, 0.0025
5, 0.2, 9, 0.2, 5829, 0.0025
5, 0.2, 9, 0.2, 5830, 0.0025
5, 0.2, 9, 0.2, 5831, 0.0025
5, 0.2, 9, 0.2, 5832, 0.0025
5, 0.2, 9, 0.2, 5833, 0.0025
5, 0.2, 14, 0.2, 5946, 0.0025
5, 0.2, 14, 0.2, 5947, 0.0025
5, 0.2, 14, 0.2, 5948, 0.0025
5, 0.2, 14, 0.2, 5949, 0.0025
5, 0.2, 9, 0.2, 5950, 0.0025
5, 0.2, 9, 0.2, 5951, 0.0025
5, 0.2, 9, 0.2, 5952, 0.0025
5, 0.2, 9, 0.2, 5953, 0.0025
5, 0.2, 9, 0.2, 5954, 0.0025
5, 0.2, 9, 0.2, 5955, 0.0025
5, 0.2, 9, 0.2, 5956, 0.0025
5, 0.2, 9, 0.2, 5957, 0.0025
5, 0.2, 9, 0.2, 5958, 0.0025
5, 0.2, 9, 0.2, 5959, 0.0025
5, 0.2, 9, 0.2, 5960, 0.0025
5, 0.2, 9, 0.2, 5961, 0.0025
5, 0.2, 14, 0.2, 6075, 0.0025
5, 0.2, 14, 0.2, 6076, 0.0025
5, 0.2, 14, 0.2, 6077, 0.0025
5, 0.2, 14, 0.2, 6078, 0.0025
5, 0.2, 9, 0.2, 6079, 0.0025
5, 0.2, 9, 0.2, 6080, 0.0025
5, 0.2, 9, 0.2, 6081, 0.0025
5, 0.2, 9, 0.2, 6082, 0.0025
5, 0.2, 9, 0.2, 6083, 0.0025
5, 0.2, 9, 0.2, 6084, 0.0025
5, 0.2, 9, 0.2, 6085, 0.0025
5, 0.2, 9, 0.2, 6086, 0.0025
5, 0.2, 9, 0.2, 6087, 0.0025
5, 0.2, 9, 0.2, 6088, 0.0025
5, 0.2, 9, 0.2, 6089, 0.0025
5, 0.2, 9, 0.2, 6090, 0.0025
5, 0.2, 14, 0.2, 6202, 0.0025
5, 0.2, 14, 0.2, 6203, 0.0025
5, 0.2, 14, 0.2, 6204, 0.0025
5, 0.2, 14, 0.2, 6205, 0.0025
5, 0.2, 14, 0.2, 6206, 0.0025
5, 0.2, 14, 0.2, 6207, 0.0025
5, 0.2, 9, 0.2, 6209, 0.0025
5, 0.2, 9, 0.2, 6210, 0.0025
5, 0.2, 9, 0.2, 6211, 0.0025
5, 0.2, 9, 0.2, 6212, 0.0025
5, 0.2, 9, 0.2, 6213, 0.0025
5, 0.2, 9, 0.2, 6214, 0.0025
5, 0.2, 9, 0.2, 6215, 0.0025
5, 0.2, 9, 0.2, 6216, 0.0025
5, 0.2, 9, 0.2, 6217, 0.0025
5, 0.2, 9, 0.2, 6218, 0.0025
5, 0.2, 14, 0.2, 6333, 0.0025
5, 0.2, 14, 0.2, 6334, 0.0025
5, 0.2, 14, 0.2, 6335, 0.0025
5, 0.2, 14, 0.2, 6336, 0.0025
5, 0.2, 14, 0.2, 6337, 0.0025
5, 0.2, 14, 0.2, 6338, 0.0025
5, 0.2, 9, 0.2, 6342, 0.0025
5, 0.2, 9, 0.2, 6343, 0.0025
5, 0.2, 9, 0.2, 6344, 0.0025
5, 0.2, 9, 0.2, 6345, 0.0025
5, 0.2, 9, 0.2, 6346, 0.0025
5, 0.2, 9, 0.2, 6347, 0.0025
5, 0.2, 9, 0.2, 6348, 0.0025
5, 0.2, 9, 0.2, 6349, 0.0025
5, 0.2, 14, 0.2, 6463, 0.0025
5, 0.2, 14, 0.2, 6464, 0.0025
5, 0.2, 14, 0.2, 6465, 0.0025
5, 0.2, 14, 0.2, 6466, 0.0025
5, 0.2, 14, 0.2, 6467, 0.0025
5, 0.2, 14, 0.2, 6468, 0.0025
5, 0.2, 14, 0.2, 6469, 0.0025
5, 0.2, 19, 0.2, 6472, 0.0025
5, 0.2, 19, 0.2, 6473, 0.0025
5, 0.2, 19, 0.2, 6474, 0.0025
5, 0.2, 19, 0.2, 6475, 0.0025
5, 0.2, 9, 0.2, 6476, 0.0025
5, 0.2, 9, 0.2, 6477, 0.0025
5, 0.2, 9, 0.2, 6478, 0.0025
5, 0.2, 9, 0.2, 6479, 0.0025
5, 0.2, 14, 0.2, 6595, 0.0025
5, 0.2, 14, 0.2, 6596, 0.0025
5, 0.2, 14, 0.2, 6597, 0.0025
5, 0.2, 14, 0.2, 6598, 0.0025
5, 0.2, 14, 0.2, 6599, 0.0025
5, 0.2, 14, 0.2, 6600, 0.0025
5, 0.2, 14, 0.2, 6601, 0.0025
5, 0.2, 19, 0.2, 6603, 0.0025
5, 0.2, 19, 0.2, 6604, 0.0025
5, 0.2, 19, 0.2, 6605, 0.0025
5, 0.2, 19, 0.2, 6606, 0.0025
5, 0.2, 19, 0.2, 6607, 0.0025
5, 0.2, 19, 0.2, 6608, 0.0025
5, 0.2, 19, 0.2, 6609, 0.0025
5, 0.2, 9, 0.2, 6611, 0.0025
5, 0.2, 14, 0.2, 6727, 0.0025
5, 0.2, 14, 0.2, 6728, 0.0025
5, 0.2, 14, 0.2, 6729, 0.0025
5, 0.2, 14, 0.2, 6730, 0.0025
5, 0.2, 14, 0.2, 6731, 0.0025
5, 0.2, 14, 0.2, 6732, 0.0025
5, 0.2, 14, 0.2, 6733, 0.0025
5, 0.2, 14, 0.2, 6734, 0.0025
5, 0.2, 19, 0.2, 6736, 0.0025
5, 0.2, 19, 0.2, 6737, 0.0025
5, 0.2, 19, 0.2, 6738, 0.0025
5, 0.2, 19, 0.2, 6739, 0.0025
5, 0.2, 19, 0.2, 6740, 0.0025
5, 0.2, 19, 0.2, 6741, 0.0025
5, 0.2, 19, 0.2, 6742, 0.0025
5, 0.2, 14, 0.2, 6861, 0.0025
5, 0.2, 14, 0.2, 6862, 0.0025
5, 0.2, 14, 0.2, 6863, 0.0025
5, 0.2, 14, 0.2, 6864, 0.0025
5, 0.2, 14, 0.2, 6865, 0.0025
5, 0.2, 14, 0.2, 6866, 0.0025
5, 0.2, 14, 0.2, 6867, 0.0025
5, 0.2, 19, 0.2, 6869, 0.0025
5, 0.2, 19, 0.2, 6870, 0.0025
5, 0.2, 19, 0.2, 6871, 0.0025
5, 0.2, 19, 0.2, 6872, 0.0025
5, 0.2, 19, 0.2, 6873, 0.0025
5, 0.2, 19, 0.2, 6874, 0.0025
5, 0.2, 19, 0.2, 6875, 0.0025
5, 0.2, 19, 0.2, 6876, 0.0025
5, 0.2, 14, 0.2, 6994, 0.0025
5, 0.2, 14, 0.2, 6995, 0.0025
5, 0.2, 14, 0.2, 6996, 0.0025
5, 0.2, 14, 0.2, 6997, 0.0025
5, 0.2, 14, 0.2, 6998, 0.0025
5, 0.2, 14, 0.2, 6999, 0.0025
5, 0.2, 14, 0.2, 7000, 0.0025
5, 0.2, 19, 0.2, 7003, 0.0025
5, 0.2, 19, 0.2, 7004, 0.0025
5, 0.2, 19, 0.2, 7005, 0.0025
5, 0.2, 19, 0.2, 7006, 0.0025
5, 0.2, 19, 0.2, 7007, 0.0025
5, 0.2, 19, 0.2, 7008, 0.0025
5, 0.2, 19, 0.2, 7009, 0.0025
5, 0.2, 19, 0.2, 7010, 0.0025
5, 0.2, 14, 0.2, 7129, 0.0025
5, 0.2, 14, 0.2, 7130, 0.0025
5, 0.2, 14, 0.2, 7131, 0.0025
5, 0.2, 14, 0.2, 7132, 0.0025
5, 0.2, 14, 0.2, 7133, 0.0025
5, 0.2, 14, 0.2, 7134, 0.0025
5, 0.2, 19, 0.2, 7136, 0.0025
5, 0.2, 19, 0.2, 7137, 0.0025
5, 0.2, 19, 0.2, 7138, 0.0025
5, 0.2, 19, 0.2, 7139, 0.0025
5, 0.2, 19, 0.2, 7140, 0.0025
5, 0.2, 19, 0.2, 7141, 0.0025
5, 0.2, 19, 0.2, 7142, 0.0025
5, 0.2, 19, 0.2, 7143, 0.0025
5, 0.2, 19, 0.2, 7144, 0.0025
5, 0.2, 14, 0.2, 7267, 0.0025
5, 0.2, 14, 0.2, 7269, 0.0025
5, 0.2, 14, 0.2, 7270, 0.0025
5, 0.2, 19, 0.2, 7271, 0.0025
5, 0.2, 19, 0.2, 7272, 0.0025
5, 0.2, 19, 0.2, 7273, 0.0025
5, 0.2, 19, 0.2, 7274, 0.0025
5, 0.2, 19, 0.2, 7275, 0.0025
5, 0.2, 19, 0.2, 7276, 0.0025
5, 0.2, 19, 0.2, 7277, 0.0025
5, 0.2, 19, 0.2, 7278, 0.0025
5, 0.2, 19, 0.2, 7279, 0.0025
5, 0.2, 19, 0.2, 7280, 0.0025
5, 0.2, 19, 0.2, 7281, 0.0025
5, 0.2, 14, 0.2, 7404, 0.0025
5, 0.2, 19, 0.2, 7407, 0.0025
5, 0.2, 19, 0.2, 7408, 0.0025
5, 0.2, 19, 0.2, 7409, 0.0025
5, 0.2, 19, 0.2, 7410, 0.0025
5, 0.2, 19, 0.2, 7411, 0.0025
5, 0.2, 19, 0.2, 7412, 0.0025
5, 0.2, 19, 0.2, 7413, 0.0025
5, 0.2, 19, 0.2, 7414, 0.0025
5, 0.2, 19, 0.2, 7415, 0.0025
5, 0.2, 19, 0.2, 7416, 0.0025
5, 0.2, 14, 0.2, 7538, 0.0025
5, 0.2, 14, 0.2, 7539, 0.0025
5, 0.2, 14, 0.2, 7540, 0.0025
5, 0.2, 14, 0.2, 7541, 0.0025
5, 0.2, 14, 0.2, 7542, 0.0025
5, 0.2, 14, 0.2, 7543, 0.0025
5, 0.2, 19, 0.2, 7545, 0.0025
5, 0.2, 19, 0.2, 7546, 0.0025
5, 0.2, 19, 0.2, 7547, 0.0025
5, 0.2, 19, 0.2, 7548, 0.0025
5, 0.2, 19, 0.2, 7549, 0.0025
5, 0.2, 19, 0.2, 7550, 0.0025
5, 0.2, 19, 0.2, 7551, 0.0025
5, 0.2, 19, 0.2, 7552, 0.0025
5, 0.2, 19, 0.2, 7553, 0.0025
5, 0.2, 14, 0.2, 7677, 0.0025
5, 0.2, 14, 0.2, 7678, 0.0025
5, 0.2, 14, 0.2, 7679, 0.0025
5, 0.2, 14, 0.2, 7680, 0.0025
5, 0.2, 14, 0.2, 7681, 0.0025
5, 0.2, 19, 0.2, 7684, 0.0025
5, 0.2, 19, 0.2, 7685, 0.0025
5, 0.2, 19, 0.2, 7686, 0.0025
5, 0.2, 19, 0.2, 7687, 0.0025
5, 0.2, 19, 0.2, 7688, 0.0025
5, 0.2, 19, 0.2, 7689, 0.0025
5, 0.2, 19, 0.2, 7690, 0.0025
5, 0.2, 19, 0.2, 7824, 0.0025
5, 0.2, 25, 0.2, 9428, 0.0025
5, 0.2, 25, 0.2, 9577, 0.0025
5, 0.2, 25, 0.2, 9578, 0.0025
5, 0.2, 25, 0.2, 9717, 0.0025
5, 0.2, 25, 0.2, 9718, 0.0025
5, 0.2, 25, 0.2, 9719, 0.0025
5, 0.2, 25, 0.2, 9720, 0.0025
5, 0.2, 25, 0.2, 9847, 0.0025
5, 0.2, 25, 0.2, 9849, 0.0025
5, 0.2, 25, 0.2, 9850, 0.0025
5, 0.2, 25, 0.2, 9851, 0.0025
5, 0.2, 25, 0.2, 9852, 0.0025
5, 0.2, 25, 0.2, 9975, 0.0025
5, 0.2, 25, 0.2, 9976, 0.0025
5, 0.2, 25, 0.2, 9977, 0.0025
5, 0.2, 25, 0.2, 10090, 0.0025
5, 0.2, 25, 0.2, 10093, 0.0025
5, 0.2, 25, 0.2, 10095, 0.0025
5, 0.2, 25, 0.2, 10096, 0.0025
5, 0.2, 25, 0.2, 10097, 0.0025
5, 0.2, 25, 0.2, 10203, 0.0025
5, 0.2, 25, 0.2, 10204, 0.0025
5, 0.2, 25, 0.2, 10205, 0.0025
5, 0.2, 25, 0.2, 10206, 0.0025
5, 0.2, 25, 0.2, 10210, 0.0025
5, 0.2, 25, 0.2, 10211, 0.0025
5, 0.2, 25, 0.2, 10212, 0.0025
5, 0.2, 25, 0.2, 10213, 0.0025
5, 0.2, 25, 0.2, 10319, 0.0025
5, 0.2, 25, 0.2, 10321, 0.0025
5, 0.2, 25, 0.2, 10322, 0.0025
5, 0.2, 25, 0.2, 10323, 0.0025
5, 0.2, 25, 0.2, 10324, 0.0025
5, 0.2, 25, 0.2, 10328, 0.0025
5, 0.2, 25, 0.2, 10329, 0.0025
5, 0.2, 25, 0.2, 10330, 0.0025
5, 0.2, 25, 0.2, 10435, 0.0025
5, 0.2, 25, 0.2, 10436, 0.0025
5, 0.2, 25, 0.2, 10437, 0.0025
5, 0.2, 25, 0.2, 10438, 0.0025
5, 0.2, 25, 0.2, 10439, 0.0025
5, 0.2, 25, 0.2, 10440, 0.0025
5, 0.2, 25, 0.2, 10441, 0.0025
5, 0.2, 25, 0.2, 10442, 0.0025
5, 0.2, 25, 0.2, 10445, 0.0025
5, 0.2, 25, 0.2, 10446, 0.0025
5, 0.2, 25, 0.2, 10447, 0.0025
5, 0.2, 25, 0.2, 10551, 0.0025
5, 0.2, 25, 0.2, 10552, 0.0025
5, 0.2, 25, 0.2, 10555, 0.0025
5, 0.2, 25, 0.2, 10556, 0.0025
5, 0.2, 25, 0.2, 10557, 0.0025
5, 0.2, 25, 0.2, 10558, 0.0025
5, 0.2, 25, 0.2, 10559, 0.0025
5, 0.2, 25, 0.2, 10560, 0.0025
5, 0.2, 25, 0.2, 10564, 0.0025
5, 0.2, 25, 0.2, 10565, 0.0025
5, 0.2, 25, 0.2, 10566, 0.0025
5, 0.2, 25, 0.2, 10670, 0.0025
5, 0.2, 25, 0.2, 10673, 0.0025
5, 0.2, 25, 0.2, 10674, 0.0025
5, 0.2, 25, 0.2, 10675, 0.0025
5, 0.2, 25, 0.2, 10676, 0.0025
5, 0.2, 25, 0.2, 10677, 0.0025
5, 0.2, 25, 0.2, 10678, 0.0025
5, 0.2, 25, 0.2, 10681, 0.0025
5, 0.2, 25, 0.2, 10682, 0.0025
5, 0.2, 25, 0.2, 10683, 0.0025
5, 0.2, 25, 0.2, 10787, 0.0025
5, 0.2, 25, 0.2, 10788, 0.0025
5, 0.2, 25, 0.2, 10789, 0.0025
5, 0.2, 25, 0.2, 10790, 0.0025
5, 0.2, 25, 0.2, 10791, 0.0025
5, 0.2, 25, 0.2, 10792, 0.0025
5, 0.2, 25, 0.2, 10793, 0.0025
5, 0.2, 25, 0.2, 10796, 0.0025
5, 0.2, 25, 0.2, 10797, 0.0025
5, 0.2, 25, 0.2, 10798, 0.0025
5, 0.2, 25, 0.2, 10897, 0.0025
5, 0.2, 25, 0.2, 10898, 0.0025
5, 0.2, 25, 0.2, 10899, 0.0025
5, 0.2, 41, 0.2, 16651, 0.0025
5, 0.2, 41, 0.2, 16653, 0.0025
5, 0.2, 41, 0.2, 16754, 0.0025
5, 0.2, 41, 0.2, 16755, 0.0025
5, 0.2, 41, 0.2, 16870, 0.0025
5, 0.2, 41, 0.2, 16876, 0.0025
5, 0.2, 41, 0.2, 16877, 0.0025
5, 0.2, 41, 0.2, 16986, 0.0025
5, 0.2, 41, 0.2, 16987, 0.0025
5, 0.2, 41, 0.2, 17087, 0.0025
5, 0.2, 41, 0.2, 17091, 0.0025
5, 0.2, 41, 0.2, 17092, 0.0025
5, 0.2, 41, 0.2, 17093, 0.0025
5, 0.2, 41, 0.2, 17094, 0.0025
5, 0.2, 41, 0.2, 17095, 0.0025
5, 0.2, 41, 0.2, 17190, 0.0025
5, 0.2, 41, 0.2, 17197, 0.0025
5, 0.2, 41, 0.2, 17198, 0.0025
5, 0.2, 41, 0.2, 17200, 0.0025
5, 0.2, 41, 0.2, 17293, 0.0025
5, 0.2, 41, 0.2, 17295, 0.0025
5, 0.2, 41, 0.2, 17299, 0.0025
5, 0.2, 41, 0.2, 17301, 0.0025
5, 0.2, 41, 0.2, 17303, 0.0025
5, 0.2, 41, 0.2, 17395, 0.0025
5, 0.2, 41, 0.2, 17401, 0.0025
5, 0.2, 41, 0.2, 17402, 0.0025
5, 0.2, 41, 0.2, 17404, 0.0025
5, 0.2, 41, 0.2, 17405, 0.0025
5, 0.2, 41, 0.2, 17503, 0.0025
5, 0.2, 41, 0.2, 17504, 0.0025
5, 0.2, 41, 0.2, 17505, 0.0025
5, 0.2, 41, 0.2, 17506, 0.0025
5, 0.2, 41, 0.2, 17508, 0.0025
5, 0.2, 41, 0.2, 17509, 0.0025
5, 0.2, 41, 0.2, 17602, 0.0025
5, 0.2, 41, 0.2, 17603, 0.0025
5, 0.2, 41, 0.2, 17604, 0.0025
5, 0.2, 41, 0.2, 17605, 0.0025
5, 0.2, 41, 0.2, 17606, 0.0025
5, 0.2, 41, 0.2, 17607, 0.0025
5, 0.2, 41, 0.2, 17608, 0.0025
5, 0.2, 41, 0.2, 17609, 0.0025
5, 0.2, 41, 0.2, 17696, 0.0025
5, 0.2, 41, 0.2, 17697, 0.0025
5, 0.2, 41, 0.2, 17698, 0.0025
5, 0.2, 41, 0.2, 17699, 0.0025
5, 0.2, 41, 0.2, 17700, 0.0025
5, 0.2, 41, 0.2, 17702, 0.0025
5, 0.2, 41, 0.2, 17703, 0.0025
5, 0.2, 41, 0.2, 17704, 0.0025
5, 0.2, 41, 0.2, 17790, 0.0025
5, 0.2, 41, 0.2, 17791, 0.0025
5, 0.2, 41, 0.2, 17792, 0.0025
5, 0.2, 41, 0.2, 17793, 0.0025
5, 0.2, 41, 0.2, 17794, 0.0025
5, 0.2, 41, 0.2, 17795, 0.0025
5, 0.2, 41, 0.2, 17797, 0.0025
5, 0.2, 41, 0.2, 17885, 0.0025
5, 0.2, 41, 0.2, 17888, 0.0025
5, 0.2, 41, 0.2, 17889, 0.0025
5, 0.2, 41, 0.2, 17890, 0.0025
5, 0.2, 41, 0.2, 17892, 0.0025
5, 0.2, 41, 0.2, 17976, 0.0025
5, 0.2, 41, 0.2, 17977, 0.0025
5, 0.2, 41, 0.2, 17978, 0.0025
5, 0.2, 41, 0.2, 17979, 0.0025
5, 0.2, 41, 0.2, 17980, 0.0025
5, 0.2, 41, 0.2, 17982, 0.0025
5, 0.2, 41, 0.2, 18060, 0.0025
5, 0.2, 41, 0.2, 18062, 0.0025
5, 0.2, 41, 0.2, 18064, 0.0025
5, 0.2, 41, 0.2, 18066, 0.0025
5, 0.2, 41, 0.2, 18149, 0.0025
5, 0.2, 41, 0.2, 18150, 0.0025
5, 0.2, 41, 0.2, 18157, 0.0025
5, 0.2, 41, 0.2, 18230, 0.0025
5, 0.2, 41, 0.2, 18232, 0.0025
5, 0.2, 41, 0.2, 18233, 0.0025
5, 0.2, 41, 0.2, 18234, 0.0025
5, 0.2, 41, 0.2, 18235, 0.0025
5, 0.25, 1, 0.2, 460, 0.0025
5, 0.25, 1, 0.2, 462, 0.0025
5, 0.25, 1, 0.2, 501, 0.0025
5, 0.25, 1, 0.2, 503, 0.0025
5, 0.25, 1, 0.2, 507, 0.0025
5, 0.25, 1, 0.2, 548, 0.0025
5, 0.25, 1, 0.2, 549, 0.0025
5, 0.25, 1, 0.2, 550, 0.0025
5, 0.25, 1, 0.2, 551, 0.0025
5, 0.25, 1, 0.2, 552, 0.0025
5, 0.25, 1, 0.2, 553, 0.0025
5, 0.25, 1, 0.2, 554, 0.0025
5, 0.25, 1, 0.2, 596, 0.0025
5, 0.25, 1, 0.2, 597, 0.0025
5, 0.25, 1, 0.2, 598, 0.0025
5, 0.25, 1, 0.2, 599, 0.0025
5, 0.25, 1, 0.2, 600, 0.0025
5, 0.25, 1, 0.2, 601, 0.0025
5, 0.25, 1, 0.2, 602, 0.0025
5, 0.25, 1, 0.2, 603, 0.0025
5, 0.25, 1, 0.2, 604, 0.0025
5, 0.25, 1, 0.2, 648, 0.0025
5, 0.25, 1, 0.2, 649, 0.0025
5, 0.25, 1, 0.2, 650, 0.0025
5, 0.25, 1, 0.2, 651, 0.0025
5, 0.25, 1, 0.2, 652, 0.0025
5, 0.25, 1, 0.2, 653, 0.0025
5, 0.25, 1, 0.2, 654, 0.0025
5, 0.25, 1, 0.2, 701, 0.0025
5, 0.25, 1, 0.2, 702, 0.0025
5, 0.25, 1, 0.2, 703, 0.0025
5, 0.25, 1, 0.2, 704, 0.0025
5, 0.25, 1, 0.2, 705, 0.0025
5, 0.25, 1, 0.2, 706, 0.0025
5, 0.25, 1, 0.2, 707, 0.0025
5, 0.25, 1, 0.2, 756, 0.0025
5, 0.25, 1, 0.2, 757, 0.0025
5, 0.25, 1, 0.2, 758, 0.0025
5, 0.25, 1, 0.2, 759, 0.0025
5, 0.25, 1, 0.2, 760, 0.0025
5, 0.25, 1, 0.2, 761, 0.0025
5, 0.25, 1, 0.2, 762, 0.0025
5, 0.25, 1, 0.2, 807, 0.0025
5, 0.25, 1, 0.2, 814, 0.0025
5, 0.25, 1, 0.2, 815, 0.0025
5, 0.25, 1, 0.2, 816, 0.0025
5, 0.25, 1, 0.2, 817, 0.0025
5, 0.25, 1, 0.2, 818, 0.0025
5, 0.25, 1, 0.2, 874, 0.0025
5, 0.25, 1, 0.2, 875, 0.0025
5, 0.25, 1, 0.2, 876, 0.0025
5, 0.25, 1, 0.2, 877, 0.0025
5, 0.25, 1, 0.2, 936, 0.0025
5, 0.25, 1, 0.2, 937, 0.0025
5, 0.25, 1, 0.2, 938, 0.0025
5, 0.25, 1, 0.2, 1053, 0.0025
5, 0.25, 1, 0.2, 1119, 0.0025
5, 0.25, 1, 0.2, 1188, 0.0025
5, 0.25, 1, 0.2, 1258, 0.0025
5, 0.25, 1, 0.2, 1330, 0.0025
5, 0.25, 1, 0.2, 1331, 0.0025
5, 0.25, 1, 0.2, 1332, 0.0025
5, 0.25, 1, 0.2, 1333, 0.0025
5, 0.25, 1, 0.2, 1334, 0.0025
5, 0.25, 1, 0.2, 1406, 0.0025
5, 0.25, 1, 0.2, 1407, 0.0025
5, 0.25, 1, 0.2, 1408, 0.0025
5, 0.25, 1, 0.2, 1409, 0.0025
5, 0.25, 1, 0.2, 1410, 0.0025
5, 0.25, 1, 0.2, 1482, 0.0025
5, 0.25, 1, 0.2, 1483, 0.0025
5, 0.25, 1, 0.2, 1484, 0.0025
5, 0.25, 1, 0.2, 1485, 0.0025
5, 0.25, 1, 0.2, 1486, 0.0025
5, 0.25, 1, 0.2, 1560, 0.0025
5, 0.25, 1, 0.2, 1561, 0.0025
5, 0.25, 1, 0.2, 1562, 0.0025
5, 0.25, 1, 0.2, 1563, 0.0025
5, 0.25, 1, 0.2, 1641, 0.0025
5, 0.25, 1, 0.2, 1642, 0.0025
5, 0.25, 1, 0.2, 1724, 0.0025
5, 0.25, 14, 0.2, 5692, 0.0025
5, 0.25, 14, 0.2, 5693, 0.0025
5, 0.25, 14, 0.2, 5820, 0.0025
5, 0.25, 14, 0.2, 5821, 0.0025
5, 0.25, 14, 0.2, 5946, 0.0025
5, 0.25, 14, 0.2, 5947, 0.0025
5, 0.25, 14, 0.2, 5948, 0.0025
5, 0.25, 14, 0.2, 5949, 0.0025
5, 0.25, 14, 0.2, 6075, 0.0025
5, 0.25, 14, 0.2, 6076, 0.0025
5, 0.25, 14, 0.2, 6077, 0.0025
5, 0.25, 14, 0.2, 6078, 0.0025
5, 0.25, 14, 0.2, 6202, 0.0025
5, 0.25, 14, 0.2, 6203, 0.0025
5, 0.25, 14, 0.2, 6204, 0.0025
5, 0.25, 14, 0.2, 6205, 0.0025
5, 0.25, 14, 0.2, 6206, 0.0025
5, 0.25, 14, 0.2, 6207, 0.0025
5, 0.25, 14, 0.2, 6333, 0.0025
5, 0.25, 14, 0.2, 6334, 0.0025
5, 0.25, 14, 0.2, 6335, 0.0025
5, 0.25, 14, 0.2, 6336, 0.0025
5, 0.25, 14, 0.2, 6337, 0.0025
5, 0.25, 14, 0.2, 6338, 0.0025
5, 0.25, 14, 0.2, 6463, 0.0025
5, 0.25, 14, 0.2, 6464, 0.0025
5, 0.25, 14, 0.2, 6465, 0.0025
5, 0.25, 14, 0.2, 6466, 0.0025
5, 0.25, 14, 0.2, 6467, 0.0025
5, 0.25, 14, 0.2, 6468, 0.0025
5, 0.25, 14, 0.2, 6469, 0.0025
5, 0.25, 19, 0.2, 6472, 0.0025
5, 0.25, 19, 0.2, 6473, 0.0025
5, 0.25, 19, 0.2, 6474, 0.0025
5, 0.25, 19, 0.2, 6475, 0.0025
5, 0.25, 14, 0.2, 6595, 0.0025
5, 0.25, 14, 0.2, 6596, 0.0025
5, 0.25, 14, 0.2, 6597, 0.0025
5, 0.25, 14, 0.2, 6598, 0.0025
5, 0.25, 14, 0.2, 6599, 0.0025
5, 0.25, 14, 0.2, 6600, 0.0025
5, 0.25, 14, 0.2, 6601, 0.0025
5, 0.25, 19, 0.2, 6603, 0.0025
5, 0.25, 19, 0.2, 6604, 0.0025
5, 0.25, 19, 0.2, 6605, 0.0025
5, 0.25, 19, 0.2, 6606, 0.0025
5, 0.25, 19, 0.2, 6607, 0.0025
5, 0.25, 19, 0.2, 6608, 0.0025
5, 0.25, 19, 0.2, 6609, 0.0025
5, 0.25, 14, 0.2, 6727, 0.0025
5, 0.25, 14, 0.2, 6728, 0.0025
5, 0.25, 14, 0.2, 6729, 0.0025
5, 0.25, 14, 0.2, 6730, 0.0025
5, 0.25, 14, 0.2, 6731, 0.0025
5, 0.25, 14, 0.2, 6732, 0.0025
5, 0.25, 14, 0.2, 6733, 0.0025
5, 0.25, 14, 0.2, 6734, 0.0025
5, 0.25, 19, 0.2, 6736, 0.0025
5, 0.25, 19, 0.2, 6737, 0.0025
5, 0.25, 19, 0.2, 6738, 0.0025
5, 0.25, 19, 0.2, 6739, 0.0025
5, 0.25, 19, 0.2, 6740, 0.0025
5, 0.25, 19, 0.2, 6741, 0.0025
5, 0.25, 19, 0.2, 6742, 0.0025
5, 0.25, 14, 0.2, 6861, 0.0025
5, 0.25, 14, 0.2, 6862, 0.0025
5, 0.25, 14, 0.2, 6863, 0.0025
5, 0.25, 14, 0.2, 6864, 0.0025
5, 0.25, 14, 0.2, 6865, 0.0025
5, 0.25, 14, 0.2, 6866, 0.0025
5, 0.25, 14, 0.2, 6867, 0.0025
5, 0.25, 19, 0.2, 6869, 0.0025
5, 0.25, 19, 0.2, 6870, 0.0025
5, 0.25, 19, 0.2, 6871, 0.0025
5, 0.25, 19, 0.2, 6872, 0.0025
5, 0.25, 19, 0.2, 6873, 0.0025
5, 0.25, 19, 0.2, 6874, 0.0025
5, 0.25, 19, 0.2, 6875, 0.0025
5, 0.25, 19, 0.2, 6876, 0.0025
5, 0.25, 14, 0.2, 6994, 0.0025
5, 0.25, 14, 0.2, 6995, 0.0025
5, 0.25, 14, 0.2, 6996, 0.0025
5, 0.25, 14, 0.2, 6997, 0.0025
5, 0.25, 14, 0.2, 6998, 0.0025
5, 0.25, 14, 0.2, 6999, 0.0025
5, 0.25, 14, 0.2, 7000, 0.0025
5, 0.25, 19, 0.2, 7003, 0.0025
5, 0.25, 19, 0.2, 7004, 0.0025
5, 0.25, 19, 0.2, 7005, 0.0025
5, 0.25, 19, 0.2, 7006, 0.0025
5, 0.25, 19, 0.2, 7007, 0.0025
5, 0.25, 19, 0.2, 7008, 0.0025
5, 0.25, 19, 0.2, 7009, 0.0025
5, 0.25, 19, 0.2, 7010, 0.0025
5, 0.25, 14, 0.2, 7129, 0.0025
5, 0.25, 14, 0.2, 7130, 0.0025
5, 0.25, 14, 0.2, 7131, 0.0025
5, 0.25, 14, 0.2, 7132, 0.0025
5, 0.25, 14, 0.2, 7133, 0.0025
5, 0.25, 14, 0.2, 7134, 0.0025
5, 0.25, 19, 0.2, 7136, 0.0025
5, 0.25, 19, 0.2, 7137, 0.0025
5, 0.25, 19, 0.2, 7138, 0.0025
5, 0.25, 19, 0.2, 7139, 0.0025
5, 0.25, 19, 0.2, 7140, 0.0025
5, 0.25, 19, 0.2, 7141, 0.0025
5, 0.25, 19, 0.2, 7142, 0.0025
5, 0.25, 19, 0.2, 7143, 0.0025
5, 0.25, 19, 0.2, 7144, 0.0025
5, 0.25, 14, 0.2, 7267, 0.0025
5, 0.25, 14, 0.2, 7269, 0.0025
5, 0.25, 14, 0.2, 7270, 0.0025
5, 0.25, 19, 0.2, 7271, 0.0025
5, 0.25, 19, 0.2, 7272, 0.0025
5, 0.25, 19, 0.2, 7273, 0.0025
5, 0.25, 19, 0.2, 7274, 0.0025
5, 0.25, 19, 0.2, 7275, 0.0025
5, 0.25, 19, 0.2, 7276, 0.0025
5, 0.25, 19, 0.2, 7277, 0.0025
5, 0.25, 19, 0.2, 7278, 0.0025
5, 0.25, 19, 0.2, 7279, 0.0025
5, 0.25, 19, 0.2, 7280, 0.0025
5, 0.25, 19, 0.2, 7281, 0.0025
5, 0.25, 14, 0.2, 7404, 0.0025
5, 0.25, 19, 0.2, 7407, 0.0025
5, 0.25, 19, 0.2, 7408, 0.0025
5, 0.25, 19, 0.2, 7409, 0.0025
5, 0.25, 19, 0.2, 7410, 0.0025
5, 0.25, 19, 0.2, 7411, 0.0025
5, 0.25, 19, 0.2, 7412, 0.0025
5, 0.25, 19, 0.2, 7413, 0.0025
5, 0.25, 19, 0.2, 7414, 0.0025
5, 0.25, 19, 0.2, 7415, 0.0025
5, 0.25, 19, 0.2, 7416, 0.0025
5, 0.25, 14, 0.2, 7538, 0.0025
5, 0.25, 14, 0.2, 7539, 0.0025
5, 0.25, 14, 0.2, 7540, 0.0025
5, 0.25, 14, 0.2, 7541, 0.0025
5, 0.25, 14, 0.2, 7542, 0.0025
5, 0.25, 14, 0.2, 7543, 0.0025
5, 0.25, 19, 0.2, 7545, 0.0025
5, 0.25, 19, 0.2, 7546, 0.0025
5, 0.25, 19, 0.2, 7547, 0.0025
5, 0.25, 19, 0.2, 7548, 0.0025
5, 0.25, 19, 0.2, 7549, 0.0025
5, 0.25, 19, 0.2, 7550, 0.0025
5, 0.25, 19, 0.2, 7551, 0.0025
5, 0.25, 19, 0.2, 7552, 0.0025
5, 0.25, 19, 0.2, 7553, 0.0025
5, 0.25, 14, 0.2, 7677, 0.0025
5, 0.25, 14, 0.2, 7678, 0.0025
5, 0.25, 14, 0.2, 7679, 0.0025
5, 0.25, 14, 0.2, 7680, 0.0025
5, 0.25, 14, 0.2, 7681, 0.0025
5, 0.25, 19, 0.2, 7684, 0.0025
5, 0.25, 19, 0.2, 7685, 0.0025
5, 0.25, 19, 0.2, 7686, 0.0025
5, 0.25, 19, 0.2, 7687, 0.0025
5, 0.25, 19, 0.2, 7688, 0.0025
5, 0.25, 19, 0.2, 7689, 0.0025
5, 0.25, 19, 0.2, 7690, 0.0025
5, 0.25, 19, 0.2, 7824, 0.0025
5, 0.25, 25, 0.2, 9428, 0.0025
5, 0.25, 25, 0.2, 9577, 0.0025
5, 0.25, 25, 0.2, 9578, 0.0025
5, 0.25, 25, 0.2, 9717, 0.0025
5, 0.25, 25, 0.2, 9718, 0.0025
5, 0.25, 25, 0.2, 9719, 0.0025
5, 0.25, 25, 0.2, 9720, 0.0025
5, 0.25, 25, 0.2, 9847, 0.0025
5, 0.25, 25, 0.2, 9849, 0.0025
5, 0.25, 25, 0.2, 9850, 0.0025
5, 0.25, 25, 0.2, 9851, 0.0025
5, 0.25, 25, 0.2, 9852, 0.0025
5, 0.25, 25, 0.2, 9975, 0.0025
5, 0.25, 25, 0.2, 9976, 0.0025
5, 0.25, 25, 0.2, 9977, 0.0025
5, 0.25, 25, 0.2, 10090, 0.0025
5, 0.25, 25, 0.2, 10093, 0.0025
5, 0.25, 25, 0.2, 10095, 0.0025
5, 0.25, 25, 0.2, 10096, 0.0025
5, 0.25, 25, 0.2, 10097, 0.0025
5, 0.25, 25, 0.2, 10203, 0.0025
5, 0.25, 25, 0.2, 10204, 0.0025
5, 0.25, 25, 0.2, 10205, 0.0025
5, 0.25, 25, 0.2, 10206, 0.0025
5, 0.25, 25, 0.2, 10210, 0.0025
5, 0.25, 25, 0.2, 10211, 0.0025
5, 0.25, 25, 0.2, 10212, 0.0025
5, 0.25, 25, 0.2, 10213, 0.0025
5, 0.25, 25, 0.2, 10319, 0.0025
5, 0.25, 25, 0.2, 10321, 0.0025
5, 0.25, 25, 0.2, 10322, 0.0025
5, 0.25, 25, 0.2, 10323, 0.0025
5, 0.25, 25, 0.2, 10324, 0.0025
5, 0.25, 25, 0.2, 10328, 0.0025
5, 0.25, 25, 0.2, 10329, 0.0025
5, 0.25, 25, 0.2, 10330, 0.0025
5, 0.25, 25, 0.2, 10435, 0.0025
5, 0.25, 25, 0.2, 10436, 0.0025
5, 0.25, 25, 0.2, 10437, 0.0025
5, 0.25, 25, 0.2, 10438, 0.0025
5, 0.25, 25, 0.2, 10439, 0.0025
5, 0.25, 25, 0.2, 10440, 0.0025
5, 0.25, 25, 0.2, 10441, 0.0025
5, 0.25, 25, 0.2, 10442, 0.0025
5, 0.25, 25, 0.2, 10445, 0.0025
5, 0.25, 25, 0.2, 10446, 0.0025
5, 0.25, 25, 0.2, 10447, 0.0025
5, 0.25, 25, 0.2, 10551, 0.0025
5, 0.25, 25, 0.2, 10552, 0.0025
5, 0.25, 25, 0.2, 10555, 0.0025
5, 0.25, 25, 0.2, 10556, 0.0025
5, 0.25, 25, 0.2, 10557, 0.0025
5, 0.25, 25, 0.2, 10558, 0.0025
5, 0.25, 25, 0.2, 10559, 0.0025
5, 0.25, 25, 0.2, 10560, 0.0025
5, 0.25, 25, 0.2, 10564, 0.0025
5, 0.25, 25, 0.2, 10565, 0.0025
5, 0.25, 25, 0.2, 10566, 0.0025
5, 0.25, 25, 0.2, 10670, 0.0025
5, 0.25, 25, 0.2, 10673, 0.0025
5, 0.25, 25, 0.2, 10674, 0.0025
5, 0.25, 25, 0.2, 10675, 0.0025
5, 0.25, 25, 0.2, 10676, 0.0025
5, 0.25, 25, 0.2, 10677, 0.0025
5, 0.25, 25, 0.2, 10678, 0.0025
5, 0.25, 25, 0.2, 10681, 0.0025
5, 0.25, 25, 0.2, 10682, 0.0025
5, 0.25, 25, 0.2, 10683, 0.0025
5, 0.25, 25, 0.2, 10787, 0.0025
5, 0.25, 25, 0.2, 10788, 0.0025
5, 0.25, 25, 0.2, 10789, 0.0025
5, 0.25, 25, 0.2, 10790, 0.0025
5, 0.25, 25, 0.2, 10791, 0.0025
5, 0.25, 25, 0.2, 10792, 0.0025
5, 0.25, 25, 0.2, 10793, 0.0025
5, 0.25, 25, 0.2, 10796, 0.0025
5, 0.25, 25, 0.2, 10797, 0.0025
5, 0.25, 25, 0.2, 10798, 0.0025
5, 0.25, 25, 0.2, 10897, 0.0025
5, 0.25, 25, 0.2, 10898, 0.0025
5, 0.25, 25, 0.2, 10899, 0.0025
5, 0.25, 41, 0.2, 16651, 0.0025
5, 0.25, 41, 0.2, 16653, 0.0025
5, 0.25, 41, 0.2, 16754, 0.0025
5, 0.25, 41, 0.2, 16755, 0.0025
5, 0.25, 41, 0.2, 16870, 0.0025
5, 0.25, 41, 0.2, 16876, 0.0025
5, 0.25, 41, 0.2, 16877, 0.0025
5, 0.25, 41, 0.2, 16986, 0.0025
5, 0.25, 41, 0.2, 16987, 0.0025
5, 0.25, 41, 0.2, 17087, 0.0025
5, 0.25, 41, 0.2, 17091, 0.0025
5, 0.25, 41, 0.2, 17092, 0.0025
5, 0.25, 41, 0.2, 17093, 0.0025
5, 0.25, 41, 0.2, 17094, 0.0025
5, 0.25, 41, 0.2, 17095, 0.0025
5, 0.25, 41, 0.2, 17190, 0.0025
5, 0.25, 41, 0.2, 17197, 0.0025
5, 0.25, 41, 0.2, 17198, 0.0025
5, 0.25, 41, 0.2, 17200, 0.0025
5, 0.25, 41, 0.2, 17293, 0.0025
5, 0.25, 41, 0.2, 17295, 0.0025
5, 0.25, 41, 0.2, 17299, 0.0025
5, 0.25, 41, 0.2, 17301, 0.0025
5, 0.25, 41, 0.2, 17303, 0.0025
5, 0.25, 41, 0.2, 17395, 0.0025
5, 0.25, 41, 0.2, 17401, 0.0025
5, 0.25, 41, 0.2, 17402, 0.0025
5, 0.25, 41, 0.2, 17404, 0.0025
5, 0.25, 41, 0.2, 17405, 0.0025
5, 0.25, 41, 0.2, 17503, 0.0025
5, 0.25, 41, 0.2, 17504, 0.0025
5, 0.25, 41, 0.2, 17505, 0.0025
5, 0.25, 41, 0.2, 17506, 0.0025
5, 0.25, 41, 0.2, 17508, 0.0025
5, 0.25, 41, 0.2, 17509, 0.0025
5, 0.25, 41, 0.2, 17602, 0.0025
5, 0.25, 41, 0.2, 17603, 0.0025
5, 0.25, 41, 0.2, 17604, 0.0025
5, 0.25, 41, 0.2, 17605, 0.0025
5, 0.25, 41, 0.2, 17606, 0.0025
5, 0.25, 41, 0.2, 17607, 0.0025
5, 0.25, 41, 0.2, 17608, 0.0025
5, 0.25, 41, 0.2, 17609, 0.0025
5, 0.25, 41, 0.2, 17696, 0.0025
5, 0.25, 41, 0.2, 17697, 0.0025
5, 0.25, 41, 0.2, 17698, 0.0025
5, 0.25, 41, 0.2, 17699, 0.0025
5, 0.25, 41, 0.2, 17700, 0.0025
5, 0.25, 41, 0.2, 17702, 0.0025
5, 0.25, 41, 0.2, 17703, 0.0025
5, 0.25, 41, 0.2, 17704, 0.0025
5, 0.25, 41, 0.2, 17790, 0.0025
5, 0.25, 41, 0.2, 17791, 0.0025
5, 0.25, 41, 0.2, 17792, 0.0025
5, 0.25, 41, 0.2, 17793, 0.0025
5, 0.25, 41, 0.2, 17794, 0.0025
5, 0.25, 41, 0.2, 17795, 0.0025
5, 0.25, 41, 0.2, 17797, 0.0025
5, 0.25, 41, 0.2, 17885, 0.0025
5, 0.25, 41, 0.2, 17888, 0.0025
5, 0.25, 41, 0.2, 17889, 0.0025
5, 0.25, 41, 0.2, 17890, 0.0025
5, 0.25, 41, 0.2, 17892, 0.0025
5, 0.25, 41, 0.2, 17976, 0.0025
5, 0.25, 41, 0.2, 17977, 0.0025
5, 0.25, 41, 0.2, 17978, 0.0025
5, 0.25, 41, 0.2, 17979, 0.0025
5, 0.25, 41, 0.2, 17980, 0.0025
5, 0.25, 41, 0.2, 17982, 0.0025
5, 0.25, 41, 0.2, 18060, 0.0025
5, 0.25, 41, 0.2, 18062, 0.0025
5, 0.25, 41, 0.2, 18064, 0.0025
5, 0.25, 41, 0.2, 18066, 0.0025
5, 0.25, 41, 0.2, 18149, 0.0025
5, 0.25, 41, 0.2, 18150, 0.0025
5, 0.25, 41, 0.2, 18157, 0.0025
5, 0.25, 41, 0.2, 18230, 0.0025
5, 0.25, 41, 0.2, 18232, 0.0025
5, 0.25, 41, 0.2, 18233, 0.0025
5, 0.25, 41, 0.2, 18234, 0.0025
5, 0.25, 41, 0.2, 18235, 0.0025
5, 0.30000000000000004, 1, 0.2, 460, 0.0025
5, 0.30000000000000004, 1, 0.2, 462, 0.0025
5, 0.30000000000000004, 1, 0.2, 501, 0.0025
5, 0.30000000000000004, 1, 0.2, 503, 0.0025
5, 0.30000000000000004, 1, 0.2, 507, 0.0025
5, 0.30000000000000004, 1, 0.2, 548, 0.0025
5, 0.30000000000000004, 1, 0.2, 549, 0.0025
5, 0.30000000000000004, 1, 0.2, 550, 0.0025
5, 0.30000000000000004, 1, 0.2, 551, 0.0025
5, 0.30000000000000004, 1, 0.2, 552, 0.0025
5, 0.30000000000000004, 1, 0.2, 553, 0.0025
5, 0.30000000000000004, 1, 0.2, 554, 0.0025
5, 0.30000000000000004, 1, 0.2, 596, 0.0025
5, 0.30000000000000004, 1, 0.2, 597, 0.0025
5, 0.30000000000000004, 1, 0.2, 598, 0.0025
5, 0.30000000000000004, 1, 0.2, 599, 0.0025
5, 0.30000000000000004, 1, 0.2, 600, 0.0025
5, 0.30000000000000004, 1, 0.2, 601, 0.0025
5, 0.30000000000000004, 1, 0.2, 602, 0.0025
5, 0.30000000000000004, 1, 0.2, 603, 0.0025
5, 0.30000000000000004, 1, 0.2, 604, 0.0025
5, 0.30000000000000004, 1, 0.2, 648, 0.0025
5, 0.30000000000000004, 1, 0.2, 649, 0.0025
5, 0.30000000000000004, 1, 0.2, 650, 0.0025
5, 0.30000000000000004, 1, 0.2, 651, 0.0025
5, 0.30000000000000004, 1, 0.2, 652, 0.0025
5, 0.30000000000000004, 1, 0.2, 653, 0.0025
5, 0.30000000000000004, 1, 0.2, 654, 0.0025
5, 0.30000000000000004, 1, 0.2, 701, 0.0025
5, 0.30000000000000004, 1, 0.2, 702, 0.0025
5, 0.30000000000000004, 1, 0.2, 703, 0.0025
5, 0.30000000000000004, 1, 0.2, 704, 0.0025
5, 0.30000000000000004, 1, 0.2, 705, 0.0025
5, 0.30000000000000004, 1, 0.2, 706, 0.0025
5, 0.30000000000000004, 1, 0.2, 707, 0.0025
5, 0.30000000000000004, 1, 0.2, 756, 0.0025
5, 0.30000000000000004, 1, 0.2, 757, 0.0025
5, 0.30000000000000004, 1, 0.2, 758, 0.0025
5, 0.30000000000000004, 1, 0.2, 759, 0.0025
5, 0.30000000000000004, 1, 0.2, 760, 0.0025
5, 0.30000000000000004, 1, 0.2, 761, 0.0025
5, 0.30000000000000004, 1, 0.2, 762, 0.0025
5, 0.30000000000000004, 1, 0.2, 807, 0.0025
5, 0.30000000000000004, 1, 0.2, 814, 0.0025
5, 0.30000000000000004, 1, 0.2, 815, 0.0025
5, 0.30000000000000004, 1, 0.2, 816, 0.0025
5, 0.30000000000000004, 1, 0.2, 817, 0.0025
5, 0.30000000000000004, 1, 0.2, 818, 0.0025
5, 0.30000000000000004, 1, 0.2, 874, 0.0025
5, 0.30000000000000004, 1, 0.2, 875, 0.0025
5, 0.30000000000000004, 1, 0.2, 876, 0.0025
5, 0.30000000000000004, 1, 0.2, 877, 0.0025
5, 0.30000000000000004, 1, 0.2, 936, 0.0025
5, 0.30000000000000004, 1, 0.2, 937, 0.0025
5, 0.30000000000000004, 1, 0.2, 938, 0.0025
5, 0.30000000000000004, 1, 0.2, 1053, 0.0025
5, 0.30000000000000004, 1, 0.2, 1119, 0.0025
5, 0.30000000000000004, 1, 0.2, 1188, 0.0025
5, 0.30000000000000004, 1, 0.2, 1258, 0.0025
5, 0.30000000000000004, 1, 0.2, 1330, 0.0025
5, 0.30000000000000004, 1, 0.2, 1331, 0.0025
5, 0.30000000000000004, 1, 0.2, 1332, 0.0025
5, 0.30000000000000004, 1, 0.2, 1333, 0.0025
5, 0.30000000000000004, 1, 0.2, 1334, 0.0025
5, 0.30000000000000004, 1, 0.2, 1406, 0.0025
5, 0.30000000000000004, 1, 0.2, 1407, 0.0025
5, 0.30000000000000004, 1, 0.2, 1408, 0.0025
5, 0.30000000000000004, 1, 0.2, 1409, 0.0025
5, 0.30000000000000004, 1, 0.2, 1410, 0.0025
5, 0.30000000000000004, 1, 0.2, 1482, 0.0025
5, 0.30000000000000004, 1, 0.2, 1483, 0.0025
5, 0.30000000000000004, 1, 0.2, 1484, 0.0025
5, 0.30000000000000004, 1, 0.2, 1485, 0.0025
5, 0.30000000000000004, 1, 0.2, 1486, 0.0025
5, 0.30000000000000004, 1, 0.2, 1560, 0.0025
5, 0.30000000000000004, 1, 0.2, 1561, 0.0025
5, 0.30000000000000004, 1, 0.2, 1562, 0.0025
5, 0.30000000000000004, 1, 0.2, 1563, 0.0025
5, 0.30000000000000004, 1, 0.2, 1641, 0.0025
5, 0.30000000000000004, 1, 0.2, 1642, 0.0025
5, 0.30000000000000004, 1, 0.2, 1724, 0.0025
5, 0.30000000000000004, 14, 0.2, 5692, 0.0025
5, 0.30000000000000004, 14, 0.2, 5693, 0.0025
5, 0.30000000000000004, 14, 0.2, 5820, 0.0025
5, 0.30000000000000004, 14, 0.2, 5821, 0.0025
5, 0.30000000000000004, 14, 0.2, 5946, 0.0025
5, 0.30000000000000004, 14, 0.2, 5947, 0.0025
5, 0.30000000000000004, 14, 0.2, 5948, 0.0025
5, 0.30000000000000004, 14, 0.2, 5949, 0.0025
5, 0.30000000000000004, 14, 0.2, 6075, 0.0025
5, 0.30000000000000004, 14, 0.2, 6076, 0.0025
5, 0.30000000000000004, 14, 0.2, 6077, 0.0025
5, 0.30000000000000004, 14, 0.2, 6078, 0.0025
5, 0.30000000000000004, 14, 0.2, 6202, 0.0025
5, 0.30000000000000004, 14, 0.2, 6203, 0.0025
5, 0.30000000000000004, 14, 0.2, 6204, 0.0025
5, 0.30000000000000004, 14, 0.2, 6205, 0.0025
5, 0.30000000000000004, 14, 0.2, 6206, 0.0025
5, 0.30000000000000004, 14, 0.2, 6207, 0.0025
5, 0.30000000000000004, 14, 0.2, 6333, 0.0025
5, 0.30000000000000004, 14, 0.2, 6334, 0.0025
5, 0.30000000000000004, 14, 0.2, 6335, 0.0025
5, 0.30000000000000004, 14, 0.2, 6336, 0.0025
5, 0.30000000000000004, 14, 0.2, 6337, 0.0025
5, 0.30000000000000004, 14, 0.2, 6338, 0.0025
5, 0.30000000000000004, 14, 0.2, 6463, 0.0025
5, 0.30000000000000004, 14, 0.2, 6464, 0.0025
5, 0.30000000000000004, 14, 0.2, 6465, 0.0025
5, 0.30000000000000004, 14, 0.2, 6466, 0.0025
5, 0.30000000000000004, 14, 0.2, 6467, 0.0025
5, 0.30000000000000004, 14, 0.2, 6468, 0.0025
5, 0.30000000000000004, 14, 0.2, 6469, 0.0025
5, 0.30000000000000004, 19, 0.2, 6472, 0.0025
5, 0.30000000000000004, 19, 0.2, 6473, 0.0025
5, 0.30000000000000004, 19, 0.2, 6474, 0.0025
5, 0.30000000000000004, 19, 0.2, 6475, 0.0025
5, 0.30000000000000004, 14, 0.2, 6595, 0.0025
5, 0.30000000000000004, 14, 0.2, 6596, 0.0025
5, 0.30000000000000004, 14, 0.2, 6597, 0.0025
5, 0.30000000000000004, 14, 0.2, 6598, 0.0025
5, 0.30000000000000004, 14, 0.2, 6599, 0.0025
5, 0.30000000000000004, 14, 0.2, 6600, 0.0025
5, 0.30000000000000004, 14, 0.2, 6601, 0.0025
5, 0.30000000000000004, 19, 0.2, 6603, 0.0025
5, 0.30000000000000004, 19, 0.2, 6604, 0.0025
5, 0.30000000000000004, 19, 0.2, 6605, 0.0025
5, 0.30000000000000004, 19, 0.2, 6606, 0.0025
5, 0.30000000000000004, 19, 0.2, 6607, 0.0025
5, 0.30000000000000004, 19, 0.2, 6608, 0.0025
5, 0.30000000000000004, 19, 0.2, 6609, 0.0025
5, 0.30000000000000004, 14, 0.2, 6727, 0.0025
5, 0.30000000000000004, 14, 0.2, 6728, 0.0025
5, 0.30000000000000004, 14, 0.2, 6729, 0.0025
5, 0.30000000000000004, 14, 0.2, 6730, 0.0025
5, 0.30000000000000004, 14, 0.2, 6731, 0.0025
5, 0.30000000000000004, 14, 0.2, 6732, 0.0025
5, 0.30000000000000004, 14, 0.2, 6733, 0.0025
5, 0.30000000000000004, 14, 0.2, 6734, 0.0025
5, 0.30000000000000004, 19, 0.2, 6736, 0.0025
5, 0.30000000000000004, 19, 0.2, 6737, 0.0025
5, 0.30000000000000004, 19, 0.2, 6738, 0.0025
5, 0.30000000000000004, 19, 0.2, 6739, 0.0025
5, 0.30000000000000004, 19, 0.2, 6740, 0.0025
5, 0.30000000000000004, 19, 0.2, 6741, 0.0025
5, 0.30000000000000004, 19, 0.2, 6742, 0.0025
5, 0.30000000000000004, 14, 0.2, 6861, 0.0025
5, 0.30000000000000004, 14, 0.2, 6862, 0.0025
5, 0.30000000000000004, 14, 0.2, 6863, 0.0025
5, 0.30000000000000004, 14, 0.2, 6864, 0.0025
5, 0.30000000000000004, 14, 0.2, 6865, 0.0025
5, 0.30000000000000004, 14, 0.2, 6866, 0.0025
5, 0.30000000000000004, 14, 0.2, 6867, 0.0025
5, 0.30000000000000004, 19, 0.2, 6869, 0.0025
5, 0.30000000000000004, 19, 0.2, 6870, 0.0025
5, 0.30000000000000004, 19, 0.2, 6871, 0.0025
5, 0.30000000000000004, 19, 0.2, 6872, 0.0025
5, 0.30000000000000004, 19, 0.2, 6873, 0.0025
5, 0.30000000000000004, 19, 0.2, 6874, 0.0025
5, 0.30000000000000004, 19, 0.2, 6875, 0.0025
5, 0.30000000000000004, 19, 0.2, 6876, 0.0025
5, 0.30000000000000004, 14, 0.2, 6994, 0.0025
5, 0.30000000000000004, 14, 0.2, 6995, 0.0025
5, 0.30000000000000004, 14, 0.2, 6996, 0.0025
5, 0.30000000000000004, 14, 0.2, 6997, 0.0025
5, 0.30000000000000004, 14, 0.2, 6998, 0.0025
5, 0.30000000000000004, 14, 0.2, 6999, 0.0025
5, 0.30000000000000004, 14, 0.2, 7000, 0.0025
5, 0.30000000000000004, 19, 0.2, 7003, 0.0025
5, 0.30000000000000004, 19, 0.2, 7004, 0.0025
5, 0.30000000000000004, 19, 0.2, 7005, 0.0025
5, 0.30000000000000004, 19, 0.2, 7006, 0.0025
5, 0.30000000000000004, 19, 0.2, 7007, 0.0025
5, 0.30000000000000004, 19, 0.2, 7008, 0.0025
5, 0.30000000000000004, 19, 0.2, 7009, 0.0025
5, 0.30000000000000004, 19, 0.2, 7010, 0.0025
5, 0.30000000000000004, 14, 0.2, 7129, 0.0025
5, 0.30000000000000004, 14, 0.2, 7130, 0.0025
5, 0.30000000000000004, 14, 0.2, 7131, 0.0025
5, 0.30000000000000004, 14, 0.2, 7132, 0.0025
5, 0.30000000000000004, 14, 0.2, 7133, 0.0025
5, 0.30000000000000004, 14, 0.2, 7134, 0.0025
5, 0.30000000000000004, 19, 0.2, 7136, 0.0025
5, 0.30000000000000004, 19, 0.2, 7137, 0.0025
5, 0.30000000000000004, 19, 0.2, 7138, 0.0025
5, 0.30000000000000004, 19, 0.2, 7139, 0.0025
5, 0.30000000000000004, 19, 0.2, 7140, 0.0025
5, 0.30000000000000004, 19, 0.2, 7141, 0.0025
5, 0.30000000000000004, 19, 0.2, 7142, 0.0025
5, 0.30000000000000004, 19, 0.2, 7143, 0.0025
5, 0.30000000000000004, 19, 0.2, 7144, 0.0025
5, 0.30000000000000004, 14, 0.2, 7267, 0.0025
5, 0.30000000000000004, 14, 0.2, 7269, 0.0025
5, 0.30000000000000004, 14, 0.2, 7270, 0.0025
5, 0.30000000000000004, 19, 0.2, 7271, 0.0025
5, 0.30000000000000004, 19, 0.2, 7272, 0.0025
5, 0.30000000000000004, 19, 0.2, 7273, 0.0025
5, 0.30000000000000004, 19, 0.2, 7274, 0.0025
5, 0.30000000000000004, 19, 0.2, 7275, 0.0025
5, 0.30000000000000004, 19, 0.2, 7276, 0.0025
5, 0.30000000000000004, 19, 0.2, 7277, 0.0025
5, 0.30000000000000004, 19, 0.2, 7278, 0.0025
5, 0.30000000000000004, 19, 0.2, 7279, 0.0025
5, 0.30000000000000004, 19, 0.2, 7280, 0.0025
5, 0.30000000000000004, 19, 0.2, 7281, 0.0025
5, 0.30000000000000004, 14, 0.2, 7404, 0.0025
5, 0.30000000000000004, 19, 0.2, 7407, 0.0025
5, 0.30000000000000004, 19, 0.2, 7408, 0.0025
5, 0.30000000000000004, 19, 0.2, 7409, 0.0025
5, 0.30000000000000004, 19, 0.2, 7410, 0.0025
5, 0.30000000000000004, 19, 0.2, 7411, 0.0025
5, 0.30000000000000004, 19, 0.2, 7412, 0.0025
5, 0.30000000000000004, 19, 0.2, 7413, 0.0025
5, 0.30000000000000004, 19, 0.2, 7414, 0.0025
5, 0.30000000000000004, 19, 0.2, 7415, 0.0025
5, 0.30000000000000004, 19, 0.2, 7416, 0.0025
5, 0.30000000000000004, 14, 0.2, 7538, 0.0025
5, 0.30000000000000004, 14, 0.2, 7539, 0.0025
5, 0.30000000000000004, 14, 0.2, 7540, 0.0025
5, 0.30000000000000004, 14, 0.2, 7541, 0.0025
5, 0.30000000000000004, 14, 0.2, 7542, 0.0025
5, 0.30000000000000004, 14, 0.2, 7543, 0.0025
5, 0.30000000000000004, 19, 0.2, 7545, 0.0025
5, 0.30000000000000004, 19, 0.2, 7546, 0.0025
5, 0.30000000000000004, 19, 0.2, 7547, 0.0025
5, 0.30000000000000004, 19, 0.2, 7548, 0.0025
5, 0.30000000000000004, 19, 0.2, 7549, 0.0025
5, 0.30000000000000004, 19, 0.2, 7550, 0.0025
5, 0.30000000000000004, 19, 0.2, 7551, 0.0025
5, 0.30000000000000004, 19, 0.2, 7552, 0.0025
5, 0.30000000000000004, 19, 0.2, 7553, 0.0025
5, 0.30000000000000004, 14, 0.2, 7677, 0.0025
5, 0.30000000000000004, 14, 0.2, 7678, 0.0025
5, 0.30000000000000004, 14, 0.2, 7679, 0.0025
5, 0.30000000000000004, 14, 0.2, 7680, 0.0025
5, 0.30000000000000004, 14, 0.2, 7681, 0.0025
5, 0.30000000000000004, 19, 0.2, 7684, 0.0025
5, 0.30000000000000004, 19, 0.2, 7685, 0.0025
5, 0.30000000000000004, 19, 0.2, 7686, 0.0025
5, 0.30000000000000004, 19, 0.2, 7687, 0.0025
5, 0.30000000000000004, 19, 0.2, 7688, 0.0025
5, 0.30000000000000004, 19, 0.2, 7689, 0.0025
5, 0.30000000000000004, 19, 0.2, 7690, 0.0025
5, 0.30000000000000004, 19, 0.2, 7824, 0.0025
5, 0.30000000000000004, 25, 0.2, 9428, 0.0025
5, 0.30000000000000004, 25, 0.2, 9577, 0.0025
5, 0.30000000000000004, 25, 0.2, 9578, 0.0025
5, 0.30000000000000004, 25, 0.2, 9717, 0.0025
5, 0.30000000000000004, 25, 0.2, 9718, 0.0025
5, 0.30000000000000004, 25, 0.2, 9719, 0.0025
5, 0.30000000000000004, 25, 0.2, 9720, 0.0025
5, 0.30000000000000004, 25, 0.2, 9847, 0.0025
5, 0.30000000000000004, 25, 0.2, 9849, 0.0025
5, 0.30000000000000004, 25, 0.2, 9850, 0.0025
5, 0.30000000000000004, 25, 0.2, 9851, 0.0025
5, 0.30000000000000004, 25, 0.2, 9852, 0.0025
5, 0.30000000000000004, 25, 0.2, 9975, 0.0025
5, 0.30000000000000004, 25, 0.2, 9976, 0.0025
5, 0.30000000000000004, 25, 0.2, 9977, 0.0025
5, 0.30000000000000004, 25, 0.2, 10090, 0.0025
5, 0.30000000000000004, 25, 0.2, 10093, 0.0025
5, 0.30000000000000004, 25, 0.2, 10095, 0.0025
5, 0.30000000000000004, 25, 0.2, 10096, 0.0025
5, 0.30000000000000004, 25, 0.2, 10097, 0.0025
5, 0.30000000000000004, 25, 0.2, 10203, 0.0025
5, 0.30000000000000004, 25, 0.2, 10204, 0.0025
5, 0.30000000000000004, 25, 0.2, 10205, 0.0025
5, 0.30000000000000004, 25, 0.2, 10206, 0.0025
5, 0.30000000000000004, 25, 0.2, 10210, 0.0025
5, 0.30000000000000004, 25, 0.2, 10211, 0.0025
5, 0.30000000000000004, 25, 0.2, 10212, 0.0025
5, 0.30000000000000004, 25, 0.2, 10213, 0.0025
5, 0.30000000000000004, 25, 0.2, 10319, 0.0025
5, 0.30000000000000004, 25, 0.2, 10321, 0.0025
5, 0.30000000000000004, 25, 0.2, 10322, 0.0025
5, 0.30000000000000004, 25, 0.2, 10323, 0.0025
5, 0.30000000000000004, 25, 0.2, 10324, 0.0025
5, 0.30000000000000004, 25, 0.2, 10328, 0.0025
5, 0.30000000000000004, 25, 0.2, 10329, 0.0025
5, 0.30000000000000004, 25, 0.2, 10330, 0.0025
5, 0.30000000000000004, 25, 0.2, 10435, 0.0025
5, 0.30000000000000004, 25, 0.2, 10436, 0.0025
5, 0.30000000000000004, 25, 0.2, 10437, 0.0025
5, 0.30000000000000004, 25, 0.2, 10438, 0.0025
5, 0.30000000000000004, 25, 0.2, 10439, 0.0025
5, 0.30000000000000004, 25, 0.2, 10440, 0.0025
5, 0.30000000000000004, 25, 0.2, 10441, 0.0025
5, 0.30000000000000004, 25, 0.2, 10442, 0.0025
5, 0.30000000000000004, 25, 0.2, 10445, 0.0025
5, 0.30000000000000004, 25, 0.2, 10446, 0.0025
5, 0.30000000000000004, 25, 0.2, 10447, 0.0025
5, 0.30000000000000004, 25, 0.2, 10551, 0.0025
5, 0.30000000000000004, 25, 0.2, 10552, 0.0025
5, 0.30000000000000004, 25, 0.2, 10555, 0.0025
5, 0.30000000000000004, 25, 0.2, 10556, 0.0025
5, 0.30000000000000004, 25, 0.2, 10557, 0.0025
5, 0.30000000000000004, 25, 0.2, 10558, 0.0025
5, 0.30000000000000004, 25, 0.2, 10559, 0.0025
5, 0.30000000000000004, 25, 0.2, 10560, 0.0025
5, 0.30000000000000004, 25, 0.2, 10564, 0.0025
5, 0.30000000000000004, 25, 0.2, 10565, 0.0025
5, 0.30000000000000004, 25, 0.2, 10566, 0.0025
5, 0.30000000000000004, 25, 0.2, 10670, 0.0025
5, 0.30000000000000004, 25, 0.2, 10673, 0.0025
5, 0.30000000000000004, 25, 0.2, 10674, 0.0025
5, 0.30000000000000004, 25, 0.2, 10675, 0.0025
5, 0.30000000000000004, 25, 0.2, 10676, 0.0025
5, 0.30000000000000004, 25, 0.2, 10677, 0.0025
5, 0.30000000000000004, 25, 0.2, 10678, 0.0025
5, 0.30000000000000004, 25, 0.2, 10681, 0.0025
5, 0.30000000000000004, 25, 0.2, 10682, 0.0025
5, 0.30000000000000004, 25, 0.2, 10683, 0.0025
5, 0.30000000000000004, 25, 0.2, 10787, 0.0025
5, 0.30000000000000004, 25, 0.2, 10788, 0.0025
5, 0.30000000000000004, 25, 0.2, 10789, 0.0025
5, 0.30000000000000004, 25, 0.2, 10790, 0.0025
5, 0.30000000000000004, 25, 0.2, 10791, 0.0025
5, 0.30000000000000004, 25, 0.2, 10792, 0.0025
5, 0.30000000000000004, 25, 0.2, 10793, 0.0025
5, 0.30000000000000004, 25, 0.2, 10796, 0.0025
5, 0.30000000000000004, 25, 0.2, 10797, 0.0025
5, 0.30000000000000004, 25, 0.2, 10798, 0.0025
5, 0.30000000000000004, 25, 0.2, 10897, 0.0025
5, 0.30000000000000004, 25, 0.2, 10898, 0.0025
5, 0.30000000000000004, 25, 0.2, 10899, 0.0025
5, 0.30000000000000004, 41, 0.2, 16651, 0.0025
5, 0.30000000000000004, 41, 0.2, 16653, 0.0025
5, 0.30000000000000004, 41, 0.2, 16754, 0.0025
5, 0.30000000000000004, 41, 0.2, 16755, 0.0025
5, 0.30000000000000004, 41, 0.2, 16870, 0.0025
5, 0.30000000000000004, 41, 0.2, 16876, 0.0025
5, 0.30000000000000004, 41, 0.2, 16877, 0.0025
5, 0.30000000000000004, 41, 0.2, 16986, 0.0025
5, 0.30000000000000004, 41, 0.2, 16987, 0.0025
5, 0.30000000000000004, 41, 0.2, 17087, 0.0025
5, 0.30000000000000004, 41, 0.2, 17091, 0.0025
5, 0.30000000000000004, 41, 0.2, 17092, 0.0025
5, 0.30000000000000004, 41, 0.2, 17093, 0.0025
5, 0.30000000000000004, 41, 0.2, 17094, 0.0025
5, 0.30000000000000004, 41, 0.2, 17095, 0.0025
5, 0.30000000000000004, 41, 0.2, 17190, 0.0025
5, 0.30000000000000004, 41, 0.2, 17197, 0.0025
5, 0.30000000000000004, 41, 0.2, 17198, 0.0025
5, 0.30000000000000004, 41, 0.2, 17200, 0.0025
5, 0.30000000000000004, 41, 0.2, 17293, 0.0025
5, 0.30000000000000004, 41, 0.2, 17295, 0.0025
5, 0.30000000000000004, 41, 0.2, 17299, 0.0025
5, 0.30000000000000004, 41, 0.2, 17301, 0.0025
5, 0.30000000000000004, 41, 0.2, 17303, 0.0025
5, 0.30000000000000004, 41, 0.2, 17395, 0.0025
5, 0.30000000000000004, 41, 0.2, 17401, 0.0025
5, 0.30000000000000004, 41, 0.2, 17402, 0.0025
5, 0.30000000000000004, 41, 0.2, 17404, 0.0025
5, 0.30000000000000004, 41, 0.2, 17405, 0.0025
5, 0.30000000000000004, 41, 0.2, 17503, 0.0025
5, 0.30000000000000004, 41, 0.2, 17504, 0.0025
5, 0.30000000000000004, 41, 0.2, 17505, 0.0025
5, 0.30000000000000004, 41, 0.2, 17506, 0.0025
5, 0.30000000000000004, 41, 0.2, 17508, 0.0025
5, 0.30000000000000004, 41, 0.2, 17509, 0.0025
5, 0.30000000000000004, 41, 0.2, 17602, 0.0025
5, 0.30000000000000004, 41, 0.2, 17603, 0.0025
5, 0.30000000000000004, 41, 0.2, 17604, 0.0025
5, 0.30000000000000004, 41, 0.2, 17605, 0.0025
5, 0.30000000000000004, 41, 0.2, 17606, 0.0025
5, 0.30000000000000004, 41, 0.2, 17607, 0.0025
5, 0.30000000000000004, 41, 0.2, 17608, 0.0025
5, 0.30000000000000004, 41, 0.2, 17609, 0.0025
5, 0.30000000000000004, 41, 0.2, 17696, 0.0025
5, 0.30000000000000004, 41, 0.2, 17697, 0.0025
5, 0.30000000000000004, 41, 0.2, 17698, 0.0025
5, 0.30000000000000004, 41, 0.2, 17699, 0.0025
5, 0.30000000000000004, 41, 0.2, 17700, 0.0025
5, 0.30000000000000004, 41, 0.2, 17702, 0.0025
5, 0.30000000000000004, 41, 0.2, 17703, 0.0025
5, 0.30000000000000004, 41, 0.2, 17704, 0.0025
5, 0.30000000000000004, 41, 0.2, 17790, 0.0025
5, 0.30000000000000004, 41, 0.2, 17791, 0.0025
5, 0.30000000000000004, 41, 0.2, 17792, 0.0025
5, 0.30000000000000004, 41, 0.2, 17793, 0.0025
5, 0.30000000000000004, 41, 0.2, 17794, 0.0025
5, 0.30000000000000004, 41, 0.2, 17795, 0.0025
5, 0.30000000000000004, 41, 0.2, 17797, 0.0025
5, 0.30000000000000004, 41, 0.2, 17885, 0.0025
5, 0.30000000000000004, 41, 0.2, 17888, 0.0025
5, 0.30000000000000004, 41, 0.2, 17889, 0.0025
5, 0.30000000000000004, 41, 0.2, 17890, 0.0025
5, 0.30000000000000004, 41, 0.2, 17892, 0.0025
5, 0.30000000000000004, 41, 0.2, 17976, 0.0025
5, 0.30000000000000004, 41, 0.2, 17977, 0.0025
5, 0.30000000000000004, 41, 0.2, 17978, 0.0025
5, 0.30000000000000004, 41, 0.2, 17979, 0.0025
5, 0.30000000000000004, 41, 0.2, 17980, 0.0025
5, 0.30000000000000004, 41, 0.2, 17982, 0.0025
5, 0.30000000000000004, 41, 0.2, 18060, 0.0025
5, 0.30000000000000004, 41, 0.2, 18062, 0.0025
5, 0.30000000000000004, 41, 0.2, 18064, 0.0025
5, 0.30000000000000004, 41, 0.2, 18066, 0.0025
5, 0.30000000000000004, 41, 0.2, 18149, 0.0025
5, 0.30000000000000004, 41, 0.2, 18150, 0.0025
5, 0.30000000000000004, 41, 0.2, 18157, 0.0025
5, 0.30000000000000004, 41, 0.2, 18230, 0.0025
5, 0.30000000000000004, 41, 0.2, 18232, 0.0025
5, 0.30000000000000004, 41, 0.2, 18233, 0.0025
5, 0.30000000000000004, 41, 0.2, 18234, 0.0025
5, 0.30000000000000004, 41, 0.2, 18235, 0.0025
5, 0.35000000000000003, 5, 0.2, 2128, 0.0025
5, 0.35000000000000003, 5, 0.2, 2134, 0.0025
5, 0.35000000000000003, 5, 0.2, 2229, 0.0025
5, 0.35000000000000003, 5, 0.2, 2230, 0.0025
5, 0.35000000000000003, 5, 0.2, 2231, 0.0025
5, 0.35000000000000003, 5, 0.2, 2535, 0.0025
5, 0.35000000000000003, 5, 0.2, 2536, 0.0025
5, 0.35000000000000003, 5, 0.2, 2537, 0.0025
5, 0.35000000000000003, 5, 0.2, 2636, 0.0025
5, 0.35000000000000003, 5, 0.2, 2637, 0.0025
5, 0.35000000000000003, 5, 0.2, 2638, 0.0025
5, 0.35000000000000003, 5, 0.2, 2639, 0.0025
5, 0.35000000000000003, 5, 0.2, 2738, 0.0025
5, 0.35000000000000003, 5, 0.2, 2739, 0.0025
5, 0.35000000000000003, 5, 0.2, 2740, 0.0025
5, 0.35000000000000003, 5, 0.2, 2741, 0.0025
5, 0.35000000000000003, 5, 0.2, 2742, 0.0025
5, 0.35000000000000003, 5, 0.2, 2842, 0.0025
5, 0.35000000000000003, 5, 0.2, 2843, 0.0025
5, 0.35000000000000003, 5, 0.2, 2844, 0.0025
5, 0.35000000000000003, 5, 0.2, 2845, 0.0025
5, 0.35000000000000003, 5, 0.2, 2846, 0.0025
5, 0.35000000000000003, 5, 0.2, 2847, 0.0025
5, 0.35000000000000003, 5, 0.2, 2947, 0.0025
5, 0.35000000000000003, 5, 0.2, 2948, 0.0025
5, 0.35000000000000003, 5, 0.2, 2949, 0.0025
5, 0.35000000000000003, 5, 0.2, 2950, 0.0025
5, 0.35000000000000003, 5, 0.2, 2951, 0.0025
5, 0.35000000000000003, 5, 0.2, 2952, 0.0025
5, 0.35000000000000003, 5, 0.2, 2953, 0.0025
5, 0.35000000000000003, 5, 0.2, 3054, 0.0025
5, 0.35000000000000003, 5, 0.2, 3055, 0.0025
5, 0.35000000000000003, 5, 0.2, 3056, 0.0025
5, 0.35000000000000003, 5, 0.2, 3057, 0.0025
5, 0.35000000000000003, 5, 0.2, 3058, 0.0025
5, 0.35000000000000003, 5, 0.2, 3059, 0.0025
5, 0.35000000000000003, 5, 0.2, 3161, 0.0025
5, 0.35000000000000003, 5, 0.2, 3162, 0.0025
5, 0.35000000000000003, 5, 0.2, 3163, 0.0025
5, 0.35000000000000003, 5, 0.2, 3164, 0.0025
5, 0.35000000000000003, 5, 0.2, 3165, 0.0025
5, 0.35000000000000003, 5, 0.2, 3166, 0.0025
5, 0.35000000000000003, 5, 0.2, 3167, 0.0025
5, 0.35000000000000003, 5, 0.2, 3269, 0.0025
5, 0.35000000000000003, 5, 0.2, 3270, 0.0025
5, 0.35000000000000003, 5, 0.2, 3271, 0.0025
5, 0.35000000000000003, 5, 0.2, 3272, 0.0025
5, 0.35000000000000003, 5, 0.2, 3273, 0.0025
5, 0.35000000000000003, 5, 0.2, 3274, 0.0025
5, 0.35000000000000003, 5, 0.2, 3275, 0.0025
5, 0.35000000000000003, 5, 0.2, 3378, 0.0025
5, 0.35000000000000003, 5, 0.2, 3379, 0.0025
5, 0.35000000000000003, 5, 0.2, 3380, 0.0025
5, 0.35000000000000003, 5, 0.2, 3381, 0.0025
5, 0.35000000000000003, 5, 0.2, 3382, 0.0025
5, 0.35000000000000003, 5, 0.2, 3383, 0.0025
5, 0.35000000000000003, 5, 0.2, 3490, 0.0025
5, 0.35000000000000003, 5, 0.2, 3491, 0.0025
5, 0.35000000000000003, 5, 0.2, 3492, 0.0025
5, 0.35000000000000003, 5, 0.2, 3493, 0.0025
5, 0.35000000000000003, 5, 0.2, 3494, 0.0025
5, 0.35000000000000003, 5, 0.2, 3600, 0.0025
5, 0.35000000000000003, 5, 0.2, 3601, 0.0025
5, 0.35000000000000003, 5, 0.2, 3602, 0.0025
5, 0.35000000000000003, 5, 0.2, 3603, 0.0025
5, 0.35000000000000003, 5, 0.2, 3604, 0.0025
5, 0.35000000000000003, 5, 0.2, 3712, 0.0025
5, 0.35000000000000003, 5, 0.2, 3713, 0.0025
5, 0.35000000000000003, 5, 0.2, 3714, 0.0025
5, 0.35000000000000003, 5, 0.2, 3715, 0.0025
5, 0.35000000000000003, 5, 0.2, 3716, 0.0025
5, 0.35000000000000003, 5, 0.2, 3826, 0.0025
5, 0.35000000000000003, 5, 0.2, 3827, 0.0025
5, 0.35000000000000003, 5, 0.2, 3828, 0.0025
5, 0.35000000000000003, 5, 0.2, 3829, 0.0025
5, 0.35000000000000003, 5, 0.2, 3941, 0.0025
5, 0.35000000000000003, 5, 0.2, 3942, 0.0025
5, 0.35000000000000003, 5, 0.2, 3943, 0.0025
5, 0.35000000000000003, 5, 0.2, 4056, 0.0025
5, 0.35000000000000003, 5, 0.2, 4057, 0.0025
5, 0.35000000000000003, 5, 0.2, 4173, 0.0025
5, 0.35000000000000003, 9, 0.2, 5452, 0.0025
5, 0.35000000000000003, 9, 0.2, 5569, 0.0025
5, 0.35000000000000003, 9, 0.2, 5570, 0.0025
5, 0.35000000000000003, 9, 0.2, 5571, 0.0025
5, 0.35000000000000003, 9, 0.2, 5572, 0.0025
5, 0.35000000000000003, 9, 0.2, 5573, 0.0025
5, 0.35000000000000003, 9, 0.2, 5574, 0.0025
5, 0.35000000000000003, 9, 0.2, 5575, 0.0025
5, 0.35000000000000003, 9, 0.2, 5576, 0.0025
5, 0.35000000000000003, 9, 0.2, 5577, 0.0025
5, 0.35000000000000003, 9, 0.2, 5579, 0.0025
5, 0.35000000000000003, 9, 0.2, 5695, 0.0025
5, 0.35000000000000003, 9, 0.2, 5696, 0.0025
5, 0.35000000000000003, 9, 0.2, 5697, 0.0025
5, 0.35000000000000003, 9, 0.2, 5698, 0.0025
5, 0.35000000000000003, 9, 0.2, 5699, 0.0025
5, 0.35000000000000003, 9, 0.2, 5700, 0.0025
5, 0.35000000000000003, 9, 0.2, 5701, 0.0025
5, 0.35000000000000003, 9, 0.2, 5702, 0.0025
5, 0.35000000000000003, 9, 0.2, 5703, 0.0025
5, 0.35000000000000003, 9, 0.2, 5704, 0.0025
5, 0.35000000000000003, 9, 0.2, 5705, 0.0025
5, 0.35000000000000003, 9, 0.2, 5822, 0.0025
5, 0.35000000000000003, 9, 0.2, 5823, 0.0025
5, 0.35000000000000003, 9, 0.2, 5824, 0.0025
5, 0.35000000000000003, 9, 0.2, 5825, 0.0025
5, 0.35000000000000003, 9, 0.2, 5826, 0.0025
5, 0.35000000000000003, 9, 0.2, 5827, 0.0025
5, 0.35000000000000003, 9, 0.2, 5828, 0.0025
5, 0.35000000000000003, 9, 0.2, 5829, 0.0025
5, 0.35000000000000003, 9, 0.2, 5830, 0.0025
5, 0.35000000000000003, 9, 0.2, 5831, 0.0025
5, 0.35000000000000003, 9, 0.2, 5832, 0.0025
5, 0.35000000000000003, 9, 0.2, 5833, 0.0025
5, 0.35000000000000003, 9, 0.2, 5950, 0.0025
5, 0.35000000000000003, 9, 0.2, 5951, 0.0025
5, 0.35000000000000003, 9, 0.2, 5952, 0.0025
5, 0.35000000000000003, 9, 0.2, 5953, 0.0025
5, 0.35000000000000003, 9, 0.2, 5954, 0.0025
5, 0.35000000000000003, 9, 0.2, 5955, 0.0025
5, 0.35000000000000003, 9, 0.2, 5956, 0.0025
5, 0.35000000000000003, 9, 0.2, 5957, 0.0025
5, 0.35000000000000003, 9, 0.2, 5958, 0.0025
5, 0.35000000000000003, 9, 0.2, 5959, 0.0025
5, 0.35000000000000003, 9, 0.2, 5960, 0.0025
5, 0.35000000000000003, 9, 0.2, 5961, 0.0025
5, 0.35000000000000003, 9, 0.2, 6079, 0.0025
5, 0.35000000000000003, 9, 0.2, 6080, 0.0025
5, 0.35000000000000003, 9, 0.2, 6081, 0.0025
5, 0.35000000000000003, 9, 0.2, 6082, 0.0025
5, 0.35000000000000003, 9, 0.2, 6083, 0.0025
5, 0.35000000000000003, 9, 0.2, 6084, 0.0025
5, 0.35000000000000003, 9, 0.2, 6085, 0.0025
5, 0.35000000000000003, 9, 0.2, 6086, 0.0025
5, 0.35000000000000003, 9, 0.2, 6087, 0.0025
5, 0.35000000000000003, 9, 0.2, 6088, 0.0025
5, 0.35000000000000003, 9, 0.2, 6089, 0.0025
5, 0.35000000000000003, 9, 0.2, 6090, 0.0025
5, 0.35000000000000003, 9, 0.2, 6209, 0.0025
5, 0.35000000000000003, 9, 0.2, 6210, 0.0025
5, 0.35000000000000003, 9, 0.2, 6211, 0.0025
5, 0.35000000000000003, 9, 0.2, 6212, 0.0025
5, 0.35000000000000003, 9, 0.2, 6213, 0.0025
5, 0.35000000000000003, 9, 0.2, 6214, 0.0025
5, 0.35000000000000003, 9, 0.2, 6215, 0.0025
5, 0.35000000000000003, 9, 0.2, 6216, 0.0025
5, 0.35000000000000003, 9, 0.2, 6217, 0.0025
5, 0.35000000000000003, 9, 0.2, 6218, 0.0025
5, 0.35000000000000003, 9, 0.2, 6342, 0.0025
5, 0.35000000000000003, 9, 0.2, 6343, 0.0025
5, 0.35000000000000003, 9, 0.2, 6344, 0.0025
5, 0.35000000000000003, 9, 0.2, 6345, 0.0025
5, 0.35000000000000003, 9, 0.2, 6346, 0.0025
5, 0.35000000000000003, 9, 0.2, 6347, 0.0025
5, 0.35000000000000003, 9, 0.2, 6348, 0.0025
5, 0.35000000000000003, 9, 0.2, 6349, 0.0025
5, 0.35000000000000003, 19, 0.2, 6472, 0.0025
5, 0.35000000000000003, 19, 0.2, 6473, 0.0025
5, 0.35000000000000003, 19, 0.2, 6474, 0.0025
5, 0.35000000000000003, 19, 0.2, 6475, 0.0025
5, 0.35000000000000003, 9, 0.2, 6476, 0.0025
5, 0.35000000000000003, 9, 0.2, 6477, 0.0025
5, 0.35000000000000003, 9, 0.2, 6478, 0.0025
5, 0.35000000000000003, 9, 0.2, 6479, 0.0025
5, 0.35000000000000003, 19, 0.2, 6603, 0.0025
5, 0.35000000000000003, 19, 0.2, 6604, 0.0025
5, 0.35000000000000003, 19, 0.2, 6605, 0.0025
5, 0.35000000000000003, 19, 0.2, 6606, 0.0025
5, 0.35000000000000003, 19, 0.2, 6607, 0.0025
5, 0.35000000000000003, 19, 0.2, 6608, 0.0025
5, 0.35000000000000003, 19, 0.2, 6609, 0.0025
5, 0.35000000000000003, 9, 0.2, 6611, 0.0025
5, 0.35000000000000003, 19, 0.2, 6736, 0.0025
5, 0.35000000000000003, 19, 0.2, 6737, 0.0025
5, 0.35000000000000003, 19, 0.2, 6738, 0.0025
5, 0.35000000000000003, 19, 0.2, 6739, 0.0025
5, 0.35000000000000003, 19, 0.2, 6740, 0.0025
5, 0.35000000000000003, 19, 0.2, 6741, 0.0025
5, 0.35000000000000003, 19, 0.2, 6742, 0.0025
5, 0.35000000000000003, 19, 0.2, 6869, 0.0025
5, 0.35000000000000003, 19, 0.2, 6870, 0.0025
5, 0.35000000000000003, 19, 0.2, 6871, 0.0025
5, 0.35000000000000003, 19, 0.2, 6872, 0.0025
5, 0.35000000000000003, 19, 0.2, 6873, 0.0025
5, 0.35000000000000003, 19, 0.2, 6874, 0.0025
5, 0.35000000000000003, 19, 0.2, 6875, 0.0025
5, 0.35000000000000003, 19, 0.2, 6876, 0.0025
5, 0.35000000000000003, 19, 0.2, 7003, 0.0025
5, 0.35000000000000003, 19, 0.2, 7004, 0.0025
5, 0.35000000000000003, 19, 0.2, 7005, 0.0025
5, 0.35000000000000003, 19, 0.2, 7006, 0.0025
5, 0.35000000000000003, 19, 0.2, 7007, 0.0025
5, 0.35000000000000003, 19, 0.2, 7008, 0.0025
5, 0.35000000000000003, 19, 0.2, 7009, 0.0025
5, 0.35000000000000003, 19, 0.2, 7010, 0.0025
5, 0.35000000000000003, 19, 0.2, 7136, 0.0025
5, 0.35000000000000003, 19, 0.2, 7137, 0.0025
5, 0.35000000000000003, 19, 0.2, 7138, 0.0025
5, 0.35000000000000003, 19, 0.2, 7139, 0.0025
5, 0.35000000000000003, 19, 0.2, 7140, 0.0025
5, 0.35000000000000003, 19, 0.2, 7141, 0.0025
5, 0.35000000000000003, 19, 0.2, 7142, 0.0025
5, 0.35000000000000003, 19, 0.2, 7143, 0.0025
5, 0.35000000000000003, 19, 0.2, 7144, 0.0025
5, 0.35000000000000003, 19, 0.2, 7271, 0.0025
5, 0.35000000000000003, 19, 0.2, 7272, 0.0025
5, 0.35000000000000003, 19, 0.2, 7273, 0.0025
5, 0.35000000000000003, 19, 0.2, 7274, 0.0025
5, 0.35000000000000003, 19, 0.2, 7275, 0.0025
5, 0.35000000000000003, 19, 0.2, 7276, 0.0025
5, 0.35000000000000003, 19, 0.2, 7277, 0.0025
5, 0.35000000000000003, 19, 0.2, 7278, 0.0025
5, 0.35000000000000003, 19, 0.2, 7279, 0.0025
5, 0.35000000000000003, 19, 0.2, 7280, 0.0025
5, 0.35000000000000003, 19, 0.2, 7281, 0.0025
5, 0.35000000000000003, 19, 0.2, 7407, 0.0025
5, 0.35000000000000003, 19, 0.2, 7408, 0.0025
5, 0.35000000000000003, 19, 0.2, 7409, 0.0025
5, 0.35000000000000003, 19, 0.2, 7410, 0.0025
5, 0.35000000000000003, 19, 0.2, 7411, 0.0025
5, 0.35000000000000003, 19, 0.2, 7412, 0.0025
5, 0.35000000000000003, 19, 0.2, 7413, 0.0025
5, 0.35000000000000003, 19, 0.2, 7414, 0.0025
5, 0.35000000000000003, 19, 0.2, 7415, 0.0025
5, 0.35000000000000003, 19, 0.2, 7416, 0.0025
5, 0.35000000000000003, 19, 0.2, 7545, 0.0025
5, 0.35000000000000003, 19, 0.2, 7546, 0.0025
5, 0.35000000000000003, 19, 0.2, 7547, 0.0025
5, 0.35000000000000003, 19, 0.2, 7548, 0.0025
5, 0.35000000000000003, 19, 0.2, 7549, 0.0025
5, 0.35000000000000003, 19, 0.2, 7550, 0.0025
5, 0.35000000000000003, 19, 0.2, 7551, 0.0025
5, 0.35000000000000003, 19, 0.2, 7552, 0.0025
5, 0.35000000000000003, 19, 0.2, 7553, 0.0025
5, 0.35000000000000003, 19, 0.2, 7684, 0.0025
5, 0.35000000000000003, 19, 0.2, 7685, 0.0025
5, 0.35000000000000003, 19, 0.2, 7686, 0.0025
5, 0.35000000000000003, 19, 0.2, 7687, 0.0025
5, 0.35000000000000003, 19, 0.2, 7688, 0.0025
5, 0.35000000000000003, 19, 0.2, 7689, 0.0025
5, 0.35000000000000003, 19, 0.2, 7690, 0.0025
5, 0.35000000000000003, 19, 0.2, 7824, 0.0025
5, 0.35000000000000003, 25, 0.2, 9428, 0.0025
5, 0.35000000000000003, 25, 0.2, 9577, 0.0025
5, 0.35000000000000003, 25, 0.2, 9578, 0.0025
5, 0.35000000000000003, 25, 0.2, 9717, 0.0025
5, 0.35000000000000003, 25, 0.2, 9718, 0.0025
5, 0.35000000000000003, 25, 0.2, 9719, 0.0025
5, 0.35000000000000003, 25, 0.2, 9720, 0.0025
5, 0.35000000000000003, 25, 0.2, 9847, 0.0025
5, 0.35000000000000003, 25, 0.2, 9849, 0.0025
5, 0.35000000000000003, 25, 0.2, 9850, 0.0025
5, 0.35000000000000003, 25, 0.2, 9851, 0.0025
5, 0.35000000000000003, 25, 0.2, 9852, 0.0025
5, 0.35000000000000003, 25, 0.2, 9975, 0.0025
5, 0.35000000000000003, 25, 0.2, 9976, 0.0025
5, 0.35000000000000003, 25, 0.2, 9977, 0.0025
5, 0.35000000000000003, 25, 0.2, 10090, 0.0025
5, 0.35000000000000003, 25, 0.2, 10093, 0.0025
5, 0.35000000000000003, 25, 0.2, 10095, 0.0025
5, 0.35000000000000003, 25, 0.2, 10096, 0.0025
5, 0.35000000000000003, 25, 0.2, 10097, 0.0025
5, 0.35000000000000003, 25, 0.2, 10203, 0.0025
5, 0.35000000000000003, 25, 0.2, 10204, 0.0025
5, 0.35000000000000003, 25, 0.2, 10205, 0.0025
5, 0.35000000000000003, 25, 0.2, 10206, 0.0025
5, 0.35000000000000003, 25, 0.2, 10210, 0.0025
5, 0.35000000000000003, 25, 0.2, 10211, 0.0025
5, 0.35000000000000003, 25, 0.2, 10212, 0.0025
5, 0.35000000000000003, 25, 0.2, 10213, 0.0025
5, 0.35000000000000003, 25, 0.2, 10319, 0.0025
5, 0.35000000000000003, 25, 0.2, 10321, 0.0025
5, 0.35000000000000003, 25, 0.2, 10322, 0.0025
5, 0.35000000000000003, 25, 0.2, 10323, 0.0025
5, 0.35000000000000003, 25, 0.2, 10324, 0.0025
5, 0.35000000000000003, 25, 0.2, 10328, 0.0025
5, 0.35000000000000003, 25, 0.2, 10329, 0.0025
5, 0.35000000000000003, 25, 0.2, 10330, 0.0025
5, 0.35000000000000003, 25, 0.2, 10435, 0.0025
5, 0.35000000000000003, 25, 0.2, 10436, 0.0025
5, 0.35000000000000003, 25, 0.2, 10437, 0.0025
5, 0.35000000000000003, 25, 0.2, 10438, 0.0025
5, 0.35000000000000003, 25, 0.2, 10439, 0.0025
5, 0.35000000000000003, 25, 0.2, 10440, 0.0025
5, 0.35000000000000003, 25, 0.2, 10441, 0.0025
5, 0.35000000000000003, 25, 0.2, 10442, 0.0025
5, 0.35000000000000003, 25, 0.2, 10445, 0.0025
5, 0.35000000000000003, 25, 0.2, 10446, 0.0025
5, 0.35000000000000003, 25, 0.2, 10447, 0.0025
5, 0.35000000000000003, 25, 0.2, 10551, 0.0025
5, 0.35000000000000003, 25, 0.2, 10552, 0.0025
5, 0.35000000000000003, 25, 0.2, 10555, 0.0025
5, 0.35000000000000003, 25, 0.2, 10556, 0.0025
5, 0.35000000000000003, 25, 0.2, 10557, 0.0025
5, 0.35000000000000003, 25, 0.2, 10558, 0.0025
5, 0.35000000000000003, 25, 0.2, 10559, 0.0025
5, 0.35000000000000003, 25, 0.2, 10560, 0.0025
5, 0.35000000000000003, 25, 0.2, 10564, 0.0025
5, 0.35000000000000003, 25, 0.2, 10565, 0.0025
5, 0.35000000000000003, 25, 0.2, 10566, 0.0025
5, 0.35000000000000003, 25, 0.2, 10670, 0.0025
5, 0.35000000000000003, 25, 0.2, 10673, 0.0025
5, 0.35000000000000003, 25, 0.2, 10674, 0.0025
5, 0.35000000000000003, 25, 0.2, 10675, 0.0025
5, 0.35000000000000003, 25, 0.2, 10676, 0.0025
5, 0.35000000000000003, 25, 0.2, 10677, 0.0025
5, 0.35000000000000003, 25, 0.2, 10678, 0.0025
5, 0.35000000000000003, 25, 0.2, 10681, 0.0025
5, 0.35000000000000003, 25, 0.2, 10682, 0.0025
5, 0.35000000000000003, 25, 0.2, 10683, 0.0025
5, 0.35000000000000003, 25, 0.2, 10787, 0.0025
5, 0.35000000000000003, 25, 0.2, 10788, 0.0025
5, 0.35000000000000003, 25, 0.2, 10789, 0.0025
5, 0.35000000000000003, 25, 0.2, 10790, 0.0025
5, 0.35000000000000003, 25, 0.2, 10791, 0.0025
5, 0.35000000000000003, 25, 0.2, 10792, 0.0025
5, 0.35000000000000003, 25, 0.2, 10793, 0.0025
5, 0.35000000000000003, 25, 0.2, 10796, 0.0025
5, 0.35000000000000003, 25, 0.2, 10797, 0.0025
5, 0.35000000000000003, 25, 0.2, 10798, 0.0025
5, 0.35000000000000003, 25, 0.2, 10897, 0.0025
5, 0.35000000000000003, 25, 0.2, 10898, 0.0025
5, 0.35000000000000003, 25, 0.2, 10899, 0.0025
5, 0.35000000000000003, 41, 0.2, 16651, 0.0025
5, 0.35000000000000003, 41, 0.2, 16653, 0.0025
5, 0.35000000000000003, 41, 0.2, 16754, 0.0025
5, 0.35000000000000003, 41, 0.2, 16755, 0.0025
5, 0.35000000000000003, 41, 0.2, 16870, 0.0025
5, 0.35000000000000003, 41, 0.2, 16876, 0.0025
5, 0.35000000000000003, 41, 0.2, 16877, 0.0025
5, 0.35000000000000003, 41, 0.2, 16986, 0.0025
5, 0.35000000000000003, 41, 0.2, 16987, 0.0025
5, 0.35000000000000003, 41, 0.2, 17087, 0.0025
5, 0.35000000000000003, 41, 0.2, 17091, 0.0025
5, 0.35000000000000003, 41, 0.2, 17092, 0.0025
5, 0.35000000000000003, 41, 0.2, 17093, 0.0025
5, 0.35000000000000003, 41, 0.2, 17094, 0.0025
5, 0.35000000000000003, 41, 0.2, 17095, 0.0025
5, 0.35000000000000003, 41, 0.2, 17190, 0.0025
5, 0.35000000000000003, 41, 0.2, 17197, 0.0025
5, 0.35000000000000003, 41, 0.2, 17198, 0.0025
5, 0.35000000000000003, 41, 0.2, 17200, 0.0025
5, 0.35000000000000003, 41, 0.2, 17293, 0.0025
5, 0.35000000000000003, 41, 0.2, 17295, 0.0025
5, 0.35000000000000003, 41, 0.2, 17299, 0.0025
5, 0.35000000000000003, 41, 0.2, 17301, 0.0025
5, 0.35000000000000003, 41, 0.2, 17303, 0.0025
5, 0.35000000000000003, 41, 0.2, 17395, 0.0025
5, 0.35000000000000003, 41, 0.2, 17401, 0.0025
5, 0.35000000000000003, 41, 0.2, 17402, 0.0025
5, 0.35000000000000003, 41, 0.2, 17404, 0.0025
5, 0.35000000000000003, 41, 0.2, 17405, 0.0025
5, 0.35000000000000003, 41, 0.2, 17503, 0.0025
5, 0.35000000000000003, 41, 0.2, 17504, 0.0025
5, 0.35000000000000003, 41, 0.2, 17505, 0.0025
5, 0.35000000000000003, 41, 0.2, 17506, 0.0025
5, 0.35000000000000003, 41, 0.2, 17508, 0.0025
5, 0.35000000000000003, 41, 0.2, 17509, 0.0025
5, 0.35000000000000003, 41, 0.2, 17602, 0.0025
5, 0.35000000000000003, 41, 0.2, 17603, 0.0025
5, 0.35000000000000003, 41, 0.2, 17604, 0.0025
5, 0.35000000000000003, 41, 0.2, 17605, 0.0025
5, 0.35000000000000003, 41, 0.2, 17606, 0.0025
5, 0.35000000000000003, 41, 0.2, 17607, 0.0025
5, 0.35000000000000003, 41, 0.2, 17608, 0.0025
5, 0.35000000000000003, 41, 0.2, 17609, 0.0025
5, 0.35000000000000003, 41, 0.2, 17696, 0.0025
5, 0.35000000000000003, 41, 0.2, 17697, 0.0025
5, 0.35000000000000003, 41, 0.2, 17698, 0.0025
5, 0.35000000000000003, 41, 0.2, 17699, 0.0025
5, 0.35000000000000003, 41, 0.2, 17700, 0.0025
5, 0.35000000000000003, 41, 0.2, 17702, 0.0025
5, 0.35000000000000003, 41, 0.2, 17703, 0.0025
5, 0.35000000000000003, 41, 0.2, 17704, 0.0025
5, 0.35000000000000003, 41, 0.2, 17790, 0.0025
5, 0.35000000000000003, 41, 0.2, 17791, 0.0025
5, 0.35000000000000003, 41, 0.2, 17792, 0.0025
5, 0.35000000000000003, 41, 0.2, 17793, 0.0025
5, 0.35000000000000003, 41, 0.2, 17794, 0.0025
5, 0.35000000000000003, 41, 0.2, 17795, 0.0025
5, 0.35000000000000003, 41, 0.2, 17797, 0.0025
5, 0.35000000000000003, 41, 0.2, 17885, 0.0025
5, 0.35000000000000003, 41, 0.2, 17888, 0.0025
5, 0.35000000000000003, 41, 0.2, 17889, 0.0025
5, 0.35000000000000003, 41, 0.2, 17890, 0.0025
5, 0.35000000000000003, 41, 0.2, 17892, 0.0025
5, 0.35000000000000003, 41, 0.2, 17976, 0.0025
5, 0.35000000000000003, 41, 0.2, 17977, 0.0025
5, 0.35000000000000003, 41, 0.2, 17978, 0.0025
5, 0.35000000000000003, 41, 0.2, 17979, 0.0025
5, 0.35000000000000003, 41, 0.2, 17980, 0.0025
5, 0.35000000000000003, 41, 0.2, 17982, 0.0025
5, 0.35000000000000003, 41, 0.2, 18060, 0.0025
5, 0.35000000000000003, 41, 0.2, 18062, 0.0025
5, 0.35000000000000003, 41, 0.2, 18064, 0.0025
5, 0.35000000000000003, 41, 0.2, 18066, 0.0025
5, 0.35000000000000003, 41, 0.2, 18149, 0.0025
5, 0.35000000000000003, 41, 0.2, 18150, 0.0025
5, 0.35000000000000003, 41, 0.2, 18157, 0.0025
5, 0.35000000000000003, 41, 0.2, 18230, 0.0025
5, 0.35000000000000003, 41, 0.2, 18232, 0.0025
5, 0.35000000000000003, 41, 0.2, 18233, 0.0025
5, 0.35000000000000003, 41, 0.2, 18234, 0.0025
5, 0.35000000000000003, 41, 0.2, 18235, 0.0025
5, 0.4, 5, 0.2, 2128, 0.0025
5, 0.4, 5, 0.2, 2134, 0.0025
5, 0.4, 5, 0.2, 2229, 0.0025
5, 0.4, 5, 0.2, 2230, 0.0025
5, 0.4, 5, 0.2, 2231, 0.0025
5, 0.4, 5, 0.2, 2535, 0.0025
5, 0.4, 5, 0.2, 2536, 0.0025
5, 0.4, 5, 0.2, 2537, 0.0025
5, 0.4, 5, 0.2, 2636, 0.0025
5, 0.4, 5, 0.2, 2637, 0.0025
5, 0.4, 5, 0.2, 2638, 0.0025
5, 0.4, 5, 0.2, 2639, 0.0025
5, 0.4, 5, 0.2, 2738, 0.0025
5, 0.4, 5, 0.2, 2739, 0.0025
5, 0.4, 5, 0.2, 2740, 0.0025
5, 0.4, 5, 0.2, 2741, 0.0025
5, 0.4, 5, 0.2, 2742, 0.0025
5, 0.4, 5, 0.2, 2842, 0.0025
5, 0.4, 5, 0.2, 2843, 0.0025
5, 0.4, 5, 0.2, 2844, 0.0025
5, 0.4, 5, 0.2, 2845, 0.0025
5, 0.4, 5, 0.2, 2846, 0.0025
5, 0.4, 5, 0.2, 2847, 0.0025
5, 0.4, 5, 0.2, 2947, 0.0025
5, 0.4, 5, 0.2, 2948, 0.0025
5, 0.4, 5, 0.2, 2949, 0.0025
5, 0.4, 5, 0.2, 2950, 0.0025
5, 0.4, 5, 0.2, 2951, 0.0025
5, 0.4, 5, 0.2, 2952, 0.0025
5, 0.4, 5, 0.2, 2953, 0.0025
5, 0.4, 5, 0.2, 3054, 0.0025
5, 0.4, 5, 0.2, 3055, 0.0025
5, 0.4, 5, 0.2, 3056, 0.0025
5, 0.4, 5, 0.2, 3057, 0.0025
5, 0.4, 5, 0.2, 3058, 0.0025
5, 0.4, 5, 0.2, 3059, 0.0025
5, 0.4, 5, 0.2, 3161, 0.0025
5, 0.4, 5, 0.2, 3162, 0.0025
5, 0.4, 5, 0.2, 3163, 0.0025
5, 0.4, 5, 0.2, 3164, 0.0025
5, 0.4, 5, 0.2, 3165, 0.0025
5, 0.4, 5, 0.2, 3166, 0.0025
5, 0.4, 5, 0.2, 3167, 0.0025
5, 0.4, 5, 0.2, 3269, 0.0025
5, 0.4, 5, 0.2, 3270, 0.0025
5, 0.4, 5, 0.2, 3271, 0.0025
5, 0.4, 5, 0.2, 3272, 0.0025
5, 0.4, 5, 0.2, 3273, 0.0025
5, 0.4, 5, 0.2, 3274, 0.0025
5, 0.4, 5, 0.2, 3275, 0.0025
5, 0.4, 5, 0.2, 3378, 0.0025
5, 0.4, 5, 0.2, 3379, 0.0025
5, 0.4, 5, 0.2, 3380, 0.0025
5, 0.4, 5, 0.2, 3381, 0.0025
5, 0.4, 5, 0.2, 3382, 0.0025
5, 0.4, 5, 0.2, 3383, 0.0025
5, 0.4, 5, 0.2, 3490, 0.0025
5, 0.4, 5, 0.2, 3491, 0.0025
5, 0.4, 5, 0.2, 3492, 0.0025
5, 0.4, 5, 0.2, 3493, 0.0025
5, 0.4, 5, 0.2, 3494, 0.0025
5, 0.4, 5, 0.2, 3600, 0.0025
5, 0.4, 5, 0.2, 3601, 0.0025
5, 0.4, 5, 0.2, 3602, 0.0025
5, 0.4, 5, 0.2, 3603, 0.0025
5, 0.4, 5, 0.2, 3604, 0.0025
5, 0.4, 5, 0.2, 3712, 0.0025
5, 0.4, 5, 0.2, 3713, 0.0025
5, 0.4, 5, 0.2, 3714, 0.0025
5, 0.4, 5, 0.2, 3715, 0.0025
5, 0.4, 5, 0.2, 3716, 0.0025
5, 0.4, 5, 0.2, 3826, 0.0025
5, 0.4, 5, 0.2, 3827, 0.0025
5, 0.4, 5, 0.2, 3828, 0.0025
5, 0.4, 5, 0.2, 3829, 0.0025
5, 0.4, 5, 0.2, 3941, 0.0025
5, 0.4, 5, 0.2, 3942, 0.0025
5, 0.4, 5, 0.2, 3943, 0.0025
5, 0.4, 5, 0.2, 4056, 0.0025
5, 0.4, 5, 0.2, 4057, 0.0025
5, 0.4, 5, 0.2, 4173, 0.0025
5, 0.4, 9, 0.2, 5452, 0.0025
5, 0.4, 9, 0.2, 5569, 0.0025
5, 0.4, 9, 0.2, 5570, 0.0025
5, 0.4, 9, 0.2, 5571, 0.0025
5, 0.4, 9, 0.2, 5572, 0.0025
5, 0.4, 9, 0.2, 5573, 0.0025
5, 0.4, 9, 0.2, 5574, 0.0025
5, 0.4, 9, 0.2, 5575, 0.0025
5, 0.4, 9, 0.2, 5576, 0.0025
5, 0.4, 9, 0.2, 5577, 0.0025
5, 0.4, 9, 0.2, 5579, 0.0025
5, 0.4, 9, 0.2, 5695, 0.0025
5, 0.4, 9, 0.2, 5696, 0.0025
5, 0.4, 9, 0.2, 5697, 0.0025
5, 0.4, 9, 0.2, 5698, 0.0025
5, 0.4, 9, 0.2, 5699, 0.0025
5, 0.4, 9, 0.2, 5700, 0.0025
5, 0.4, 9, 0.2, 5701, 0.0025
5, 0.4, 9, 0.2, 5702, 0.0025
5, 0.4, 9, 0.2, 5703, 0.0025
5, 0.4, 9, 0.2, 5704, 0.0025
5, 0.4, 9, 0.2, 5705, 0.0025
5, 0.4, 9, 0.2, 5822, 0.0025
5, 0.4, 9, 0.2, 5823, 0.0025
5, 0.4, 9, 0.2, 5824, 0.0025
5, 0.4, 9, 0.2, 5825, 0.0025
5, 0.4, 9, 0.2, 5826, 0.0025
5, 0.4, 9, 0.2, 5827, 0.0025
5, 0.4, 9, 0.2, 5828, 0.0025
5, 0.4, 9, 0.2, 5829, 0.0025
5, 0.4, 9, 0.2, 5830, 0.0025
5, 0.4, 9, 0.2, 5831, 0.0025
5, 0.4, 9, 0.2, 5832, 0.0025
5, 0.4, 9, 0.2, 5833, 0.0025
5, 0.4, 9, 0.2, 5950, 0.0025
5, 0.4, 9, 0.2, 5951, 0.0025
5, 0.4, 9, 0.2, 5952, 0.0025
5, 0.4, 9, 0.2, 5953, 0.0025
5, 0.4, 9, 0.2, 5954, 0.0025
5, 0.4, 9, 0.2, 5955, 0.0025
5, 0.4, 9, 0.2, 5956, 0.0025
5, 0.4, 9, 0.2, 5957, 0.0025
5, 0.4, 9, 0.2, 5958, 0.0025
5, 0.4, 9, 0.2, 5959, 0.0025
5, 0.4, 9, 0.2, 5960, 0.0025
5, 0.4, 9, 0.2, 5961, 0.0025
5, 0.4, 9, 0.2, 6079, 0.0025
5, 0.4, 9, 0.2, 6080, 0.0025
5, 0.4, 9, 0.2, 6081, 0.0025
5, 0.4, 9, 0.2, 6082, 0.0025
5, 0.4, 9, 0.2, 6083, 0.0025
5, 0.4, 9, 0.2, 6084, 0.0025
5, 0.4, 9, 0.2, 6085, 0.0025
5, 0.4, 9, 0.2, 6086, 0.0025
5, 0.4, 9, 0.2, 6087, 0.0025
5, 0.4, 9, 0.2, 6088, 0.0025
5, 0.4, 9, 0.2, 6089, 0.0025
5, 0.4, 9, 0.2, 6090, 0.0025
5, 0.4, 9, 0.2, 6209, 0.0025
5, 0.4, 9, 0.2, 6210, 0.0025
5, 0.4, 9, 0.2, 6211, 0.0025
5, 0.4, 9, 0.2, 6212, 0.0025
5, 0.4, 9, 0.2, 6213, 0.0025
5, 0.4, 9, 0.2, 6214, 0.0025
5, 0.4, 9, 0.2, 6215, 0.0025
5, 0.4, 9, 0.2, 6216, 0.0025
5, 0.4, 9, 0.2, 6217, 0.0025
5, 0.4, 9, 0.2, 6218, 0.0025
5, 0.4, 9, 0.2, 6342, 0.0025
5, 0.4, 9, 0.2, 6343, 0.0025
5, 0.4, 9, 0.2, 6344, 0.0025
5, 0.4, 9, 0.2, 6345, 0.0025
5, 0.4, 9, 0.2, 6346, 0.0025
5, 0.4, 9, 0.2, 6347, 0.0025
5, 0.4, 9, 0.2, 6348, 0.0025
5, 0.4, 9, 0.2, 6349, 0.0025
5, 0.4, 19, 0.2, 6472, 0.0025
5, 0.4, 19, 0.2, 6473, 0.0025
5, 0.4, 19, 0.2, 6474, 0.0025
5, 0.4, 19, 0.2, 6475, 0.0025
5, 0.4, 9, 0.2, 6476, 0.0025
5, 0.4, 9, 0.2, 6477, 0.0025
5, 0.4, 9, 0.2, 6478, 0.0025
5, 0.4, 9, 0.2, 6479, 0.0025
5, 0.4, 19, 0.2, 6603, 0.0025
5, 0.4, 19, 0.2, 6604, 0.0025
5, 0.4, 19, 0.2, 6605, 0.0025
5, 0.4, 19, 0.2, 6606, 0.0025
5, 0.4, 19, 0.2, 6607, 0.0025
5, 0.4, 19, 0.2, 6608, 0.0025
5, 0.4, 19, 0.2, 6609, 0.0025
5, 0.4, 9, 0.2, 6611, 0.0025
5, 0.4, 19, 0.2, 6736, 0.0025
5, 0.4, 19, 0.2, 6737, 0.0025
5, 0.4, 19, 0.2, 6738, 0.0025
5, 0.4, 19, 0.2, 6739, 0.0025
5, 0.4, 19, 0.2, 6740, 0.0025
5, 0.4, 19, 0.2, 6741, 0.0025
5, 0.4, 19, 0.2, 6742, 0.0025
5, 0.4, 19, 0.2, 6869, 0.0025
5, 0.4, 19, 0.2, 6870, 0.0025
5, 0.4, 19, 0.2, 6871, 0.0025
5, 0.4, 19, 0.2, 6872, 0.0025
5, 0.4, 19, 0.2, 6873, 0.0025
5, 0.4, 19, 0.2, 6874, 0.0025
5, 0.4, 19, 0.2, 6875, 0.0025
5, 0.4, 19, 0.2, 6876, 0.0025
5, 0.4, 19, 0.2, 7003, 0.0025
5, 0.4, 19, 0.2, 7004, 0.0025
5, 0.4, 19, 0.2, 7005, 0.0025
5, 0.4, 19, 0.2, 7006, 0.0025
5, 0.4, 19, 0.2, 7007, 0.0025
5, 0.4, 19, 0.2, 7008, 0.0025
5, 0.4, 19, 0.2, 7009, 0.0025
5, 0.4, 19, 0.2, 7010, 0.0025
5, 0.4, 19, 0.2, 7136, 0.0025
5, 0.4, 19, 0.2, 7137, 0.0025
5, 0.4, 19, 0.2, 7138, 0.0025
5, 0.4, 19, 0.2, 7139, 0.0025
5, 0.4, 19, 0.2, 7140, 0.0025
5, 0.4, 19, 0.2, 7141, 0.0025
5, 0.4, 19, 0.2, 7142, 0.0025
5, 0.4, 19, 0.2, 7143, 0.0025
5, 0.4, 19, 0.2, 7144, 0.0025
5, 0.4, 19, 0.2, 7271, 0.0025
5, 0.4, 19, 0.2, 7272, 0.0025
5, 0.4, 19, 0.2, 7273, 0.0025
5, 0.4, 19, 0.2, 7274, 0.0025
5, 0.4, 19, 0.2, 7275, 0.0025
5, 0.4, 19, 0.2, 7276, 0.0025
5, 0.4, 19, 0.2, 7277, 0.0025
5, 0.4, 19, 0.2, 7278, 0.0025
5, 0.4, 19, 0.2, 7279, 0.0025
5, 0.4, 19, 0.2, 7280, 0.0025
5, 0.4, 19, 0.2, 7281, 0.0025
5, 0.4, 19, 0.2, 7407, 0.0025
5, 0.4, 19, 0.2, 7408, 0.0025
5, 0.4, 19, 0.2, 7409, 0.0025
5, 0.4, 19, 0.2, 7410, 0.0025
5, 0.4, 19, 0.2, 7411, 0.0025
5, 0.4, 19, 0.2, 7412, 0.0025
5, 0.4, 19, 0.2, 7413, 0.0025
5, 0.4, 19, 0.2, 7414, 0.0025
5, 0.4, 19, 0.2, 7415, 0.0025
5, 0.4, 19, 0.2, 7416, 0.0025
5, 0.4, 19, 0.2, 7545, 0.0025
5, 0.4, 19, 0.2, 7546, 0.0025
5, 0.4, 19, 0.2, 7547, 0.0025
5, 0.4, 19, 0.2, 7548, 0.0025
5, 0.4, 19, 0.2, 7549, 0.0025
5, 0.4, 19, 0.2, 7550, 0.0025
5, 0.4, 19, 0.2, 7551, 0.0025
5, 0.4, 19, 0.2, 7552, 0.0025
5, 0.4, 19, 0.2, 7553, 0.0025
5, 0.4, 19, 0.2, 7684, 0.0025
5, 0.4, 19, 0.2, 7685, 0.0025
5, 0.4, 19, 0.2, 7686, 0.0025
5, 0.4, 19, 0.2, 7687, 0.0025
5, 0.4, 19, 0.2, 7688, 0.0025
5, 0.4, 19, 0.2, 7689, 0.0025
5, 0.4, 19, 0.2, 7690, 0.0025
5, 0.4, 19, 0.2, 7824, 0.0025
5, 0.4, 25, 0.2, 9428, 0.0025
5, 0.4, 25, 0.2, 9577, 0.0025
5, 0.4, 25, 0.2, 9578, 0.0025
5, 0.4, 25, 0.2, 9717, 0.0025
5, 0.4, 25, 0.2, 9718, 0.0025
5, 0.4, 25, 0.2, 9719, 0.0025
5, 0.4, 25, 0.2, 9720, 0.0025
5, 0.4, 25, 0.2, 9847, 0.0025
5, 0.4, 25, 0.2, 9849, 0.0025
5, 0.4, 25, 0.2, 9850, 0.0025
5, 0.4, 25, 0.2, 9851, 0.0025
5, 0.4, 25, 0.2, 9852, 0.0025
5, 0.4, 25, 0.2, 9975, 0.0025
5, 0.4, 25, 0.2, 9976, 0.0025
5, 0.4, 25, 0.2, 9977, 0.0025
5, 0.4, 25, 0.2, 10090, 0.0025
5, 0.4, 25, 0.2, 10093, 0.0025
5, 0.4, 25, 0.2, 10095, 0.0025
5, 0.4, 25, 0.2, 10096, 0.0025
5, 0.4, 25, 0.2, 10097, 0.0025
5, 0.4, 25, 0.2, 10203, 0.0025
5, 0.4, 25, 0.2, 10204, 0.0025
5, 0.4, 25, 0.2, 10205, 0.0025
5, 0.4, 25, 0.2, 10206, 0.0025
5, 0.4, 25, 0.2, 10210, 0.0025
5, 0.4, 25, 0.2, 10211, 0.0025
5, 0.4, 25, 0.2, 10212, 0.0025
5, 0.4, 25, 0.2, 10213, 0.0025
5, 0.4, 25, 0.2, 10319, 0.0025
5, 0.4, 25, 0.2, 10321, 0.0025
5, 0.4, 25, 0.2, 10322, 0.0025
5, 0.4, 25, 0.2, 10323, 0.0025
5, 0.4, 25, 0.2, 10324, 0.0025
5, 0.4, 25, 0.2, 10328, 0.0025
5, 0.4, 25, 0.2, 10329, 0.0025
5, 0.4, 25, 0.2, 10330, 0.0025
5, 0.4, 25, 0.2, 10435, 0.0025
5, 0.4, 25, 0.2, 10436, 0.0025
5, 0.4, 25, 0.2, 10437, 0.0025
5, 0.4, 25, 0.2, 10438, 0.0025
5, 0.4, 25, 0.2, 10439, 0.0025
5, 0.4, 25, 0.2, 10440, 0.0025
5, 0.4, 25, 0.2, 10441, 0.0025
5, 0.4, 25, 0.2, 10442, 0.0025
5, 0.4, 25, 0.2, 10445, 0.0025
5, 0.4, 25, 0.2, 10446, 0.0025
5, 0.4, 25, 0.2, 10447, 0.0025
5, 0.4, 25, 0.2, 10551, 0.0025
5, 0.4, 25, 0.2, 10552, 0.0025
5, 0.4, 25, 0.2, 10555, 0.0025
5, 0.4, 25, 0.2, 10556, 0.0025
5, 0.4, 25, 0.2, 10557, 0.0025
5, 0.4, 25, 0.2, 10558, 0.0025
5, 0.4, 25, 0.2, 10559, 0.0025
5, 0.4, 25, 0.2, 10560, 0.0025
5, 0.4, 25, 0.2, 10564, 0.0025
5, 0.4, 25, 0.2, 10565, 0.0025
5, 0.4, 25, 0.2, 10566, 0.0025
5, 0.4, 25, 0.2, 10670, 0.0025
5, 0.4, 25, 0.2, 10673, 0.0025
5, 0.4, 25, 0.2, 10674, 0.0025
5, 0.4, 25, 0.2, 10675, 0.0025
5, 0.4, 25, 0.2, 10676, 0.0025
5, 0.4, 25, 0.2, 10677, 0.0025
5, 0.4, 25, 0.2, 10678, 0.0025
5, 0.4, 25, 0.2, 10681, 0.0025
5, 0.4, 25, 0.2, 10682, 0.0025
5, 0.4, 25, 0.2, 10683, 0.0025
5, 0.4, 25, 0.2, 10787, 0.0025
5, 0.4, 25, 0.2, 10788, 0.0025
5, 0.4, 25, 0.2, 10789, 0.0025
5, 0.4, 25, 0.2, 10790, 0.0025
5, 0.4, 25, 0.2, 10791, 0.0025
5, 0.4, 25, 0.2, 10792, 0.0025
5, 0.4, 25, 0.2, 10793, 0.0025
5, 0.4, 25, 0.2, 10796, 0.0025
5, 0.4, 25, 0.2, 10797, 0.0025
5, 0.4, 25, 0.2, 10798, 0.0025
5, 0.4, 25, 0.2, 10897, 0.0025
5, 0.4, 25, 0.2, 10898, 0.0025
5, 0.4, 25, 0.2, 10899, 0.0025
5, 0.4, 41, 0.2, 16651, 0.0025
5, 0.4, 41, 0.2, 16653, 0.0025
5, 0.4, 41, 0.2, 16754, 0.0025
5, 0.4, 41, 0.2, 16755, 0.0025
5, 0.4, 41, 0.2, 16870, 0.0025
5, 0.4, 41, 0.2, 16876, 0.0025
5, 0.4, 41, 0.2, 16877, 0.0025
5, 0.4, 41, 0.2, 16986, 0.0025
5, 0.4, 41, 0.2, 16987, 0.0025
5, 0.4, 41, 0.2, 17087, 0.0025
5, 0.4, 41, 0.2, 17091, 0.0025
5, 0.4, 41, 0.2, 17092, 0.0025
5, 0.4, 41, 0.2, 17093, 0.0025
5, 0.4, 41, 0.2, 17094, 0.0025
5, 0.4, 41, 0.2, 17095, 0.0025
5, 0.4, 41, 0.2, 17190, 0.0025
5, 0.4, 41, 0.2, 17197, 0.0025
5, 0.4, 41, 0.2, 17198, 0.0025
5, 0.4, 41, 0.2, 17200, 0.0025
5, 0.4, 41, 0.2, 17293, 0.0025
5, 0.4, 41, 0.2, 17295, 0.0025
5, 0.4, 41, 0.2, 17299, 0.0025
5, 0.4, 41, 0.2, 17301, 0.0025
5, 0.4, 41, 0.2, 17303, 0.0025
5, 0.4, 41, 0.2, 17395, 0.0025
5, 0.4, 41, 0.2, 17401, 0.0025
5, 0.4, 41, 0.2, 17402, 0.0025
5, 0.4, 41, 0.2, 17404, 0.0025
5, 0.4, 41, 0.2, 17405, 0.0025
5, 0.4, 41, 0.2, 17503, 0.0025
5, 0.4, 41, 0.2, 17504, 0.0025
5, 0.4, 41, 0.2, 17505, 0.0025
5, 0.4, 41, 0.2, 17506, 0.0025
5, 0.4, 41, 0.2, 17508, 0.0025
5, 0.4, 41, 0.2, 17509, 0.0025
5, 0.4, 41, 0.2, 17602, 0.0025
5, 0.4, 41, 0.2, 17603, 0.0025
5, 0.4, 41, 0.2, 17604, 0.0025
5, 0.4, 41, 0.2, 17605, 0.0025
5, 0.4, 41, 0.2, 17606, 0.0025
5, 0.4, 41, 0.2, 17607, 0.0025
5, 0.4, 41, 0.2, 17608, 0.0025
5, 0.4, 41, 0.2, 17609, 0.0025
5, 0.4, 41, 0.2, 17696, 0.0025
5, 0.4, 41, 0.2, 17697, 0.0025
5, 0.4, 41, 0.2, 17698, 0.0025
5, 0.4, 41, 0.2, 17699, 0.0025
5, 0.4, 41, 0.2, 17700, 0.0025
5, 0.4, 41, 0.2, 17702, 0.0025
5, 0.4, 41, 0.2, 17703, 0.0025
5, 0.4, 41, 0.2, 17704, 0.0025
5, 0.4, 41, 0.2, 17790, 0.0025
5, 0.4, 41, 0.2, 17791, 0.0025
5, 0.4, 41, 0.2, 17792, 0.0025
5, 0.4, 41, 0.2, 17793, 0.0025
5, 0.4, 41, 0.2, 17794, 0.0025
5, 0.4, 41, 0.2, 17795, 0.0025
5, 0.4, 41, 0.2, 17797, 0.0025
5, 0.4, 41, 0.2, 17885, 0.0025
5, 0.4, 41, 0.2, 17888, 0.0025
5, 0.4, 41, 0.2, 17889, 0.0025
5, 0.4, 41, 0.2, 17890, 0.0025
5, 0.4, 41, 0.2, 17892, 0.0025
5, 0.4, 41, 0.2, 17976, 0.0025
5, 0.4, 41, 0.2, 17977, 0.0025
5, 0.4, 41, 0.2, 17978, 0.0025
5, 0.4, 41, 0.2, 17979, 0.0025
5, 0.4, 41, 0.2, 17980, 0.0025
5, 0.4, 41, 0.2, 17982, 0.0025
5, 0.4, 41, 0.2, 18060, 0.0025
5, 0.4, 41, 0.2, 18062, 0.0025
5, 0.4, 41, 0.2, 18064, 0.0025
5, 0.4, 41, 0.2, 18066, 0.0025
5, 0.4, 41, 0.2, 18149, 0.0025
5, 0.4, 41, 0.2, 18150, 0.0025
5, 0.4, 41, 0.2, 18157, 0.0025
5, 0.4, 41, 0.2, 18230, 0.0025
5, 0.4, 41, 0.2, 18232, 0.0025
5, 0.4, 41, 0.2, 18233, 0.0025
5, 0.4, 41, 0.2, 18234, 0.0025
5, 0.4, 41, 0.2, 18235, 0.0025
5, 0.45, 1, 0.2, 460, 0.0025
5, 0.45, 1, 0.2, 462, 0.0025
5, 0.45, 1, 0.2, 501, 0.0025
5, 0.45, 1, 0.2, 503, 0.0025
5, 0.45, 1, 0.2, 507, 0.0025
5, 0.45, 1, 0.2, 548, 0.0025
5, 0.45, 1, 0.2, 549, 0.002500000000000004
5, 0.45, 1, 0.2, 550, 0.002499999999999995
5, 0.45, 1, 0.2, 551, 0.0025
5, 0.45, 1, 0.2, 552, 0.002499999999999986
5, 0.45, 1, 0.2, 553, 0.0025
5, 0.45, 1, 0.2, 554, 0.0025
5, 0.45, 1, 0.2, 596, 0.0025
5, 0.45, 1, 0.2, 597, 0.0025
5, 0.45, 1, 0.2, 598, 0.0025
5, 0.45, 1, 0.2, 599, 0.0025
5, 0.45, 1, 0.2, 600, 0.0025
5, 0.45, 1, 0.2, 601, 0.002499999999999998
5, 0.45, 1, 0.2, 602, 0.0025
5, 0.45, 1, 0.2, 603, 0.0025
5, 0.45, 1, 0.2, 604, 0.0025
5, 0.45, 1, 0.2, 648, 0.0025
5, 0.45, 1, 0.2, 649, 0.0025
5, 0.45, 1, 0.2, 650, 0.0025
5, 0.45, 1, 0.2, 651, 0.002500000000000014
5, 0.45, 1, 0.2, 652, 0.0025
5, 0.45, 1, 0.2, 653, 0.0025
5, 0.45, 1, 0.2, 654, 0.0025
5, 0.45, 1, 0.2, 701, 0.0025
5, 0.45, 1, 0.2, 702, 0.0025
5, 0.45, 1, 0.2, 703, 0.0025
5, 0.45, 1, 0.2, 704, 0.0025
5, 0.45, 1, 0.2, 705, 0.0025
5, 0.45, 1, 0.2, 706, 0.0025
5, 0.45, 1, 0.2, 707, 0.0025
5, 0.45, 1, 0.2, 756, 0.0025
5, 0.45, 1, 0.2, 757, 0.0025
5, 0.45, 1, 0.2, 758, 0.0025
5, 0.45, 1, 0.2, 759, 0.0025
5, 0.45, 1, 0.2, 760, 0.0025
5, 0.45, 1, 0.2, 761, 0.0025
5, 0.45, 1, 0.2, 762, 0.0025
5, 0.45, 1, 0.2, 807, 0.0025
5, 0.45, 1, 0.2, 814, 0.0025
5, 0.45, 1, 0.2, 815, 0.0025
5, 0.45, 1, 0.2, 816, 0.0025
5, 0.45, 1, 0.2, 817, 0.0025
5, 0.45, 1, 0.2, 818, 0.0025
5, 0.45, 1, 0.2, 874, 0.0025
5, 0.45, 1, 0.2, 875, 0.0025
5, 0.45, 1, 0.2, 876, 0.0025
5, 0.45, 1, 0.2, 877, 0.0025
5, 0.45, 1, 0.2, 936, 0.0025
5, 0.45, 1, 0.2, 937, 0.0025
5, 0.45, 1, 0.2, 938, 0.0025
5, 0.45, 1, 0.2, 1053, 0.0025
5, 0.45, 1, 0.2, 1119, 0.0025
5, 0.45, 1, 0.2, 1188, 0.0025
5, 0.45, 1, 0.2, 1258, 0.0025
5, 0.45, 1, 0.2, 1330, 0.0025
5, 0.45, 1, 0.2, 1331, 0.0025
5, 0.45, 1, 0.2, 1332, 0.0025
5, 0.45, 1, 0.2, 1333, 0.0025
5, 0.45, 1, 0.2, 1334, 0.0025
5, 0.45, 1, 0.2, 1406, 0.0025
5, 0.45, 1, 0.2, 1407, 0.0025
5, 0.45, 1, 0.2, 1408, 0.0025
5, 0.45, 1, 0.2, 1409, 0.0025
5, 0.45, 1, 0.2, 1410, 0.0025
5, 0.45, 1, 0.2, 1482, 0.0025
5, 0.45, 1, 0.2, 1483, 0.0025
5, 0.45, 1, 0.2, 1484, 0.0025
5, 0.45, 1, 0.2, 1485, 0.0025
5, 0.45, 1, 0.2, 1486, 0.0025
5, 0.45, 1, 0.2, 1560, 0.0025
5, 0.45, 1, 0.2, 1561, 0.0025
5, 0.45, 1, 0.2, 1562, 0.0025
5, 0.45, 1, 0.2, 1563, 0.0025
5, 0.45, 1, 0.2, 1641, 0.0025
5, 0.45, 1, 0.2, 1642, 0.0025
5, 0.45, 1, 0.2, 1724, 0.0025
5, 0.45, 10, 0.2, 2101, 0.0025
5, 0.45, 10, 0.2, 2298, 0.0025
5, 0.45, 10, 0.2, 2397, 0.0025
5, 0.45, 10, 0.2, 2399, 0.0025
5, 0.45, 10, 0.2, 2400, 0.0025
5, 0.45, 10, 0.2, 2495, 0.0025
5, 0.45, 10, 0.2, 2497, 0.0025
5, 0.45, 10, 0.2, 2499, 0.0025
5, 0.45, 10, 0.2, 2500, 0.0025
5, 0.45, 10, 0.2, 2601, 0.0025
5, 0.45, 10, 0.2, 2602, 0.0025
5, 0.45, 10, 0.2, 2604, 0.0025
5, 0.45, 10, 0.2, 2605, 0.0025
5, 0.45, 10, 0.2, 2705, 0.0025
5, 0.45, 10, 0.2, 2709, 0.0025
5, 0.45, 10, 0.2, 2805, 0.0025
5, 0.45, 10, 0.2, 2813, 0.0025
5, 0.45, 10, 0.2, 2815, 0.0025
5, 0.45, 10, 0.2, 2910, 0.0025
5, 0.45, 10, 0.2, 2920, 0.0025
5, 0.45, 10, 0.2, 3017, 0.0025
5, 0.45, 10, 0.2, 3021, 0.0025
5, 0.45, 10, 0.2, 3129, 0.0025
5, 0.45, 10, 0.2, 3130, 0.0025
5, 0.45, 10, 0.2, 3133, 0.0025
5, 0.45, 10, 0.2, 3136, 0.0025
5, 0.45, 10, 0.2, 3234, 0.002500000000000002
5, 0.45, 10, 0.2, 3239, 0.002499999999999997
5, 0.45, 10, 0.2, 3243, 0.0025
5, 0.45, 10, 0.2, 3343, 0.0025
5, 0.45, 10, 0.2, 3350, 0.0025
5, 0.45, 10, 0.2, 3352, 0.0025
5, 0.45, 10, 0.2, 3456, 0.0025
5, 0.45, 10, 0.2, 3458, 0.0025
5, 0.45, 10, 0.2, 3460, 0.0025
5, 0.45, 10, 0.2, 3461, 0.0025
5, 0.45, 10, 0.2, 3566, 0.0025
5, 0.45, 10, 0.2, 3567, 0.0025
5, 0.45, 10, 0.2, 3571, 0.0025
5, 0.45, 10, 0.2, 3572, 0.0025
5, 0.45, 10, 0.2, 3573, 0.0025
5, 0.45, 10, 0.2, 3575, 0.0025
5, 0.45, 10, 0.2, 3678, 0.0025
5, 0.45, 10, 0.2, 3679, 0.0025
5, 0.45, 10, 0.2, 3680, 0.0025
5, 0.45, 10, 0.2, 3681, 0.0025
5, 0.45, 10, 0.2, 3686, 0.0025
5, 0.45, 10, 0.2, 3793, 0.0025
5, 0.45, 10, 0.2, 3797, 0.0025
5, 0.45, 10, 0.2, 3798, 0.0025
5, 0.45, 10, 0.2, 3799, 0.0025
5, 0.45, 10, 0.2, 3800, 0.0025
5, 0.45, 10, 0.2, 3802, 0.0025
5, 0.45, 10, 0.2, 3908, 0.0025
5, 0.45, 10, 0.2, 3909, 0.0025
5, 0.45, 10, 0.2, 3910, 0.0025
5, 0.45, 10, 0.2, 3914, 0.0025
5, 0.45, 10, 0.2, 3916, 0.002500000000000001
5, 0.45, 10, 0.2, 4026, 0.0025
5, 0.45, 10, 0.2, 4027, 0.0025
5, 0.45, 10, 0.2, 4028, 0.0025
5, 0.45, 10, 0.2, 4140, 0.0025
5, 0.45, 10, 0.2, 4141, 0.0025
5, 0.45, 10, 0.2, 4142, 0.0025
5, 0.45, 10, 0.2, 4143, 0.0025
5, 0.45, 10, 0.2, 4145, 0.0025
5, 0.45, 10, 0.2, 4146, 0.0025
5, 0.45, 10, 0.2, 4147, 0.0025
5, 0.45, 10, 0.2, 4256, 0.0025
5, 0.45, 10, 0.2, 4260, 0.0025
5, 0.45, 10, 0.2, 4261, 0.0025
5, 0.45, 10, 0.2, 4262, 0.0025
5, 0.45, 10, 0.2, 4264, 0.0025
5, 0.45, 10, 0.2, 4380, 0.0025
5, 0.45, 10, 0.2, 4381, 0.0025
5, 0.45, 10, 0.2, 4618, 0.0025
5, 0.45, 10, 0.2, 4619, 0.0025
5, 0.45, 10, 0.2, 4741, 0.0025
5, 0.45, 10, 0.2, 4862, 0.0025
5, 0.45, 10, 0.2, 4863, 0.0025
5, 0.45, 10, 0.2, 4986, 0.0025
5, 0.45, 19, 0.2, 6472, 0.0025
5, 0.45, 19, 0.2, 6473, 0.0025
5, 0.45, 19, 0.2, 6474, 0.0025
5, 0.45, 19, 0.2, 6475, 0.0025
5, 0.45, 19, 0.2, 6603, 0.0025
5, 0.45, 19, 0.2, 6604, 0.0025
5, 0.45, 19, 0.2, 6605, 0.0025
5, 0.45, 19, 0.2, 6606, 0.0025
5, 0.45, 19, 0.2, 6607, 0.0025
5, 0.45, 19, 0.2, 6608, 0.0025
5, 0.45, 19, 0.2, 6609, 0.0025
5, 0.45, 19, 0.2, 6736, 0.0025
5, 0.45, 19, 0.2, 6737, 0.0025
5, 0.45, 19, 0.2, 6738, 0.0025
5, 0.45, 19, 0.2, 6739, 0.0025
5, 0.45, 19, 0.2, 6740, 0.0025
5, 0.45, 19, 0.2, 6741, 0.0025
5, 0.45, 19, 0.2, 6742, 0.0025
5, 0.45, 19, 0.2, 6869, 0.0025
5, 0.45, 19, 0.2, 6870, 0.0025
5, 0.45, 19, 0.2, 6871, 0.0025
5, 0.45, 19, 0.2, 6872, 0.0025
5, 0.45, 19, 0.2, 6873, 0.0025
5, 0.45, 19, 0.2, 6874, 0.0025
5, 0.45, 19, 0.2, 6875, 0.0025
5, 0.45, 19, 0.2, 6876, 0.0025
5, 0.45, 19, 0.2, 7003, 0.0025
5, 0.45, 19, 0.2, 7004, 0.0025
5, 0.45, 19, 0.2, 7005, 0.0025
5, 0.45, 19, 0.2, 7006, 0.0025
5, 0.45, 19, 0.2, 7007, 0.0025
5, 0.45, 19, 0.2, 7008, 0.0025
5, 0.45, 19, 0.2, 7009, 0.0025
5, 0.45, 19, 0.2, 7010, 0.0025
5, 0.45, 19, 0.2, 7136, 0.0025
5, 0.45, 19, 0.2, 7137, 0.0025
5, 0.45, 19, 0.2, 7138, 0.0025
5, 0.45, 19, 0.2, 7139, 0.0025
5, 0.45, 19, 0.2, 7140, 0.0025
5, 0.45, 19, 0.2, 7141, 0.0025
5, 0.45, 19, 0.2, 7142, 0.0025
5, 0.45, 19, 0.2, 7143, 0.0025
5, 0.45, 19, 0.2, 7144, 0.0025
5, 0.45, 19, 0.2, 7271, 0.0025
5, 0.45, 19, 0.2, 7272, 0.0025
5, 0.45, 19, 0.2, 7273, 0.0025
5, 0.45, 19, 0.2, 7274, 0.0025
5, 0.45, 19, 0.2, 7275, 0.0025
5, 0.45, 19, 0.2, 7276, 0.0025
5, 0.45, 19, 0.2, 7277, 0.0025
5, 0.45, 19, 0.2, 7278, 0.0025
5, 0.45, 19, 0.2, 7279, 0.0025
5, 0.45, 19, 0.2, 7280, 0.0025
5, 0.45, 19, 0.2, 7281, 0.0025
5, 0.45, 19, 0.2, 7407, 0.0025
5, 0.45, 19, 0.2, 7408, 0.0025
5, 0.45, 19, 0.2, 7409, 0.0025
5, 0.45, 19, 0.2, 7410, 0.0025
5, 0.45, 19, 0.2, 7411, 0.0025
5, 0.45, 19, 0.2, 7412, 0.0025
5, 0.45, 19, 0.2, 7413, 0.0025
5, 0.45, 19, 0.2, 7414, 0.0025
5, 0.45, 19, 0.2, 7415, 0.0025
5, 0.45, 19, 0.2, 7416, 0.0025
5, 0.45, 19, 0.2, 7545, 0.0025
5, 0.45, 19, 0.2, 7546, 0.0025
5, 0.45, 19, 0.2, 7547, 0.0025
5, 0.45, 19, 0.2, 7548, 0.0025
5, 0.45, 19, 0.2, 7549, 0.0025
5, 0.45, 19, 0.2, 7550, 0.0025
5, 0.45, 19, 0.2, 7551, 0.0025
5, 0.45, 19, 0.2, 7552, 0.0025
5, 0.45, 19, 0.2, 7553, 0.0025
5, 0.45, 19, 0.2, 7684, 0.0025
5, 0.45, 19, 0.2, 7685, 0.0025
5, 0.45, 19, 0.2, 7686, 0.0025
5, 0.45, 19, 0.2, 7687, 0.0025
5, 0.45, 19, 0.2, 7688, 0.0025
5, 0.45, 19, 0.2, 7689, 0.0025
5, 0.45, 19, 0.2, 7690, 0.0025
5, 0.45, 19, 0.2, 7824, 0.0025
5, 0.45, 25, 0.2, 9428, 0.002499999999999991
5, 0.45, 25, 0.2, 9577, 0.0025
5, 0.45, 25, 0.2, 9578, 0.0025
5, 0.45, 25, 0.2, 9717, 0.0025
5, 0.45, 25, 0.2, 9718, 0.0025
5, 0.45, 25, 0.2, 9719, 0.0025
5, 0.45, 25, 0.2, 9720, 0.0025
5, 0.45, 25, 0.2, 9847, 0.0025
5, 0.45, 25, 0.2, 9849, 0.0025
5, 0.45, 25, 0.2, 9850, 0.0025
5, 0.45, 25, 0.2, 9851, 0.0025
5, 0.45, 25, 0.2, 9852, 0.0025
5, 0.45, 25, 0.2, 9975, 0.0025
5, 0.45, 25, 0.2, 9976, 0.0025
5, 0.45, 25, 0.2, 9977, 0.0025
5, 0.45, 25, 0.2, 10090, 0.0025
5, 0.45, 25, 0.2, 10093, 0.0025
5, 0.45, 25, 0.2, 10095, 0.0025
5, 0.45, 25, 0.2, 10096, 0.0025
5, 0.45, 25, 0.2, 10097, 0.0025
5, 0.45, 25, 0.2, 10203, 0.0025
5, 0.45, 25, 0.2, 10204, 0.0025
5, 0.45, 25, 0.2, 10205, 0.0025
5, 0.45, 25, 0.2, 10206, 0.0025
5, 0.45, 25, 0.2, 10210, 0.0025
5, 0.45, 25, 0.2, 10211, 0.0025
5, 0.45, 25, 0.2, 10212, 0.0025
5, 0.45, 25, 0.2, 10213, 0.0025
5, 0.45, 25, 0.2, 10319, 0.0025
5, 0.45, 25, 0.2, 10321, 0.0025
5, 0.45, 25, 0.2, 10322, 0.0025
5, 0.45, 25, 0.2, 10323, 0.0025
5, 0.45, 25, 0.2, 10324, 0.0025
5, 0.45, 25, 0.2, 10328, 0.0025
5, 0.45, 25, 0.2, 10329, 0.0025
5, 0.45, 25, 0.2, 10330, 0.0025
5, 0.45, 25, 0.2, 10435, 0.0025
5, 0.45, 25, 0.2, 10436, 0.0025
5, 0.45, 25, 0.2, 10437, 0.0025
5, 0.45, 25, 0.2, 10438, 0.0025
5, 0.45, 25, 0.2, 10439, 0.0025
5, 0.45, 25, 0.2, 10440, 0.0025
5, 0.45, 25, 0.2, 10441, 0.0025
5, 0.45, 25, 0.2, 10442, 0.0025
5, 0.45, 25, 0.2, 10445, 0.0025
5, 0.45, 25, 0.2, 10446, 0.0025
5, 0.45, 25, 0.2, 10447, 0.0025
5, 0.45, 25, 0.2, 10551, 0.0025
5, 0.45, 25, 0.2, 10552, 0.0025
5, 0.45, 25, 0.2, 10555, 0.0025
5, 0.45, 25, 0.2, 10556, 0.0025
5, 0.45, 25, 0.2, 10557, 0.0025
5, 0.45, 25, 0.2, 10558, 0.0025
5, 0.45, 25, 0.2, 10559, 0.0025
5, 0.45, 25, 0.2, 10560, 0.0025
5, 0.45, 25, 0.2, 10564, 0.0025
5, 0.45, 25, 0.2, 10565, 0.0025
5, 0.45, 25, 0.2, 10566, 0.0025
5, 0.45, 25, 0.2, 10670, 0.0025
5, 0.45, 25, 0.2, 10673, 0.0025
5, 0.45, 25, 0.2, 10674, 0.0025
5, 0.45, 25, 0.2, 10675, 0.0025
5, 0.45, 25, 0.2, 10676, 0.0025
5, 0.45, 25, 0.2, 10677, 0.0025
5, 0.45, 25, 0.2, 10678, 0.0025
5, 0.45, 25, 0.2, 10681, 0.0025
5, 0.45, 25, 0.2, 10682, 0.0025
5, 0.45, 25, 0.2, 10683, 0.0025
5, 0.45, 25, 0.2, 10787, 0.0025
5, 0.45, 25, 0.2, 10788, 0.0025
5, 0.45, 25, 0.2, 10789, 0.0025
5, 0.45, 25, 0.2, 10790, 0.0025
5, 0.45, 25, 0.2, 10791, 0.002500000000000001
5, 0.45, 25, 0.2, 10792, 0.0025
5, 0.45, 25, 0.2, 10793, 0.0025
5, 0.45, 25, 0.2, 10796, 0.0025
5, 0.45, 25, 0.2, 10797, 0.0025
5, 0.45, 25, 0.2, 10798, 0.0025
5, 0.45, 25, 0.2, 10897, 0.0025
5, 0.45, 25, 0.2, 10898, 0.0025
5, 0.45, 25, 0.2, 10899, 0.0025
5, 0.45, 41, 0.2, 16651, 0.0025
5, 0.45, 41, 0.2, 16653, 0.0025
5, 0.45, 41, 0.2, 16754, 0.0025
5, 0.45, 41, 0.2, 16755, 0.0025
5, 0.45, 41, 0.2, 16870, 0.0025
5, 0.45, 41, 0.2, 16876, 0.0025
5, 0.45, 41, 0.2, 16877, 0.0025
5, 0.45, 41, 0.2, 16986, 0.0025
5, 0.45, 41, 0.2, 16987, 0.0025
5, 0.45, 41, 0.2, 17087, 0.0025
5, 0.45, 41, 0.2, 17091, 0.0025
5, 0.45, 41, 0.2, 17092, 0.0025
5, 0.45, 41, 0.2, 17093, 0.0025
5, 0.45, 41, 0.2, 17094, 0.0025
5, 0.45, 41, 0.2, 17095, 0.0025
5, 0.45, 41, 0.2, 17190, 0.0025
5, 0.45, 41, 0.2, 17197, 0.0025
5, 0.45, 41, 0.2, 17198, 0.0025
5, 0.45, 41, 0.2, 17200, 0.0025
5, 0.45, 41, 0.2, 17293, 0.0025
5, 0.45, 41, 0.2, 17295, 0.0025
5, 0.45, 41, 0.2, 17299, 0.0025
5, 0.45, 41, 0.2, 17301, 0.0025
5, 0.45, 41, 0.2, 17303, 0.0025
5, 0.45, 41, 0.2, 17395, 0.0025
5, 0.45, 41, 0.2, 17401, 0.0025
5, 0.45, 41, 0.2, 17402, 0.0025
5, 0.45, 41, 0.2, 17404, 0.0025
5, 0.45, 41, 0.2, 17405, 0.0025
5, 0.45, 41, 0.2, 17503, 0.0025
5, 0.45, 41, 0.2, 17504, 0.0025
5, 0.45, 41, 0.2, 17505, 0.0025
5, 0.45, 41, 0.2, 17506, 0.0025
5, 0.45, 41, 0.2, 17508, 0.0025
5, 0.45, 41, 0.2, 17509, 0.0025
5, 0.45, 41, 0.2, 17602, 0.0025
5, 0.45, 41, 0.2, 17603, 0.0025
5, 0.45, 41, 0.2, 17604, 0.0025
5, 0.45, 41, 0.2, 17605, 0.0025
5, 0.45, 41, 0.2, 17606, 0.0025
5, 0.45, 41, 0.2, 17607, 0.0025
5, 0.45, 41, 0.2, 17608, 0.0025
5, 0.45, 41, 0.2, 17609, 0.0025
5, 0.45, 41, 0.2, 17696, 0.0025
5, 0.45, 41, 0.2, 17697, 0.0025
5, 0.45, 41, 0.2, 17698, 0.0025
5, 0.45, 41, 0.2, 17699, 0.0025
5, 0.45, 41, 0.2, 17700, 0.0025
5, 0.45, 41, 0.2, 17702, 0.0025
5, 0.45, 41, 0.2, 17703, 0.0025
5, 0.45, 41, 0.2, 17704, 0.0025
5, 0.45, 41, 0.2, 17790, 0.0025
5, 0.45, 41, 0.2, 17791, 0.0025
5, 0.45, 41, 0.2, 17792, 0.0025
5, 0.45, 41, 0.2, 17793, 0.0025
5, 0.45, 41, 0.2, 17794, 0.0025
5, 0.45, 41, 0.2, 17795, 0.0025
5, 0.45, 41, 0.2, 17797, 0.0025
5, 0.45, 41, 0.2, 17885, 0.0025
5, 0.45, 41, 0.2, 17888, 0.0025
5, 0.45, 41, 0.2, 17889, 0.0025
5, 0.45, 41, 0.2, 17890, 0.0025
5, 0.45, 41, 0.2, 17892, 0.0025
5, 0.45, 41, 0.2, 17976, 0.0025
5, 0.45, 41, 0.2, 17977, 0.0025
5, 0.45, 41, 0.2, 17978, 0.0025
5, 0.45, 41, 0.2, 17979, 0.0025
5, 0.45, 41, 0.2, 17980, 0.0025
5, 0.45, 41, 0.2, 17982, 0.0025
5, 0.45, 41, 0.2, 18060, 0.0025
5, 0.45, 41, 0.2, 18062, 0.0025
5, 0.45, 41, 0.2, 18064, 0.0025
5, 0.45, 41, 0.2, 18066, 0.0025
5, 0.45, 41, 0.2, 18149, 0.0025
5, 0.45, 41, 0.2, 18150, 0.0025
5, 0.45, 41, 0.2, 18157, 0.0025
5, 0.45, 41, 0.2, 18230, 0.0025
5, 0.45, 41, 0.2, 18232, 0.0025
5, 0.45, 41, 0.2, 18233, 0.0025
5, 0.45, 41, 0.2, 18234, 0.0025
5, 0.45, 41, 0.2, 18235, 0.0025
5, 0.5, 1, 0.2, 460, 0.0025
5, 0.5, 1, 0.2, 462, 0.0025
5, 0.5, 1, 0.2, 501, 0.0025
5, 0.5, 1, 0.2, 503, 0.0025
5, 0.5, 1, 0.2, 507, 0.0025
5, 0.5, 1, 0.2, 548, 0.0025
5, 0.5, 1, 0.2, 549, 0.0025
5, 0.5, 1, 0.2, 550, 0.0025
5, 0.5, 1, 0.2, 551, 0.0025
5, 0.5, 1, 0.2, 552, 0.0025
5, 0.5, 1, 0.2, 553, 0.0025
5, 0.5, 1, 0.2, 554, 0.0025
5, 0.5, 1, 0.2, 596, 0.0025
5, 0.5, 1, 0.2, 597, 0.0025
5, 0.5, 1, 0.2, 598, 0.0025
5, 0.5, 1, 0.2, 599, 0.0025
5, 0.5, 1, 0.2, 600, 0.0025
5, 0.5, 1, 0.2, 601, 0.0025
5, 0.5, 1, 0.2, 602, 0.0025
5, 0.5, 1, 0.2, 603, 0.0025
5, 0.5, 1, 0.2, 604, 0.0025
5, 0.5, 1, 0.2, 648, 0.0025
5, 0.5, 1, 0.2, 649, 0.0025
5, 0.5, 1, 0.2, 650, 0.0025
5, 0.5, 1, 0.2, 651, 0.0025
5, 0.5, 1, 0.2, 652, 0.0025
5, 0.5, 1, 0.2, 653, 0.0025
5, 0.5, 1, 0.2, 654, 0.0025
5, 0.5, 1, 0.2, 701, 0.0025
5, 0.5, 1, 0.2, 702, 0.0025
5, 0.5, 1, 0.2, 703, 0.0025
5, 0.5, 1, 0.2, 704, 0.0025
5, 0.5, 1, 0.2, 705, 0.0025
5, 0.5, 1, 0.2, 706, 0.0025
5, 0.5, 1, 0.2, 707, 0.0025
5, 0.5, 1, 0.2, 756, 0.0025
5, 0.5, 1, 0.2, 757, 0.0025
5, 0.5, 1, 0.2, 758, 0.0025
5, 0.5, 1, 0.2, 759, 0.0025
5, 0.5, 1, 0.2, 760, 0.0025
5, 0.5, 1, 0.2, 761, 0.0025
5, 0.5, 1, 0.2, 762, 0.0025
5, 0.5, 1, 0.2, 807, 0.0025
5, 0.5, 1, 0.2, 814, 0.0025
5, 0.5, 1, 0.2, 815, 0.0025
5, 0.5, 1, 0.2, 816, 0.0025
5, 0.5, 1, 0.2, 817, 0.0025
5, 0.5, 1, 0.2, 818, 0.0025
5, 0.5, 1, 0.2, 874, 0.0025
5, 0.5, 1, 0.2, 875, 0.0025
5, 0.5, 1, 0.2, 876, 0.0025
5, 0.5, 1, 0.2, 877, 0.0025
5, 0.5, 1, 0.2, 936, 0.0025
5, 0.5, 1, 0.2, 937, 0.0025
5, 0.5, 1, 0.2, 938, 0.0025
5, 0.5, 1, 0.2, 1053, 0.0025
5, 0.5, 1, 0.2, 1119, 0.0025
5, 0.5, 1, 0.2, 1188, 0.0025
5, 0.5, 1, 0.2, 1258, 0.0025
5, 0.5, 1, 0.2, 1330, 0.0025
5, 0.5, 1, 0.2, 1331, 0.0025
5, 0.5, 1, 0.2, 1332, 0.0025
5, 0.5, 1, 0.2, 1333, 0.0025
5, 0.5, 1, 0.2, 1334, 0.0025
5, 0.5, 1, 0.2, 1406, 0.0025
5, 0.5, 1, 0.2, 1407, 0.0025
5, 0.5, 1, 0.2, 1408, 0.0025
5, 0.5, 1, 0.2, 1409, 0.0025
5, 0.5, 1, 0.2, 1410, 0.0025
5, 0.5, 1, 0.2, 1482, 0.0025
5, 0.5, 1, 0.2, 1483, 0.0025
5, 0.5, 1, 0.2, 1484, 0.0025
5, 0.5, 1, 0.2, 1485, 0.0025
5, 0.5, 1, 0.2, 1486, 0.0025
5, 0.5, 1, 0.2, 1560, 0.0025
5, 0.5, 1, 0.2, 1561, 0.0025
5, 0.5, 1, 0.2, 1562, 0.0025
5, 0.5, 1, 0.2, 1563, 0.0025
5, 0.5, 1, 0.2, 1641, 0.0025
5, 0.5, 1, 0.2, 1642, 0.0025
5, 0.5, 1, 0.2, 1724, 0.0025
5, 0.5, 19, 0.2, 6472, 0.0025
5, 0.5, 19, 0.2, 6473, 0.0025
5, 0.5, 19, 0.2, 6474, 0.0025
5, 0.5, 19, 0.2, 6475, 0.0025
5, 0.5, 19, 0.2, 6603, 0.0025
5, 0.5, 19, 0.2, 6604, 0.0025
5, 0.5, 19, 0.2, 6605, 0.0025
5, 0.5, 19, 0.2, 6606, 0.0025
5, 0.5, 19, 0.2, 6607, 0.0025
5, 0.5, 19, 0.2, 6608, 0.0025
5, 0.5, 19, 0.2, 6609, 0.0025
5, 0.5, 19, 0.2, 6736, 0.0025
5, 0.5, 19, 0.2, 6737, 0.0025
5, 0.5, 19, 0.2, 6738, 0.0025
5, 0.5, 19, 0.2, 6739, 0.0025
5, 0.5, 19, 0.2, 6740, 0.0025
5, 0.5, 19, 0.2, 6741, 0.0025
5, 0.5, 19, 0.2, 6742, 0.0025
5, 0.5, 19, 0.2, 6869, 0.0025
5, 0.5, 19, 0.2, 6870, 0.0025
5, 0.5, 19, 0.2, 6871, 0.0025
5, 0.5, 19, 0.2, 6872, 0.0025
5, 0.5, 19, 0.2, 6873, 0.0025
5, 0.5, 19, 0.2, 6874, 0.0025
5, 0.5, 19, 0.2, 6875, 0.0025
5, 0.5, 19, 0.2, 6876, 0.0025
5, 0.5, 19, 0.2, 7003, 0.0025
5, 0.5, 19, 0.2, 7004, 0.0025
5, 0.5, 19, 0.2, 7005, 0.0025
5, 0.5, 19, 0.2, 7006, 0.0025
5, 0.5, 19, 0.2, 7007, 0.0025
5, 0.5, 19, 0.2, 7008, 0.0025
5, 0.5, 19, 0.2, 7009, 0.0025
5, 0.5, 19, 0.2, 7010, 0.0025
5, 0.5, 19, 0.2, 7136, 0.0025
5, 0.5, 19, 0.2, 7137, 0.0025
5, 0.5, 19, 0.2, 7138, 0.0025
5, 0.5, 19, 0.2, 7139, 0.0025
5, 0.5, 19, 0.2, 7140, 0.0025
5, 0.5, 19, 0.2, 7141, 0.0025
5, 0.5, 19, 0.2, 7142, 0.0025
5, 0.5, 19, 0.2, 7143, 0.0025
5, 0.5, 19, 0.2, 7144, 0.0025
5, 0.5, 19, 0.2, 7271, 0.0025
5, 0.5, 19, 0.2, 7272, 0.0025
5, 0.5, 19, 0.2, 7273, 0.0025
5, 0.5, 19, 0.2, 7274, 0.0025
5, 0.5, 19, 0.2, 7275, 0.0025
5, 0.5, 19, 0.2, 7276, 0.0025
5, 0.5, 19, 0.2, 7277, 0.0025
5, 0.5, 19, 0.2, 7278, 0.0025
5, 0.5, 19, 0.2, 7279, 0.0025
5, 0.5, 19, 0.2, 7280, 0.0025
5, 0.5, 19, 0.2, 7281, 0.0025
5, 0.5, 19, 0.2, 7407, 0.0025
5, 0.5, 19, 0.2, 7408, 0.0025
5, 0.5, 19, 0.2, 7409, 0.0025
5, 0.5, 19, 0.2, 7410, 0.0025
5, 0.5, 19, 0.2, 7411, 0.0025
5, 0.5, 19, 0.2, 7412, 0.0025
5, 0.5, 19, 0.2, 7413, 0.0025
5, 0.5, 19, 0.2, 7414, 0.0025
5, 0.5, 19, 0.2, 7415, 0.0025
5, 0.5, 19, 0.2, 7416, 0.0025
5, 0.5, 22, 0.2, 7500, 0.0025
5, 0.5, 19, 0.2, 7545, 0.0025
5, 0.5, 19, 0.2, 7546, 0.0025
5, 0.5, 19, 0.2, 7547, 0.0025
5, 0.5, 19, 0.2, 7548, 0.0025
5, 0.5, 19, 0.2, 7549, 0.0025
5, 0.5, 19, 0.2, 7550, 0.0025
5, 0.5, 19, 0.2, 7551, 0.0025
5, 0.5, 19, 0.2, 7552, 0.0025
5, 0.5, 19, 0.2, 7553, 0.0025
5, 0.5, 22, 0.2, 7630, 0.0025
5, 0.5, 22, 0.2, 7631, 0.0025
5, 0.5, 22, 0.2, 7632, 0.0025
5, 0.5, 22, 0.2, 7633, 0.0025
5, 0.5, 22, 0.2, 7634, 0.0025
5, 0.5, 22, 0.2, 7635, 0.0025
5, 0.5, 22, 0.2, 7636, 0.0025
5, 0.5, 22, 0.2, 7637, 0.0025
5, 0.5, 22, 0.2, 7638, 0.0025
5, 0.5, 19, 0.2, 7684, 0.0025
5, 0.5, 19, 0.2, 7685, 0.0025
5, 0.5, 19, 0.2, 7686, 0.0025
5, 0.5, 19, 0.2, 7687, 0.0025
5, 0.5, 19, 0.2, 7688, 0.0025
5, 0.5, 19, 0.2, 7689, 0.0025
5, 0.5, 19, 0.2, 7690, 0.0025
5, 0.5, 22, 0.2, 7769, 0.0025
5, 0.5, 22, 0.2, 7770, 0.0025
5, 0.5, 22, 0.2, 7771, 0.0025
5, 0.5, 22, 0.2, 7772, 0.0025
5, 0.5, 22, 0.2, 7773, 0.0025
5, 0.5, 22, 0.2, 7774, 0.0025
5, 0.5, 22, 0.2, 7775, 0.0025
5, 0.5, 22, 0.2, 7776, 0.0025
5, 0.5, 22, 0.2, 7777, 0.0025
5, 0.5, 19, 0.2, 7824, 0.0025
5, 0.5, 22, 0.2, 7908, 0.0025
5, 0.5, 22, 0.2, 7909, 0.0025
5, 0.5, 22, 0.2, 7910, 0.0025
5, 0.5, 22, 0.2, 7911, 0.0025
5, 0.5, 22, 0.2, 7912, 0.0025
5, 0.5, 22, 0.2, 7913, 0.0025
5, 0.5, 22, 0.2, 7914, 0.0025
5, 0.5, 22, 0.2, 7915, 0.0025
5, 0.5, 22, 0.2, 7916, 0.0025
5, 0.5, 22, 0.2, 8047, 0.0025
5, 0.5, 22, 0.2, 8049, 0.0025
5, 0.5, 22, 0.2, 8050, 0.0025
5, 0.5, 22, 0.2, 8051, 0.0025
5, 0.5, 22, 0.2, 8052, 0.0025
5, 0.5, 22, 0.2, 8053, 0.0025
5, 0.5, 22, 0.2, 8054, 0.0025
5, 0.5, 22, 0.2, 8055, 0.0025
5, 0.5, 22, 0.2, 8056, 0.0025
5, 0.5, 22, 0.2, 8188, 0.0025
5, 0.5, 22, 0.2, 8189, 0.0025
5, 0.5, 22, 0.2, 8190, 0.0025
5, 0.5, 22, 0.2, 8191, 0.0025
5, 0.5, 22, 0.2, 8192, 0.0025
5, 0.5, 22, 0.2, 8193, 0.0025
5, 0.5, 22, 0.2, 8194, 0.0025
5, 0.5, 22, 0.2, 8195, 0.0025
5, 0.5, 22, 0.2, 8196, 0.0025
5, 0.5, 22, 0.2, 8197, 0.0025
5, 0.5, 22, 0.2, 8329, 0.0025
5, 0.5, 22, 0.2, 8330, 0.0025
5, 0.5, 22, 0.2, 8331, 0.0025
5, 0.5, 22, 0.2, 8332, 0.0025
5, 0.5, 22, 0.2, 8333, 0.0025
5, 0.5, 22, 0.2, 8334, 0.0025
5, 0.5, 22, 0.2, 8336, 0.0025
5, 0.5, 22, 0.2, 8337, 0.0025
5, 0.5, 22, 0.2, 8338, 0.0025
5, 0.5, 22, 0.2, 8471, 0.0025
5, 0.5, 22, 0.2, 8472, 0.0025
5, 0.5, 22, 0.2, 8473, 0.0025
5, 0.5, 22, 0.2, 8474, 0.0025
5, 0.5, 22, 0.2, 8480, 0.0025
5, 0.5, 22, 0.2, 8613, 0.0025
5, 0.5, 22, 0.2, 8614, 0.0025
5, 0.5, 22, 0.2, 8615, 0.0025
5, 0.5, 22, 0.2, 8616, 0.0025
5, 0.5, 22, 0.2, 8617, 0.0025
5, 0.5, 22, 0.2, 8618, 0.0025
5, 0.5, 22, 0.2, 8619, 0.0025
5, 0.5, 22, 0.2, 8620, 0.0025
5, 0.5, 22, 0.2, 8621, 0.0025
5, 0.5, 22, 0.2, 8623, 0.0025
5, 0.5, 22, 0.2, 8758, 0.0025
5, 0.5, 22, 0.2, 8759, 0.0025
5, 0.5, 22, 0.2, 8760, 0.0025
5, 0.5, 22, 0.2, 8761, 0.0025
5, 0.5, 22, 0.2, 8762, 0.0025
5, 0.5, 22, 0.2, 8763, 0.0025
5, 0.5, 22, 0.2, 8765, 0.0025
5, 0.5, 22, 0.2, 8766, 0.0025
5, 0.5, 22, 0.2, 8767, 0.0025
5, 0.5, 22, 0.2, 8768, 0.0025
5, 0.5, 25, 0.2, 9428, 0.0025
5, 0.5, 25, 0.2, 9577, 0.0025
5, 0.5, 25, 0.2, 9578, 0.0025
5, 0.5, 25, 0.2, 9717, 0.0025
5, 0.5, 25, 0.2, 9718, 0.0025
5, 0.5, 25, 0.2, 9719, 0.0025
5, 0.5, 25, 0.2, 9720, 0.0025
5, 0.5, 25, 0.2, 9847, 0.0025
5, 0.5, 25, 0.2, 9849, 0.0025
5, 0.5, 25, 0.2, 9850, 0.0025
5, 0.5, 25, 0.2, 9851, 0.0025
5, 0.5, 25, 0.2, 9852, 0.0025
5, 0.5, 25, 0.2, 9975, 0.0025
5, 0.5, 25, 0.2, 9976, 0.0025
5, 0.5, 25, 0.2, 9977, 0.0025
5, 0.5, 25, 0.2, 10090, 0.0025
5, 0.5, 25, 0.2, 10093, 0.0025
5, 0.5, 25, 0.2, 10095, 0.0025
5, 0.5, 25, 0.2, 10096, 0.0025
5, 0.5, 25, 0.2, 10097, 0.0025
5, 0.5, 25, 0.2, 10203, 0.0025
5, 0.5, 25, 0.2, 10204, 0.0025
5, 0.5, 25, 0.2, 10205, 0.0025
5, 0.5, 25, 0.2, 10206, 0.0025
5, 0.5, 25, 0.2, 10210, 0.0025
5, 0.5, 25, 0.2, 10211, 0.0025
5, 0.5, 25, 0.2, 10212, 0.0025
5, 0.5, 25, 0.2, 10213, 0.0025
5, 0.5, 25, 0.2, 10319, 0.0025
5, 0.5, 25, 0.2, 10321, 0.0025
5, 0.5, 25, 0.2, 10322, 0.0025
5, 0.5, 25, 0.2, 10323, 0.0025
5, 0.5, 25, 0.2, 10324, 0.0025
5, 0.5, 25, 0.2, 10328, 0.0025
5, 0.5, 25, 0.2, 10329, 0.0025
5, 0.5, 25, 0.2, 10330, 0.0025
5, 0.5, 25, 0.2, 10435, 0.0025
5, 0.5, 25, 0.2, 10436, 0.0025
5, 0.5, 25, 0.2, 10437, 0.0025
5, 0.5, 25, 0.2, 10438, 0.0025
5, 0.5, 25, 0.2, 10439, 0.0025
5, 0.5, 25, 0.2, 10440, 0.0025
5, 0.5, 25, 0.2, 10441, 0.0025
5, 0.5, 25, 0.2, 10442, 0.0025
5, 0.5, 25, 0.2, 10445, 0.0025
5, 0.5, 25, 0.2, 10446, 0.0025
5, 0.5, 25, 0.2, 10447, 0.0025
5, 0.5, 25, 0.2, 10551, 0.0025
5, 0.5, 25, 0.2, 10552, 0.0025
5, 0.5, 25, 0.2, 10555, 0.0025
5, 0.5, 25, 0.2, 10556, 0.0025
5, 0.5, 25, 0.2, 10557, 0.0025
5, 0.5, 25, 0.2, 10558, 0.0025
5, 0.5, 25, 0.2, 10559, 0.0025
5, 0.5, 25, 0.2, 10560, 0.0025
5, 0.5, 25, 0.2, 10564, 0.0025
5, 0.5, 25, 0.2, 10565, 0.0025
5, 0.5, 25, 0.2, 10566, 0.0025
5, 0.5, 25, 0.2, 10670, 0.0025
5, 0.5, 25, 0.2, 10673, 0.0025
5, 0.5, 25, 0.2, 10674, 0.0025
5, 0.5, 25, 0.2, 10675, 0.0025
5, 0.5, 25, 0.2, 10676, 0.0025
5, 0.5, 25, 0.2, 10677, 0.0025
5, 0.5, 25, 0.2, 10678, 0.0025
5, 0.5, 25, 0.2, 10681, 0.0025
5, 0.5, 25, 0.2, 10682, 0.0025
5, 0.5, 25, 0.2, 10683, 0.0025
5, 0.5, 25, 0.2, 10787, 0.0025
5, 0.5, 25, 0.2, 10788, 0.0025
5, 0.5, 25, 0.2, 10789, 0.0025
5, 0.5, 25, 0.2, 10790, 0.0025
5, 0.5, 25, 0.2, 10791, 0.0025
5, 0.5, 25, 0.2, 10792, 0.0025
5, 0.5, 25, 0.2, 10793, 0.0025
5, 0.5, 25, 0.2, 10796, 0.0025
5, 0.5, 25, 0.2, 10797, 0.0025
5, 0.5, 25, 0.2, 10798, 0.0025
5, 0.5, 25, 0.2, 10897, 0.0025
5, 0.5, 25, 0.2, 10898, 0.0025
5, 0.5, 25, 0.2, 10899, 0.0025
5, 0.5, 41, 0.2, 16651, 0.0025
5, 0.5, 41, 0.2, 16653, 0.0025
5, 0.5, 41, 0.2, 16754, 0.0025
5, 0.5, 41, 0.2, 16755, 0.0025
5, 0.5, 41, 0.2, 16870, 0.0025
5, 0.5, 41, 0.2, 16876, 0.0025
5, 0.5, 41, 0.2, 16877, 0.0025
5, 0.5, 41, 0.2, 16986, 0.0025
5, 0.5, 41, 0.2, 16987, 0.0025
5, 0.5, 41, 0.2, 17087, 0.0025
5, 0.5, 41, 0.2, 17091, 0.0025
5, 0.5, 41, 0.2, 17092, 0.0025
5, 0.5, 41, 0.2, 17093, 0.0025
5, 0.5, 41, 0.2, 17094, 0.0025
5, 0.5, 41, 0.2, 17095, 0.0025
5, 0.5, 41, 0.2, 17190, 0.0025
5, 0.5, 41, 0.2, 17197, 0.0025
5, 0.5, 41, 0.2, 17198, 0.0025
5, 0.5, 41, 0.2, 17200, 0.0025
5, 0.5, 41, 0.2, 17293, 0.0025
5, 0.5, 41, 0.2, 17295, 0.0025
5, 0.5, 41, 0.2, 17299, 0.0025
5, 0.5, 41, 0.2, 17301, 0.0025
5, 0.5, 41, 0.2, 17303, 0.0025
5, 0.5, 41, 0.2, 17395, 0.0025
5, 0.5, 41, 0.2, 17401, 0.0025
5, 0.5, 41, 0.2, 17402, 0.0025
5, 0.5, 41, 0.2, 17404, 0.0025
5, 0.5, 41, 0.2, 17405, 0.0025
5, 0.5, 41, 0.2, 17503, 0.0025
5, 0.5, 41, 0.2, 17504, 0.0025
5, 0.5, 41, 0.2, 17505, 0.0025
5, 0.5, 41, 0.2, 17506, 0.0025
5, 0.5, 41, 0.2, 17508, 0.0025
5, 0.5, 41, 0.2, 17509, 0.0025
5, 0.5, 41, 0.2, 17602, 0.0025
5, 0.5, 41, 0.2, 17603, 0.0025
5, 0.5, 41, 0.2, 17604, 0.0025
5, 0.5, 41, 0.2, 17605, 0.0025
5, 0.5, 41, 0.2, 17606, 0.0025
5, 0.5, 41, 0.2, 17607, 0.0025
5, 0.5, 41, 0.2, 17608, 0.0025
5, 0.5, 41, 0.2, 17609, 0.0025
5, 0.5, 41, 0.2, 17696, 0.0025
5, 0.5, 41, 0.2, 17697, 0.0025
5, 0.5, 41, 0.2, 17698, 0.0025
5, 0.5, 41, 0.2, 17699, 0.0025
5, 0.5, 41, 0.2, 17700, 0.0025
5, 0.5, 41, 0.2, 17702, 0.0025
5, 0.5, 41, 0.2, 17703, 0.0025
5, 0.5, 41, 0.2, 17704, 0.0025
5, 0.5, 41, 0.2, 17790, 0.0025
5, 0.5, 41, 0.2, 17791, 0.0025
5, 0.5, 41, 0.2, 17792, 0.0025
5, 0.5, 41, 0.2, 17793, 0.0025
5, 0.5, 41, 0.2, 17794, 0.0025
5, 0.5, 41, 0.2, 17795, 0.0025
5, 0.5, 41, 0.2, 17797, 0.0025
5, 0.5, 41, 0.2, 17885, 0.0025
5, 0.5, 41, 0.2, 17888, 0.0025
5, 0.5, 41, 0.2, 17889, 0.0025
5, 0.5, 41, 0.2, 17890, 0.0025
5, 0.5, 41, 0.2, 17892, 0.0025
5, 0.5, 41, 0.2, 17976, 0.0025
5, 0.5, 41, 0.2, 17977, 0.0025
5, 0.5, 41, 0.2, 17978, 0.0025
5, 0.5, 41, 0.2, 17979, 0.0025
5, 0.5, 41, 0.2, 17980, 0.0025
5, 0.5, 41, 0.2, 17982, 0.0025
5, 0.5, 41, 0.2, 18060, 0.0025
5, 0.5, 41, 0.2, 18062, 0.0025
5, 0.5, 41, 0.2, 18064, 0.0025
5, 0.5, 41, 0.2, 18066, 0.0025
5, 0.5, 41, 0.2, 18149, 0.0025
5, 0.5, 41, 0.2, 18150, 0.0025
5, 0.5, 41, 0.2, 18157, 0.0025
5, 0.5, 41, 0.2, 18230, 0.0025
5, 0.5, 41, 0.2, 18232, 0.0025
5, 0.5, 41, 0.2, 18233, 0.0025
5, 0.5, 41, 0.2, 18234, 0.0025
5, 0.5, 41, 0.2, 18235, 0.0025
5, 0.55, 1, 0.2, 460, 0.0025
5, 0.55, 1, 0.2, 462, 0.0025
5, 0.55, 1, 0.2, 501, 0.0025
5, 0.55, 1, 0.2, 503, 0.0025
5, 0.55, 1, 0.2, 507, 0.0025
5, 0.55, 1, 0.2, 548, 0.0025
5, 0.55, 1, 0.2, 549, 0.0025
5, 0.55, 1, 0.2, 550, 0.0025
5, 0.55, 1, 0.2, 551, 0.0025
5, 0.55, 1, 0.2, 552, 0.0025
5, 0.55, 1, 0.2, 553, 0.0025
5, 0.55, 1, 0.2, 554, 0.0025
5, 0.55, 1, 0.2, 596, 0.0025
5, 0.55, 1, 0.2, 597, 0.0025
5, 0.55, 1, 0.2, 598, 0.0025
5, 0.55, 1, 0.2, 599, 0.0025
5, 0.55, 1, 0.2, 600, 0.0025
5, 0.55, 1, 0.2, 601, 0.0025
5, 0.55, 1, 0.2, 602, 0.0025
5, 0.55, 1, 0.2, 603, 0.0025
5, 0.55, 1, 0.2, 604, 0.0025
5, 0.55, 1, 0.2, 648, 0.0025
5, 0.55, 1, 0.2, 649, 0.0025
5, 0.55, 1, 0.2, 650, 0.0025
5, 0.55, 1, 0.2, 651, 0.0025
5, 0.55, 1, 0.2, 652, 0.0025
5, 0.55, 1, 0.2, 653, 0.0025
5, 0.55, 1, 0.2, 654, 0.0025
5, 0.55, 1, 0.2, 701, 0.0025
5, 0.55, 1, 0.2, 702, 0.0025
5, 0.55, 1, 0.2, 703, 0.0025
5, 0.55, 1, 0.2, 704, 0.0025
5, 0.55, 1, 0.2, 705, 0.0025
5, 0.55, 1, 0.2, 706, 0.0025
5, 0.55, 1, 0.2, 707, 0.0025
5, 0.55, 1, 0.2, 756, 0.0025
5, 0.55, 1, 0.2, 757, 0.0025
5, 0.55, 1, 0.2, 758, 0.0025
5, 0.55, 1, 0.2, 759, 0.0025
5, 0.55, 1, 0.2, 760, 0.0025
5, 0.55, 1, 0.2, 761, 0.0025
5, 0.55, 1, 0.2, 762, 0.0025
5, 0.55, 1, 0.2, 807, 0.0025
5, 0.55, 1, 0.2, 814, 0.0025
5, 0.55, 1, 0.2, 815, 0.0025
5, 0.55, 1, 0.2, 816, 0.0025
5, 0.55, 1, 0.2, 817, 0.0025
5, 0.55, 1, 0.2, 818, 0.0025
5, 0.55, 1, 0.2, 874, 0.0025
5, 0.55, 1, 0.2, 875, 0.0025
5, 0.55, 1, 0.2, 876, 0.0025
5, 0.55, 1, 0.2, 877, 0.0025
5, 0.55, 1, 0.2, 936, 0.0025
5, 0.55, 1, 0.2, 937, 0.0025
5, 0.55, 1, 0.2, 938, 0.0025
5, 0.55, 1, 0.2, 1053, 0.0025
5, 0.55, 1, 0.2, 1119, 0.0025
5, 0.55, 1, 0.2, 1188, 0.0025
5, 0.55, 1, 0.2, 1258, 0.0025
5, 0.55, 1, 0.2, 1330, 0.0025
5, 0.55, 1, 0.2, 1331, 0.0025
5, 0.55, 1, 0.2, 1332, 0.0025
5, 0.55, 1, 0.2, 1333, 0.0025
5, 0.55, 1, 0.2, 1334, 0.0025
5, 0.55, 1, 0.2, 1406, 0.0025
5, 0.55, 1, 0.2, 1407, 0.0025
5, 0.55, 1, 0.2, 1408, 0.0025
5, 0.55, 1, 0.2, 1409, 0.0025
5, 0.55, 1, 0.2, 1410, 0.0025
5, 0.55, 1, 0.2, 1482, 0.0025
5, 0.55, 1, 0.2, 1483, 0.0025
5, 0.55, 1, 0.2, 1484, 0.0025
5, 0.55, 1, 0.2, 1485, 0.0025
5, 0.55, 1, 0.2, 1486, 0.0025
5, 0.55, 1, 0.2, 1560, 0.0025
5, 0.55, 1, 0.2, 1561, 0.0025
5, 0.55, 1, 0.2, 1562, 0.0025
5, 0.55, 1, 0.2, 1563, 0.0025
5, 0.55, 1, 0.2, 1641, 0.0025
5, 0.55, 1, 0.2, 1642, 0.0025
5, 0.55, 1, 0.2, 1724, 0.0025
5, 0.55, 19, 0.2, 6472, 0.0025
5, 0.55, 19, 0.2, 6473, 0.0025
5, 0.55, 19, 0.2, 6474, 0.0025
5, 0.55, 19, 0.2, 6475, 0.0025
5, 0.55, 19, 0.2, 6603, 0.0025
5, 0.55, 19, 0.2, 6604, 0.0025
5, 0.55, 19, 0.2, 6605, 0.0025
5, 0.55, 19, 0.2, 6606, 0.0025
5, 0.55, 19, 0.2, 6607, 0.0025
5, 0.55, 19, 0.2, 6608, 0.0025
5, 0.55, 19, 0.2, 6609, 0.0025
5, 0.55, 19, 0.2, 6736, 0.0025
5, 0.55, 19, 0.2, 6737, 0.0025
5, 0.55, 19, 0.2, 6738, 0.0025
5, 0.55, 19, 0.2, 6739, 0.0025
5, 0.55, 19, 0.2, 6740, 0.0025
5, 0.55, 19, 0.2, 6741, 0.0025
5, 0.55, 19, 0.2, 6742, 0.0025
5, 0.55, 19, 0.2, 6869, 0.0025
5, 0.55, 19, 0.2, 6870, 0.0025
5, 0.55, 19, 0.2, 6871, 0.0025
5, 0.55, 19, 0.2, 6872, 0.0025
5, 0.55, 19, 0.2, 6873, 0.0025
5, 0.55, 19, 0.2, 6874, 0.0025
5, 0.55, 19, 0.2, 6875, 0.0025
5, 0.55, 19, 0.2, 6876, 0.0025
5, 0.55, 19, 0.2, 7003, 0.0025
5, 0.55, 19, 0.2, 7004, 0.0025
5, 0.55, 19, 0.2, 7005, 0.0025
5, 0.55, 19, 0.2, 7006, 0.0025
5, 0.55, 19, 0.2, 7007, 0.0025
5, 0.55, 19, 0.2, 7008, 0.0025
5, 0.55, 19, 0.2, 7009, 0.0025
5, 0.55, 19, 0.2, 7010, 0.0025
5, 0.55, 19, 0.2, 7136, 0.0025
5, 0.55, 19, 0.2, 7137, 0.0025
5, 0.55, 19, 0.2, 7138, 0.0025
5, 0.55, 19, 0.2, 7139, 0.0025
5, 0.55, 19, 0.2, 7140, 0.0025
5, 0.55, 19, 0.2, 7141, 0.0025
5, 0.55, 19, 0.2, 7142, 0.0025
5, 0.55, 19, 0.2, 7143, 0.0025
5, 0.55, 19, 0.2, 7144, 0.0025
5, 0.55, 19, 0.2, 7271, 0.0025
5, 0.55, 19, 0.2, 7272, 0.0025
5, 0.55, 19, 0.2, 7273, 0.0025
5, 0.55, 19, 0.2, 7274, 0.0025
5, 0.55, 19, 0.2, 7275, 0.0025
5, 0.55, 19, 0.2, 7276, 0.0025
5, 0.55, 19, 0.2, 7277, 0.0025
5, 0.55, 19, 0.2, 7278, 0.0025
5, 0.55, 19, 0.2, 7279, 0.0025
5, 0.55, 19, 0.2, 7280, 0.0025
5, 0.55, 19, 0.2, 7281, 0.0025
5, 0.55, 19, 0.2, 7407, 0.0025
5, 0.55, 19, 0.2, 7408, 0.0025
5, 0.55, 19, 0.2, 7409, 0.0025
5, 0.55, 19, 0.2, 7410, 0.0025
5, 0.55, 19, 0.2, 7411, 0.0025
5, 0.55, 19, 0.2, 7412, 0.0025
5, 0.55, 19, 0.2, 7413, 0.0025
5, 0.55, 19, 0.2, 7414, 0.0025
5, 0.55, 19, 0.2, 7415, 0.0025
5, 0.55, 19, 0.2, 7416, 0.0025
5, 0.55, 22, 0.2, 7500, 0.0025
5, 0.55, 19, 0.2, 7545, 0.0025
5, 0.55, 19, 0.2, 7546, 0.0025
5, 0.55, 19, 0.2, 7547, 0.0025
5, 0.55, 19, 0.2, 7548, 0.0025
5, 0.55, 19, 0.2, 7549, 0.0025
5, 0.55, 19, 0.2, 7550, 0.0025
5, 0.55, 19, 0.2, 7551, 0.0025
5, 0.55, 19, 0.2, 7552, 0.0025
5, 0.55, 19, 0.2, 7553, 0.0025
5, 0.55, 22, 0.2, 7630, 0.0025
5, 0.55, 22, 0.2, 7631, 0.0025
5, 0.55, 22, 0.2, 7632, 0.0025
5, 0.55, 22, 0.2, 7633, 0.0025
5, 0.55, 22, 0.2, 7634, 0.0025
5, 0.55, 22, 0.2, 7635, 0.0025
5, 0.55, 22, 0.2, 7636, 0.0025
5, 0.55, 22, 0.2, 7637, 0.0025
5, 0.55, 22, 0.2, 7638, 0.0025
5, 0.55, 19, 0.2, 7684, 0.0025
5, 0.55, 19, 0.2, 7685, 0.0025
5, 0.55, 19, 0.2, 7686, 0.0025
5, 0.55, 19, 0.2, 7687, 0.0025
5, 0.55, 19, 0.2, 7688, 0.0025
5, 0.55, 19, 0.2, 7689, 0.0025
5, 0.55, 19, 0.2, 7690, 0.0025
5, 0.55, 22, 0.2, 7769, 0.0025
5, 0.55, 22, 0.2, 7770, 0.0025
5, 0.55, 22, 0.2, 7771, 0.0025
5, 0.55, 22, 0.2, 7772, 0.0025
5, 0.55, 22, 0.2, 7773, 0.0025
5, 0.55, 22, 0.2, 7774, 0.0025
5, 0.55, 22, 0.2, 7775, 0.0025
5, 0.55, 22, 0.2, 7776, 0.0025
5, 0.55, 22, 0.2, 7777, 0.0025
5, 0.55, 19, 0.2, 7824, 0.0025
5, 0.55, 22, 0.2, 7908, 0.0025
5, 0.55, 22, 0.2, 7909, 0.0025
5, 0.55, 22, 0.2, 7910, 0.0025
5, 0.55, 22, 0.2, 7911, 0.0025
5, 0.55, 22, 0.2, 7912, 0.0025
5, 0.55, 22, 0.2, 7913, 0.0025
5, 0.55, 22, 0.2, 7914, 0.0025
5, 0.55, 22, 0.2, 7915, 0.0025
5, 0.55, 22, 0.2, 7916, 0.0025
5, 0.55, 22, 0.2, 8047, 0.0025
5, 0.55, 22, 0.2, 8049, 0.0025
5, 0.55, 22, 0.2, 8050, 0.0025
5, 0.55, 22, 0.2, 8051, 0.0025
5, 0.55, 22, 0.2, 8052, 0.0025
5, 0.55, 22, 0.2, 8053, 0.0025
5, 0.55, 22, 0.2, 8054, 0.0025
5, 0.55, 22, 0.2, 8055, 0.0025
5, 0.55, 22, 0.2, 8056, 0.0025
5, 0.55, 22, 0.2, 8188, 0.0025
5, 0.55, 22, 0.2, 8189, 0.0025
5, 0.55, 22, 0.2, 8190, 0.0025
5, 0.55, 22, 0.2, 8191, 0.0025
5, 0.55, 22, 0.2, 8192, 0.0025
5, 0.55, 22, 0.2, 8193, 0.0025
5, 0.55, 22, 0.2, 8194, 0.0025
5, 0.55, 22, 0.2, 8195, 0.0025
5, 0.55, 22, 0.2, 8196, 0.0025
5, 0.55, 22, 0.2, 8197, 0.0025
5, 0.55, 22, 0.2, 8329, 0.0025
5, 0.55, 22, 0.2, 8330, 0.0025
5, 0.55, 22, 0.2, 8331, 0.0025
5, 0.55, 22, 0.2, 8332, 0.0025
5, 0.55, 22, 0.2, 8333, 0.0025
5, 0.55, 22, 0.2, 8334, 0.0025
5, 0.55, 22, 0.2, 8336, 0.0025
5, 0.55, 22, 0.2, 8337, 0.0025
5, 0.55, 22, 0.2, 8338, 0.0025
5, 0.55, 22, 0.2, 8471, 0.0025
5, 0.55, 22, 0.2, 8472, 0.0025
5, 0.55, 22, 0.2, 8473, 0.0025
5, 0.55, 22, 0.2, 8474, 0.0025
5, 0.55, 22, 0.2, 8480, 0.0025
5, 0.55, 22, 0.2, 8613, 0.0025
5, 0.55, 22, 0.2, 8614, 0.0025
5, 0.55, 22, 0.2, 8615, 0.0025
5, 0.55, 22, 0.2, 8616, 0.0025
5, 0.55, 22, 0.2, 8617, 0.0025
5, 0.55, 22, 0.2, 8618, 0.0025
5, 0.55, 22, 0.2, 8619, 0.0025
5, 0.55, 22, 0.2, 8620, 0.0025
5, 0.55, 22, 0.2, 8621, 0.0025
5, 0.55, 22, 0.2, 8623, 0.0025
5, 0.55, 22, 0.2, 8758, 0.0025
5, 0.55, 22, 0.2, 8759, 0.0025
5, 0.55, 22, 0.2, 8760, 0.0025
5, 0.55, 22, 0.2, 8761, 0.0025
5, 0.55, 22, 0.2, 8762, 0.0025
5, 0.55, 22, 0.2, 8763, 0.0025
5, 0.55, 22, 0.2, 8765, 0.0025
5, 0.55, 22, 0.2, 8766, 0.0025
5, 0.55, 22, 0.2, 8767, 0.0025
5, 0.55, 22, 0.2, 8768, 0.0025
5, 0.55, 25, 0.2, 9428, 0.0025
5, 0.55, 25, 0.2, 9577, 0.0025
5, 0.55, 25, 0.2, 9578, 0.0025
5, 0.55, 25, 0.2, 9717, 0.0025
5, 0.55, 25, 0.2, 9718, 0.0025
5, 0.55, 25, 0.2, 9719, 0.0025
5, 0.55, 25, 0.2, 9720, 0.0025
5, 0.55, 25, 0.2, 9847, 0.0025
5, 0.55, 25, 0.2, 9849, 0.0025
5, 0.55, 25, 0.2, 9850, 0.0025
5, 0.55, 25, 0.2, 9851, 0.0025
5, 0.55, 25, 0.2, 9852, 0.0025
5, 0.55, 25, 0.2, 9975, 0.0025
5, 0.55, 25, 0.2, 9976, 0.0025
5, 0.55, 25, 0.2, 9977, 0.0025
5, 0.55, 25, 0.2, 10090, 0.0025
5, 0.55, 25, 0.2, 10093, 0.0025
5, 0.55, 25, 0.2, 10095, 0.0025
5, 0.55, 25, 0.2, 10096, 0.0025
5, 0.55, 25, 0.2, 10097, 0.0025
5, 0.55, 25, 0.2, 10203, 0.0025
5, 0.55, 25, 0.2, 10204, 0.0025
5, 0.55, 25, 0.2, 10205, 0.0025
5, 0.55, 25, 0.2, 10206, 0.0025
5, 0.55, 25, 0.2, 10210, 0.0025
5, 0.55, 25, 0.2, 10211, 0.0025
5, 0.55, 25, 0.2, 10212, 0.0025
5, 0.55, 25, 0.2, 10213, 0.0025
5, 0.55, 25, 0.2, 10319, 0.0025
5, 0.55, 25, 0.2, 10321, 0.0025
5, 0.55, 25, 0.2, 10322, 0.0025
5, 0.55, 25, 0.2, 10323, 0.0025
5, 0.55, 25, 0.2, 10324, 0.0025
5, 0.55, 25, 0.2, 10328, 0.0025
5, 0.55, 25, 0.2, 10329, 0.0025
5, 0.55, 25, 0.2, 10330, 0.0025
5, 0.55, 25, 0.2, 10435, 0.0025
5, 0.55, 25, 0.2, 10436, 0.0025
5, 0.55, 25, 0.2, 10437, 0.0025
5, 0.55, 25, 0.2, 10438, 0.0025
5, 0.55, 25, 0.2, 10439, 0.0025
5, 0.55, 25, 0.2, 10440, 0.0025
5, 0.55, 25, 0.2, 10441, 0.0025
5, 0.55, 25, 0.2, 10442, 0.0025
5, 0.55, 25, 0.2, 10445, 0.0025
5, 0.55, 25, 0.2, 10446, 0.0025
5, 0.55, 25, 0.2, 10447, 0.0025
5, 0.55, 25, 0.2, 10551, 0.0025
5, 0.55, 25, 0.2, 10552, 0.0025
5, 0.55, 25, 0.2, 10555, 0.0025
5, 0.55, 25, 0.2, 10556, 0.0025
5, 0.55, 25, 0.2, 10557, 0.0025
5, 0.55, 25, 0.2, 10558, 0.0025
5, 0.55, 25, 0.2, 10559, 0.0025
5, 0.55, 25, 0.2, 10560, 0.0025
5, 0.55, 25, 0.2, 10564, 0.0025
5, 0.55, 25, 0.2, 10565, 0.0025
5, 0.55, 25, 0.2, 10566, 0.0025
5, 0.55, 25, 0.2, 10670, 0.0025
5, 0.55, 25, 0.2, 10673, 0.0025
5, 0.55, 25, 0.2, 10674, 0.0025
5, 0.55, 25, 0.2, 10675, 0.0025
5, 0.55, 25, 0.2, 10676, 0.0025
5, 0.55, 25, 0.2, 10677, 0.0025
5, 0.55, 25, 0.2, 10678, 0.0025
5, 0.55, 25, 0.2, 10681, 0.0025
5, 0.55, 25, 0.2, 10682, 0.0025
5, 0.55, 25, 0.2, 10683, 0.0025
5, 0.55, 25, 0.2, 10787, 0.0025
5, 0.55, 25, 0.2, 10788, 0.0025
5, 0.55, 25, 0.2, 10789, 0.0025
5, 0.55, 25, 0.2, 10790, 0.0025
5, 0.55, 25, 0.2, 10791, 0.0025
5, 0.55, 25, 0.2, 10792, 0.0025
5, 0.55, 25, 0.2, 10793, 0.0025
5, 0.55, 25, 0.2, 10796, 0.0025
5, 0.55, 25, 0.2, 10797, 0.0025
5, 0.55, 25, 0.2, 10798, 0.0025
5, 0.55, 25, 0.2, 10897, 0.0025
5, 0.55, 25, 0.2, 10898, 0.0025
5, 0.55, 25, 0.2, 10899, 0.0025
5, 0.55, 41, 0.2, 16651, 0.0025
5, 0.55, 41, 0.2, 16653, 0.0025
5, 0.55, 41, 0.2, 16754, 0.0025
5, 0.55, 41, 0.2, 16755, 0.0025
5, 0.55, 41, 0.2, 16870, 0.0025
5, 0.55, 41, 0.2, 16876, 0.0025
5, 0.55, 41, 0.2, 16877, 0.0025
5, 0.55, 41, 0.2, 16986, 0.0025
5, 0.55, 41, 0.2, 16987, 0.0025
5, 0.55, 41, 0.2, 17087, 0.0025
5, 0.55, 41, 0.2, 17091, 0.0025
5, 0.55, 41, 0.2, 17092, 0.0025
5, 0.55, 41, 0.2, 17093, 0.0025
5, 0.55, 41, 0.2, 17094, 0.0025
5, 0.55, 41, 0.2, 17095, 0.0025
5, 0.55, 41, 0.2, 17190, 0.0025
5, 0.55, 41, 0.2, 17197, 0.0025
5, 0.55, 41, 0.2, 17198, 0.0025
5, 0.55, 41, 0.2, 17200, 0.0025
5, 0.55, 41, 0.2, 17293, 0.0025
5, 0.55, 41, 0.2, 17295, 0.0025
5, 0.55, 41, 0.2, 17299, 0.0025
5, 0.55, 41, 0.2, 17301, 0.0025
5, 0.55, 41, 0.2, 17303, 0.0025
5, 0.55, 41, 0.2, 17395, 0.0025
5, 0.55, 41, 0.2, 17401, 0.0025
5, 0.55, 41, 0.2, 17402, 0.0025
5, 0.55, 41, 0.2, 17404, 0.0025
5, 0.55, 41, 0.2, 17405, 0.0025
5, 0.55, 41, 0.2, 17503, 0.0025
5, 0.55, 41, 0.2, 17504, 0.0025
5, 0.55, 41, 0.2, 17505, 0.0025
5, 0.55, 41, 0.2, 17506, 0.0025
5, 0.55, 41, 0.2, 17508, 0.0025
5, 0.55, 41, 0.2, 17509, 0.0025
5, 0.55, 41, 0.2, 17602, 0.0025
5, 0.55, 41, 0.2, 17603, 0.0025
5, 0.55, 41, 0.2, 17604, 0.0025
5, 0.55, 41, 0.2, 17605, 0.0025
5, 0.55, 41, 0.2, 17606, 0.0025
5, 0.55, 41, 0.2, 17607, 0.0025
5, 0.55, 41, 0.2, 17608, 0.0025
5, 0.55, 41, 0.2, 17609, 0.0025
5, 0.55, 41, 0.2, 17696, 0.0025
5, 0.55, 41, 0.2, 17697, 0.0025
5, 0.55, 41, 0.2, 17698, 0.0025
5, 0.55, 41, 0.2, 17699, 0.0025
5, 0.55, 41, 0.2, 17700, 0.0025
5, 0.55, 41, 0.2, 17702, 0.0025
5, 0.55, 41, 0.2, 17703, 0.0025
5, 0.55, 41, 0.2, 17704, 0.0025
5, 0.55, 41, 0.2, 17790, 0.0025
5, 0.55, 41, 0.2, 17791, 0.0025
5, 0.55, 41, 0.2, 17792, 0.0025
5, 0.55, 41, 0.2, 17793, 0.0025
5, 0.55, 41, 0.2, 17794, 0.0025
5, 0.55, 41, 0.2, 17795, 0.0025
5, 0.55, 41, 0.2, 17797, 0.0025
5, 0.55, 41, 0.2, 17885, 0.0025
5, 0.55, 41, 0.2, 17888, 0.0025
5, 0.55, 41, 0.2, 17889, 0.0025
5, 0.55, 41, 0.2, 17890, 0.0025
5, 0.55, 41, 0.2, 17892, 0.0025
5, 0.55, 41, 0.2, 17976, 0.0025
5, 0.55, 41, 0.2, 17977, 0.0025
5, 0.55, 41, 0.2, 17978, 0.0025
5, 0.55, 41, 0.2, 17979, 0.0025
5, 0.55, 41, 0.2, 17980, 0.0025
5, 0.55, 41, 0.2, 17982, 0.0025
5, 0.55, 41, 0.2, 18060, 0.0025
5, 0.55, 41, 0.2, 18062, 0.0025
5, 0.55, 41, 0.2, 18064, 0.0025
5, 0.55, 41, 0.2, 18066, 0.0025
5, 0.55, 41, 0.2, 18149, 0.0025
5, 0.55, 41, 0.2, 18150, 0.0025
5, 0.55, 41, 0.2, 18157, 0.0025
5, 0.55, 41, 0.2, 18230, 0.0025
5, 0.55, 41, 0.2, 18232, 0.0025
5, 0.55, 41, 0.2, 18233, 0.0025
5, 0.55, 41, 0.2, 18234, 0.0025
5, 0.55, 41, 0.2, 18235, 0.0025
5, 0.6000000000000001, 1, 0.2, 460, 0.0025
5, 0.6000000000000001, 1, 0.2, 462, 0.0025
5, 0.6000000000000001, 1, 0.2, 501, 0.0025
5, 0.6000000000000001, 1, 0.2, 503, 0.0025
5, 0.6000000000000001, 1, 0.2, 507, 0.0025
5, 0.6000000000000001, 1, 0.2, 548, 0.0025
5, 0.6000000000000001, 1, 0.2, 549, 0.0025
5, 0.6000000000000001, 1, 0.2, 550, 0.0025
5, 0.6000000000000001, 1, 0.2, 551, 0.0025
5, 0.6000000000000001, 1, 0.2, 552, 0.0025
5, 0.6000000000000001, 1, 0.2, 553, 0.0025
5, 0.6000000000000001, 1, 0.2, 554, 0.0025
5, 0.6000000000000001, 1, 0.2, 596, 0.0025
5, 0.6000000000000001, 1, 0.2, 597, 0.0025
5, 0.6000000000000001, 1, 0.2, 598, 0.0025
5, 0.6000000000000001, 1, 0.2, 599, 0.0025
5, 0.6000000000000001, 1, 0.2, 600, 0.0025
5, 0.6000000000000001, 1, 0.2, 601, 0.0025
5, 0.6000000000000001, 1, 0.2, 602, 0.0025
5, 0.6000000000000001, 1, 0.2, 603, 0.0025
5, 0.6000000000000001, 1, 0.2, 604, 0.0025
5, 0.6000000000000001, 1, 0.2, 648, 0.0025
5, 0.6000000000000001, 1, 0.2, 649, 0.0025
5, 0.6000000000000001, 1, 0.2, 650, 0.0025
5, 0.6000000000000001, 1, 0.2, 651, 0.0025
5, 0.6000000000000001, 1, 0.2, 652, 0.0025
5, 0.6000000000000001, 1, 0.2, 653, 0.0025
5, 0.6000000000000001, 1, 0.2, 654, 0.0025
5, 0.6000000000000001, 1, 0.2, 701, 0.0025
5, 0.6000000000000001, 1, 0.2, 702, 0.0025
5, 0.6000000000000001, 1, 0.2, 703, 0.0025
5, 0.6000000000000001, 1, 0.2, 704, 0.0025
5, 0.6000000000000001, 1, 0.2, 705, 0.0025
5, 0.6000000000000001, 1, 0.2, 706, 0.0025
5, 0.6000000000000001, 1, 0.2, 707, 0.0025
5, 0.6000000000000001, 1, 0.2, 756, 0.0025
5, 0.6000000000000001, 1, 0.2, 757, 0.0025
5, 0.6000000000000001, 1, 0.2, 758, 0.0025
5, 0.6000000000000001, 1, 0.2, 759, 0.0025
5, 0.6000000000000001, 1, 0.2, 760, 0.0025
5, 0.6000000000000001, 1, 0.2, 761, 0.0025
5, 0.6000000000000001, 1, 0.2, 762, 0.0025
5, 0.6000000000000001, 1, 0.2, 807, 0.0025
5, 0.6000000000000001, 1, 0.2, 814, 0.0025
5, 0.6000000000000001, 1, 0.2, 815, 0.0025
5, 0.6000000000000001, 1, 0.2, 816, 0.0025
5, 0.6000000000000001, 1, 0.2, 817, 0.0025
5, 0.6000000000000001, 1, 0.2, 818, 0.0025
5, 0.6000000000000001, 1, 0.2, 874, 0.0025
5, 0.6000000000000001, 1, 0.2, 875, 0.0025
5, 0.6000000000000001, 1, 0.2, 876, 0.0025
5, 0.6000000000000001, 1, 0.2, 877, 0.0025
5, 0.6000000000000001, 1, 0.2, 936, 0.0025
5, 0.6000000000000001, 1, 0.2, 937, 0.0025
5, 0.6000000000000001, 1, 0.2, 938, 0.0025
5, 0.6000000000000001, 1, 0.2, 1053, 0.0025
5, 0.6000000000000001, 1, 0.2, 1119, 0.0025
5, 0.6000000000000001, 1, 0.2, 1188, 0.0025
5, 0.6000000000000001, 1, 0.2, 1258, 0.0025
5, 0.6000000000000001, 1, 0.2, 1330, 0.0025
5, 0.6000000000000001, 1, 0.2, 1331, 0.0025
5, 0.6000000000000001, 1, 0.2, 1332, 0.0025
5, 0.6000000000000001, 1, 0.2, 1333, 0.0025
5, 0.6000000000000001, 1, 0.2, 1334, 0.0025
5, 0.6000000000000001, 1, 0.2, 1406, 0.0025
5, 0.6000000000000001, 1, 0.2, 1407, 0.0025
5, 0.6000000000000001, 1, 0.2, 1408, 0.0025
5, 0.6000000000000001, 1, 0.2, 1409, 0.0025
5, 0.6000000000000001, 1, 0.2, 1410, 0.0025
5, 0.6000000000000001, 1, 0.2, 1482, 0.0025
5, 0.6000000000000001, 1, 0.2, 1483, 0.0025
5, 0.6000000000000001, 1, 0.2, 1484, 0.0025
5, 0.6000000000000001, 1, 0.2, 1485, 0.0025
5, 0.6000000000000001, 1, 0.2, 1486, 0.0025
5, 0.6000000000000001, 1, 0.2, 1560, 0.0025
5, 0.6000000000000001, 1, 0.2, 1561, 0.0025
5, 0.6000000000000001, 1, 0.2, 1562, 0.0025
5, 0.6000000000000001, 1, 0.2, 1563, 0.0025
5, 0.6000000000000001, 1, 0.2, 1641, 0.0025
5, 0.6000000000000001, 1, 0.2, 1642, 0.0025
5, 0.6000000000000001, 1, 0.2, 1724, 0.0025
5, 0.6000000000000001, 19, 0.2, 6472, 0.0025
5, 0.6000000000000001, 19, 0.2, 6473, 0.0025
5, 0.6000000000000001, 19, 0.2, 6474, 0.0025
5, 0.6000000000000001, 19, 0.2, 6475, 0.0025
5, 0.6000000000000001, 19, 0.2, 6603, 0.0025
5, 0.6000000000000001, 19, 0.2, 6604, 0.0025
5, 0.6000000000000001, 19, 0.2, 6605, 0.0025
5, 0.6000000000000001, 19, 0.2, 6606, 0.0025
5, 0.6000000000000001, 19, 0.2, 6607, 0.0025
5, 0.6000000000000001, 19, 0.2, 6608, 0.0025
5, 0.6000000000000001, 19, 0.2, 6609, 0.0025
5, 0.6000000000000001, 19, 0.2, 6736, 0.0025
5, 0.6000000000000001, 19, 0.2, 6737, 0.0025
5, 0.6000000000000001, 19, 0.2, 6738, 0.0025
5, 0.6000000000000001, 19, 0.2, 6739, 0.0025
5, 0.6000000000000001, 19, 0.2, 6740, 0.0025
5, 0.6000000000000001, 19, 0.2, 6741, 0.0025
5, 0.6000000000000001, 19, 0.2, 6742, 0.0025
5, 0.6000000000000001, 19, 0.2, 6869, 0.0025
5, 0.6000000000000001, 19, 0.2, 6870, 0.0025
5, 0.6000000000000001, 19, 0.2, 6871, 0.0025
5, 0.6000000000000001, 19, 0.2, 6872, 0.0025
5, 0.6000000000000001, 19, 0.2, 6873, 0.0025
5, 0.6000000000000001, 19, 0.2, 6874, 0.0025
5, 0.6000000000000001, 19, 0.2, 6875, 0.0025
5, 0.6000000000000001, 19, 0.2, 6876, 0.0025
5, 0.6000000000000001, 19, 0.2, 7003, 0.0025
5, 0.6000000000000001, 19, 0.2, 7004, 0.0025
5, 0.6000000000000001, 19, 0.2, 7005, 0.0025
5, 0.6000000000000001, 19, 0.2, 7006, 0.0025
5, 0.6000000000000001, 19, 0.2, 7007, 0.0025
5, 0.6000000000000001, 19, 0.2, 7008, 0.0025
5, 0.6000000000000001, 19, 0.2, 7009, 0.0025
5, 0.6000000000000001, 19, 0.2, 7010, 0.0025
5, 0.6000000000000001, 19, 0.2, 7136, 0.0025
5, 0.6000000000000001, 19, 0.2, 7137, 0.0025
5, 0.6000000000000001, 19, 0.2, 7138, 0.0025
5, 0.6000000000000001, 19, 0.2, 7139, 0.0025
5, 0.6000000000000001, 19, 0.2, 7140, 0.0025
5, 0.6000000000000001, 19, 0.2, 7141, 0.0025
5, 0.6000000000000001, 19, 0.2, 7142, 0.0025
5, 0.6000000000000001, 19, 0.2, 7143, 0.0025
5, 0.6000000000000001, 19, 0.2, 7144, 0.0025
5, 0.6000000000000001, 19, 0.2, 7271, 0.0025
5, 0.6000000000000001, 19, 0.2, 7272, 0.0025
5, 0.6000000000000001, 19, 0.2, 7273, 0.0025
5, 0.6000000000000001, 19, 0.2, 7274, 0.0025
5, 0.6000000000000001, 19, 0.2, 7275, 0.0025
5, 0.6000000000000001, 19, 0.2, 7276, 0.0025
5, 0.6000000000000001, 19, 0.2, 7277, 0.0025
5, 0.6000000000000001, 19, 0.2, 7278, 0.0025
5, 0.6000000000000001, 19, 0.2, 7279, 0.0025
5, 0.6000000000000001, 19, 0.2, 7280, 0.0025
5, 0.6000000000000001, 19, 0.2, 7281, 0.0025
5, 0.6000000000000001, 19, 0.2, 7407, 0.0025
5, 0.6000000000000001, 19, 0.2, 7408, 0.0025
5, 0.6000000000000001, 19, 0.2, 7409, 0.0025
5, 0.6000000000000001, 19, 0.2, 7410, 0.0025
5, 0.6000000000000001, 19, 0.2, 7411, 0.0025
5, 0.6000000000000001, 19, 0.2, 7412, 0.0025
5, 0.6000000000000001, 19, 0.2, 7413, 0.0025
5, 0.6000000000000001, 19, 0.2, 7414, 0.0025
5, 0.6000000000000001, 19, 0.2, 7415, 0.0025
5, 0.6000000000000001, 19, 0.2, 7416, 0.0025
5, 0.6000000000000001, 22, 0.2, 7500, 0.0025
5, 0.6000000000000001, 19, 0.2, 7545, 0.0025
5, 0.6000000000000001, 19, 0.2, 7546, 0.0025
5, 0.6000000000000001, 19, 0.2, 7547, 0.0025
5, 0.6000000000000001, 19, 0.2, 7548, 0.0025
5, 0.6000000000000001, 19, 0.2, 7549, 0.0025
5, 0.6000000000000001, 19, 0.2, 7550, 0.0025
5, 0.6000000000000001, 19, 0.2, 7551, 0.0025
5, 0.6000000000000001, 19, 0.2, 7552, 0.0025
5, 0.6000000000000001, 19, 0.2, 7553, 0.0025
5, 0.6000000000000001, 22, 0.2, 7630, 0.0025
5, 0.6000000000000001, 22, 0.2, 7631, 0.0025
5, 0.6000000000000001, 22, 0.2, 7632, 0.0025
5, 0.6000000000000001, 22, 0.2, 7633, 0.0025
5, 0.6000000000000001, 22, 0.2, 7634, 0.0025
5, 0.6000000000000001, 22, 0.2, 7635, 0.0025
5, 0.6000000000000001, 22, 0.2, 7636, 0.0025
5, 0.6000000000000001, 22, 0.2, 7637, 0.0025
5, 0.6000000000000001, 22, 0.2, 7638, 0.0025
5, 0.6000000000000001, 19, 0.2, 7684, 0.0025
5, 0.6000000000000001, 19, 0.2, 7685, 0.0025
5, 0.6000000000000001, 19, 0.2, 7686, 0.0025
5, 0.6000000000000001, 19, 0.2, 7687, 0.0025
5, 0.6000000000000001, 19, 0.2, 7688, 0.0025
5, 0.6000000000000001, 19, 0.2, 7689, 0.0025
5, 0.6000000000000001, 19, 0.2, 7690, 0.0025
5, 0.6000000000000001, 22, 0.2, 7769, 0.0025
5, 0.6000000000000001, 22, 0.2, 7770, 0.0025
5, 0.6000000000000001, 22, 0.2, 7771, 0.0025
5, 0.6000000000000001, 22, 0.2, 7772, 0.0025
5, 0.6000000000000001, 22, 0.2, 7773, 0.0025
5, 0.6000000000000001, 22, 0.2, 7774, 0.0025
5, 0.6000000000000001, 22, 0.2, 7775, 0.0025
5, 0.6000000000000001, 22, 0.2, 7776, 0.0025
5, 0.6000000000000001, 22, 0.2, 7777, 0.0025
5, 0.6000000000000001, 19, 0.2, 7824, 0.0025
5, 0.6000000000000001, 22, 0.2, 7908, 0.0025
5, 0.6000000000000001, 22, 0.2, 7909, 0.0025
5, 0.6000000000000001, 22, 0.2, 7910, 0.0025
5, 0.6000000000000001, 22, 0.2, 7911, 0.0025
5, 0.6000000000000001, 22, 0.2, 7912, 0.0025
5, 0.6000000000000001, 22, 0.2, 7913, 0.0025
5, 0.6000000000000001, 22, 0.2, 7914, 0.0025
5, 0.6000000000000001, 22, 0.2, 7915, 0.0025
5, 0.6000000000000001, 22, 0.2, 7916, 0.0025
5, 0.6000000000000001, 22, 0.2, 8047, 0.0025
5, 0.6000000000000001, 22, 0.2, 8049, 0.0025
5, 0.6000000000000001, 22, 0.2, 8050, 0.0025
5, 0.6000000000000001, 22, 0.2, 8051, 0.0025
5, 0.6000000000000001, 22, 0.2, 8052, 0.0025
5, 0.6000000000000001, 22, 0.2, 8053, 0.0025
5, 0.6000000000000001, 22, 0.2, 8054, 0.0025
5, 0.6000000000000001, 22, 0.2, 8055, 0.0025
5, 0.6000000000000001, 22, 0.2, 8056, 0.0025
5, 0.6000000000000001, 22, 0.2, 8188, 0.0025
5, 0.6000000000000001, 22, 0.2, 8189, 0.0025
5, 0.6000000000000001, 22, 0.2, 8190, 0.0025
5, 0.6000000000000001, 22, 0.2, 8191, 0.0025
5, 0.6000000000000001, 22, 0.2, 8192, 0.0025
5, 0.6000000000000001, 22, 0.2, 8193, 0.0025
5, 0.6000000000000001, 22, 0.2, 8194, 0.0025
5, 0.6000000000000001, 22, 0.2, 8195, 0.0025
5, 0.6000000000000001, 22, 0.2, 8196, 0.0025
5, 0.6000000000000001, 22, 0.2, 8197, 0.0025
5, 0.6000000000000001, 22, 0.2, 8329, 0.0025
5, 0.6000000000000001, 22, 0.2, 8330, 0.0025
5, 0.6000000000000001, 22, 0.2, 8331, 0.0025
5, 0.6000000000000001, 22, 0.2, 8332, 0.0025
5, 0.6000000000000001, 22, 0.2, 8333, 0.0025
5, 0.6000000000000001, 22, 0.2, 8334, 0.0025
5, 0.6000000000000001, 22, 0.2, 8336, 0.0025
5, 0.6000000000000001, 22, 0.2, 8337, 0.0025
5, 0.6000000000000001, 22, 0.2, 8338, 0.0025
5, 0.6000000000000001, 22, 0.2, 8471, 0.0025
5, 0.6000000000000001, 22, 0.2, 8472, 0.0025
5, 0.6000000000000001, 22, 0.2, 8473, 0.0025
5, 0.6000000000000001, 22, 0.2, 8474, 0.0025
5, 0.6000000000000001, 22, 0.2, 8480, 0.0025
5, 0.6000000000000001, 22, 0.2, 8613, 0.0025
5, 0.6000000000000001, 22, 0.2, 8614, 0.0025
5, 0.6000000000000001, 22, 0.2, 8615, 0.0025
5, 0.6000000000000001, 22, 0.2, 8616, 0.0025
5, 0.6000000000000001, 22, 0.2, 8617, 0.0025
5, 0.6000000000000001, 22, 0.2, 8618, 0.0025
5, 0.6000000000000001, 22, 0.2, 8619, 0.0025
5, 0.6000000000000001, 22, 0.2, 8620, 0.0025
5, 0.6000000000000001, 22, 0.2, 8621, 0.0025
5, 0.6000000000000001, 22, 0.2, 8623, 0.0025
5, 0.6000000000000001, 22, 0.2, 8758, 0.0025
5, 0.6000000000000001, 22, 0.2, 8759, 0.0025
5, 0.6000000000000001, 22, 0.2, 8760, 0.0025
5, 0.6000000000000001, 22, 0.2, 8761, 0.0025
5, 0.6000000000000001, 22, 0.2, 8762, 0.0025
5, 0.6000000000000001, 22, 0.2, 8763, 0.0025
5, 0.6000000000000001, 22, 0.2, 8765, 0.0025
5, 0.6000000000000001, 22, 0.2, 8766, 0.0025
5, 0.6000000000000001, 22, 0.2, 8767, 0.0025
5, 0.6000000000000001, 22, 0.2, 8768, 0.0025
5, 0.6000000000000001, 31, 0.2, 11242, 0.0025
5, 0.6000000000000001, 31, 0.2, 11353, 0.0025
5, 0.6000000000000001, 31, 0.2, 11469, 0.0025
5, 0.6000000000000001, 31, 0.2, 11580, 0.0025
5, 0.6000000000000001, 31, 0.2, 11581, 0.0025
5, 0.6000000000000001, 31, 0.2, 11582, 0.0025
5, 0.6000000000000001, 31, 0.2, 11694, 0.0025
5, 0.6000000000000001, 31, 0.2, 11695, 0.0025
5, 0.6000000000000001, 31, 0.2, 11696, 0.0025
5, 0.6000000000000001, 31, 0.2, 11807, 0.0025
5, 0.6000000000000001, 31, 0.2, 11808, 0.0025
5, 0.6000000000000001, 31, 0.2, 11809, 0.0025
5, 0.6000000000000001, 31, 0.2, 11810, 0.0025
5, 0.6000000000000001, 31, 0.2, 11919, 0.0025
5, 0.6000000000000001, 31, 0.2, 11920, 0.0025
5, 0.6000000000000001, 31, 0.2, 11921, 0.0025
5, 0.6000000000000001, 31, 0.2, 12030, 0.0025
5, 0.6000000000000001, 31, 0.2, 12032, 0.0025
5, 0.6000000000000001, 31, 0.2, 12033, 0.0025
5, 0.6000000000000001, 31, 0.2, 12034, 0.0025
5, 0.6000000000000001, 31, 0.2, 12035, 0.0025
5, 0.6000000000000001, 31, 0.2, 12142, 0.0025
5, 0.6000000000000001, 31, 0.2, 12143, 0.0025
5, 0.6000000000000001, 31, 0.2, 12146, 0.0025
5, 0.6000000000000001, 31, 0.2, 12147, 0.0025
5, 0.6000000000000001, 31, 0.2, 12148, 0.0025
5, 0.6000000000000001, 31, 0.2, 12249, 0.0025
5, 0.6000000000000001, 31, 0.2, 12250, 0.0025
5, 0.6000000000000001, 31, 0.2, 12251, 0.0025
5, 0.6000000000000001, 31, 0.2, 12253, 0.0025
5, 0.6000000000000001, 31, 0.2, 12254, 0.0025
5, 0.6000000000000001, 31, 0.2, 12255, 0.0025
5, 0.6000000000000001, 31, 0.2, 12256, 0.0025
5, 0.6000000000000001, 31, 0.2, 12357, 0.0025
5, 0.6000000000000001, 31, 0.2, 12358, 0.0025
5, 0.6000000000000001, 31, 0.2, 12359, 0.0025
5, 0.6000000000000001, 31, 0.2, 12361, 0.0025
5, 0.6000000000000001, 31, 0.2, 12362, 0.0025
5, 0.6000000000000001, 31, 0.2, 12363, 0.0025
5, 0.6000000000000001, 31, 0.2, 12364, 0.0025
5, 0.6000000000000001, 31, 0.2, 12465, 0.0025
5, 0.6000000000000001, 31, 0.2, 12466, 0.0025
5, 0.6000000000000001, 31, 0.2, 12467, 0.0025
5, 0.6000000000000001, 31, 0.2, 12468, 0.0025
5, 0.6000000000000001, 31, 0.2, 12470, 0.0025
5, 0.6000000000000001, 31, 0.2, 12471, 0.0025
5, 0.6000000000000001, 31, 0.2, 12472, 0.0025
5, 0.6000000000000001, 31, 0.2, 12473, 0.0025
5, 0.6000000000000001, 31, 0.2, 12576, 0.0025
5, 0.6000000000000001, 31, 0.2, 12577, 0.0025
5, 0.6000000000000001, 31, 0.2, 12578, 0.0025
5, 0.6000000000000001, 31, 0.2, 12579, 0.0025
5, 0.6000000000000001, 31, 0.2, 12580, 0.0025
5, 0.6000000000000001, 31, 0.2, 12582, 0.0025
5, 0.6000000000000001, 31, 0.2, 12583, 0.0025
5, 0.6000000000000001, 31, 0.2, 12584, 0.0025
5, 0.6000000000000001, 31, 0.2, 12682, 0.0025
5, 0.6000000000000001, 31, 0.2, 12683, 0.0025
5, 0.6000000000000001, 31, 0.2, 12684, 0.0025
5, 0.6000000000000001, 31, 0.2, 12685, 0.0025
5, 0.6000000000000001, 31, 0.2, 12686, 0.0025
5, 0.6000000000000001, 31, 0.2, 12688, 0.0025
5, 0.6000000000000001, 31, 0.2, 12689, 0.0025
5, 0.6000000000000001, 31, 0.2, 12690, 0.0025
5, 0.6000000000000001, 31, 0.2, 12786, 0.0025
5, 0.6000000000000001, 31, 0.2, 12787, 0.0025
5, 0.6000000000000001, 31, 0.2, 12788, 0.0025
5, 0.6000000000000001, 31, 0.2, 12789, 0.0025
5, 0.6000000000000001, 31, 0.2, 12792, 0.0025
5, 0.6000000000000001, 31, 0.2, 12793, 0.0025
5, 0.6000000000000001, 31, 0.2, 12893, 0.0025
5, 0.6000000000000001, 31, 0.2, 12894, 0.0025
5, 0.6000000000000001, 31, 0.2, 12895, 0.0025
5, 0.6000000000000001, 31, 0.2, 12897, 0.0025
5, 0.6000000000000001, 31, 0.2, 12898, 0.0025
5, 0.6000000000000001, 31, 0.2, 12998, 0.0025
5, 0.6000000000000001, 31, 0.2, 12999, 0.0025
5, 0.6000000000000001, 31, 0.2, 13002, 0.0025
5, 0.6000000000000001, 31, 0.2, 13110, 0.0025
5, 0.6000000000000001, 31, 0.2, 13112, 0.0025
5, 0.6000000000000001, 31, 0.2, 13221, 0.0025
5, 0.6000000000000001, 41, 0.2, 16651, 0.0025
5, 0.6000000000000001, 41, 0.2, 16653, 0.0025
5, 0.6000000000000001, 41, 0.2, 16754, 0.0025
5, 0.6000000000000001, 41, 0.2, 16755, 0.0025
5, 0.6000000000000001, 41, 0.2, 16870, 0.0025
5, 0.6000000000000001, 41, 0.2, 16876, 0.0025
5, 0.6000000000000001, 41, 0.2, 16877, 0.0025
5, 0.6000000000000001, 41, 0.2, 16986, 0.0025
5, 0.6000000000000001, 41, 0.2, 16987, 0.0025
5, 0.6000000000000001, 41, 0.2, 17087, 0.0025
5, 0.6000000000000001, 41, 0.2, 17091, 0.0025
5, 0.6000000000000001, 41, 0.2, 17092, 0.0025
5, 0.6000000000000001, 41, 0.2, 17093, 0.0025
5, 0.6000000000000001, 41, 0.2, 17094, 0.0025
5, 0.6000000000000001, 41, 0.2, 17095, 0.0025
5, 0.6000000000000001, 41, 0.2, 17190, 0.0025
5, 0.6000000000000001, 41, 0.2, 17197, 0.0025
5, 0.6000000000000001, 41, 0.2, 17198, 0.0025
5, 0.6000000000000001, 41, 0.2, 17200, 0.0025
5, 0.6000000000000001, 41, 0.2, 17293, 0.0025
5, 0.6000000000000001, 41, 0.2, 17295, 0.0025
5, 0.6000000000000001, 41, 0.2, 17299, 0.0025
5, 0.6000000000000001, 41, 0.2, 17301, 0.0025
5, 0.6000000000000001, 41, 0.2, 17303, 0.0025
5, 0.6000000000000001, 41, 0.2, 17395, 0.0025
5, 0.6000000000000001, 41, 0.2, 17401, 0.0025
5, 0.6000000000000001, 41, 0.2, 17402, 0.0025
5, 0.6000000000000001, 41, 0.2, 17404, 0.0025
5, 0.6000000000000001, 41, 0.2, 17405, 0.0025
5, 0.6000000000000001, 41, 0.2, 17503, 0.0025
5, 0.6000000000000001, 41, 0.2, 17504, 0.0025
5, 0.6000000000000001, 41, 0.2, 17505, 0.0025
5, 0.6000000000000001, 41, 0.2, 17506, 0.0025
5, 0.6000000000000001, 41, 0.2, 17508, 0.0025
5, 0.6000000000000001, 41, 0.2, 17509, 0.0025
5, 0.6000000000000001, 41, 0.2, 17602, 0.0025
5, 0.6000000000000001, 41, 0.2, 17603, 0.0025
5, 0.6000000000000001, 41, 0.2, 17604, 0.0025
5, 0.6000000000000001, 41, 0.2, 17605, 0.0025
5, 0.6000000000000001, 41, 0.2, 17606, 0.0025
5, 0.6000000000000001, 41, 0.2, 17607, 0.0025
5, 0.6000000000000001, 41, 0.2, 17608, 0.0025
5, 0.6000000000000001, 41, 0.2, 17609, 0.0025
5, 0.6000000000000001, 41, 0.2, 17696, 0.0025
5, 0.6000000000000001, 41, 0.2, 17697, 0.0025
5, 0.6000000000000001, 41, 0.2, 17698, 0.0025
5, 0.6000000000000001, 41, 0.2, 17699, 0.0025
5, 0.6000000000000001, 41, 0.2, 17700, 0.0025
5, 0.6000000000000001, 41, 0.2, 17702, 0.0025
5, 0.6000000000000001, 41, 0.2, 17703, 0.0025
5, 0.6000000000000001, 41, 0.2, 17704, 0.0025
5, 0.6000000000000001, 41, 0.2, 17790, 0.0025
5, 0.6000000000000001, 41, 0.2, 17791, 0.0025
5, 0.6000000000000001, 41, 0.2, 17792, 0.0025
5, 0.6000000000000001, 41, 0.2, 17793, 0.0025
5, 0.6000000000000001, 41, 0.2, 17794, 0.0025
5, 0.6000000000000001, 41, 0.2, 17795, 0.0025
5, 0.6000000000000001, 41, 0.2, 17797, 0.0025
5, 0.6000000000000001, 41, 0.2, 17885, 0.0025
5, 0.6000000000000001, 41, 0.2, 17888, 0.0025
5, 0.6000000000000001, 41, 0.2, 17889, 0.0025
5, 0.6000000000000001, 41, 0.2, 17890, 0.0025
5, 0.6000000000000001, 41, 0.2, 17892, 0.0025
5, 0.6000000000000001, 41, 0.2, 17976, 0.0025
5, 0.6000000000000001, 41, 0.2, 17977, 0.0025
5, 0.6000000000000001, 41, 0.2, 17978, 0.0025
5, 0.6000000000000001, 41, 0.2, 17979, 0.0025
5, 0.6000000000000001, 41, 0.2, 17980, 0.0025
5, 0.6000000000000001, 41, 0.2, 17982, 0.0025
5, 0.6000000000000001, 41, 0.2, 18060, 0.0025
5, 0.6000000000000001, 41, 0.2, 18062, 0.0025
5, 0.6000000000000001, 41, 0.2, 18064, 0.0025
5, 0.6000000000000001, 41, 0.2, 18066, 0.0025
5, 0.6000000000000001, 41, 0.2, 18149, 0.0025
5, 0.6000000000000001, 41, 0.2, 18150, 0.0025
5, 0.6000000000000001, 41, 0.2, 18157, 0.0025
5, 0.6000000000000001, 41, 0.2, 18230, 0.0025
5, 0.6000000000000001, 41, 0.2, 18232, 0.0025
5, 0.6000000000000001, 41, 0.2, 18233, 0.0025
5, 0.6000000000000001, 41, 0.2, 18234, 0.0025
5, 0.6000000000000001, 41, 0.2, 18235, 0.0025
5, 0.65, 1, 0.2, 460, 0.0025
5, 0.65, 1, 0.2, 462, 0.0025
5, 0.65, 1, 0.2, 501, 0.0025
5, 0.65, 1, 0.2, 503, 0.0025
5, 0.65, 1, 0.2, 507, 0.0025
5, 0.65, 1, 0.2, 548, 0.0025
5, 0.65, 1, 0.2, 549, 0.0025
5, 0.65, 1, 0.2, 550, 0.0025
5, 0.65, 1, 0.2, 551, 0.0025
5, 0.65, 1, 0.2, 552, 0.0025
5, 0.65, 1, 0.2, 553, 0.0025
5, 0.65, 1, 0.2, 554, 0.0025
5, 0.65, 1, 0.2, 596, 0.0025
5, 0.65, 1, 0.2, 597, 0.0025
5, 0.65, 1, 0.2, 598, 0.0025
5, 0.65, 1, 0.2, 599, 0.0025
5, 0.65, 1, 0.2, 600, 0.0025
5, 0.65, 1, 0.2, 601, 0.0025
5, 0.65, 1, 0.2, 602, 0.0025
5, 0.65, 1, 0.2, 603, 0.0025
5, 0.65, 1, 0.2, 604, 0.0025
5, 0.65, 1, 0.2, 648, 0.0025
5, 0.65, 1, 0.2, 649, 0.0025
5, 0.65, 1, 0.2, 650, 0.0025
5, 0.65, 1, 0.2, 651, 0.0025
5, 0.65, 1, 0.2, 652, 0.0025
5, 0.65, 1, 0.2, 653, 0.0025
5, 0.65, 1, 0.2, 654, 0.0025
5, 0.65, 1, 0.2, 701, 0.0025
5, 0.65, 1, 0.2, 702, 0.0025
5, 0.65, 1, 0.2, 703, 0.0025
5, 0.65, 1, 0.2, 704, 0.0025
5, 0.65, 1, 0.2, 705, 0.0025
5, 0.65, 1, 0.2, 706, 0.0025
5, 0.65, 1, 0.2, 707, 0.0025
5, 0.65, 1, 0.2, 756, 0.0025
5, 0.65, 1, 0.2, 757, 0.0025
5, 0.65, 1, 0.2, 758, 0.0025
5, 0.65, 1, 0.2, 759, 0.0025
5, 0.65, 1, 0.2, 760, 0.0025
5, 0.65, 1, 0.2, 761, 0.0025
5, 0.65, 1, 0.2, 762, 0.0025
5, 0.65, 1, 0.2, 807, 0.0025
5, 0.65, 1, 0.2, 814, 0.0025
5, 0.65, 1, 0.2, 815, 0.0025
5, 0.65, 1, 0.2, 816, 0.0025
5, 0.65, 1, 0.2, 817, 0.0025
5, 0.65, 1, 0.2, 818, 0.0025
5, 0.65, 1, 0.2, 874, 0.0025
5, 0.65, 1, 0.2, 875, 0.0025
5, 0.65, 1, 0.2, 876, 0.0025
5, 0.65, 1, 0.2, 877, 0.0025
5, 0.65, 1, 0.2, 936, 0.0025
5, 0.65, 1, 0.2, 937, 0.0025
5, 0.65, 1, 0.2, 938, 0.0025
5, 0.65, 1, 0.2, 1053, 0.0025
5, 0.65, 1, 0.2, 1119, 0.0025
5, 0.65, 1, 0.2, 1188, 0.0025
5, 0.65, 1, 0.2, 1258, 0.0025
5, 0.65, 1, 0.2, 1330, 0.0025
5, 0.65, 1, 0.2, 1331, 0.0025
5, 0.65, 1, 0.2, 1332, 0.0025
5, 0.65, 1, 0.2, 1333, 0.0025
5, 0.65, 1, 0.2, 1334, 0.0025
5, 0.65, 1, 0.2, 1406, 0.0025
5, 0.65, 1, 0.2, 1407, 0.0025
5, 0.65, 1, 0.2, 1408, 0.0025
5, 0.65, 1, 0.2, 1409, 0.0025
5, 0.65, 1, 0.2, 1410, 0.0025
5, 0.65, 1, 0.2, 1482, 0.0025
5, 0.65, 1, 0.2, 1483, 0.0025
5, 0.65, 1, 0.2, 1484, 0.0025
5, 0.65, 1, 0.2, 1485, 0.0025
5, 0.65, 1, 0.2, 1486, 0.0025
5, 0.65, 1, 0.2, 1560, 0.0025
5, 0.65, 1, 0.2, 1561, 0.0025
5, 0.65, 1, 0.2, 1562, 0.0025
5, 0.65, 1, 0.2, 1563, 0.0025
5, 0.65, 1, 0.2, 1641, 0.0025
5, 0.65, 1, 0.2, 1642, 0.0025
5, 0.65, 1, 0.2, 1724, 0.0025
5, 0.65, 19, 0.2, 6472, 0.0025
5, 0.65, 19, 0.2, 6473, 0.0025
5, 0.65, 19, 0.2, 6474, 0.0025
5, 0.65, 19, 0.2, 6475, 0.0025
5, 0.65, 19, 0.2, 6603, 0.0025
5, 0.65, 19, 0.2, 6604, 0.0025
5, 0.65, 19, 0.2, 6605, 0.0025
5, 0.65, 19, 0.2, 6606, 0.0025
5, 0.65, 19, 0.2, 6607, 0.0025
5, 0.65, 19, 0.2, 6608, 0.0025
5, 0.65, 19, 0.2, 6609, 0.0025
5, 0.65, 19, 0.2, 6736, 0.0025
5, 0.65, 19, 0.2, 6737, 0.0025
5, 0.65, 19, 0.2, 6738, 0.0025
5, 0.65, 19, 0.2, 6739, 0.0025
5, 0.65, 19, 0.2, 6740, 0.0025
5, 0.65, 19, 0.2, 6741, 0.0025
5, 0.65, 19, 0.2, 6742, 0.0025
5, 0.65, 19, 0.2, 6869, 0.0025
5, 0.65, 19, 0.2, 6870, 0.0025
5, 0.65, 19, 0.2, 6871, 0.0025
5, 0.65, 19, 0.2, 6872, 0.0025
5, 0.65, 19, 0.2, 6873, 0.0025
5, 0.65, 19, 0.2, 6874, 0.0025
5, 0.65, 19, 0.2, 6875, 0.0025
5, 0.65, 19, 0.2, 6876, 0.0025
5, 0.65, 19, 0.2, 7003, 0.0025
5, 0.65, 19, 0.2, 7004, 0.0025
5, 0.65, 19, 0.2, 7005, 0.0025
5, 0.65, 19, 0.2, 7006, 0.0025
5, 0.65, 19, 0.2, 7007, 0.0025
5, 0.65, 19, 0.2, 7008, 0.0025
5, 0.65, 19, 0.2, 7009, 0.0025
5, 0.65, 19, 0.2, 7010, 0.0025
5, 0.65, 19, 0.2, 7136, 0.0025
5, 0.65, 19, 0.2, 7137, 0.0025
5, 0.65, 19, 0.2, 7138, 0.0025
5, 0.65, 19, 0.2, 7139, 0.0025
5, 0.65, 19, 0.2, 7140, 0.0025
5, 0.65, 19, 0.2, 7141, 0.0025
5, 0.65, 19, 0.2, 7142, 0.0025
5, 0.65, 19, 0.2, 7143, 0.0025
5, 0.65, 19, 0.2, 7144, 0.0025
5, 0.65, 19, 0.2, 7271, 0.0025
5, 0.65, 19, 0.2, 7272, 0.0025
5, 0.65, 19, 0.2, 7273, 0.0025
5, 0.65, 19, 0.2, 7274, 0.0025
5, 0.65, 19, 0.2, 7275, 0.0025
5, 0.65, 19, 0.2, 7276, 0.0025
5, 0.65, 19, 0.2, 7277, 0.0025
5, 0.65, 19, 0.2, 7278, 0.0025
5, 0.65, 19, 0.2, 7279, 0.0025
5, 0.65, 19, 0.2, 7280, 0.0025
5, 0.65, 19, 0.2, 7281, 0.0025
5, 0.65, 19, 0.2, 7407, 0.0025
5, 0.65, 19, 0.2, 7408, 0.0025
5, 0.65, 19, 0.2, 7409, 0.0025
5, 0.65, 19, 0.2, 7410, 0.0025
5, 0.65, 19, 0.2, 7411, 0.0025
5, 0.65, 19, 0.2, 7412, 0.0025
5, 0.65, 19, 0.2, 7413, 0.0025
5, 0.65, 19, 0.2, 7414, 0.0025
5, 0.65, 19, 0.2, 7415, 0.0025
5, 0.65, 19, 0.2, 7416, 0.0025
5, 0.65, 22, 0.2, 7500, 0.0025
5, 0.65, 19, 0.2, 7545, 0.0025
5, 0.65, 19, 0.2, 7546, 0.0025
5, 0.65, 19, 0.2, 7547, 0.0025
5, 0.65, 19, 0.2, 7548, 0.0025
5, 0.65, 19, 0.2, 7549, 0.0025
5, 0.65, 19, 0.2, 7550, 0.0025
5, 0.65, 19, 0.2, 7551, 0.0025
5, 0.65, 19, 0.2, 7552, 0.0025
5, 0.65, 19, 0.2, 7553, 0.0025
5, 0.65, 22, 0.2, 7630, 0.0025
5, 0.65, 22, 0.2, 7631, 0.0025
5, 0.65, 22, 0.2, 7632, 0.0025
5, 0.65, 22, 0.2, 7633, 0.0025
5, 0.65, 22, 0.2, 7634, 0.0025
5, 0.65, 22, 0.2, 7635, 0.0025
5, 0.65, 22, 0.2, 7636, 0.0025
5, 0.65, 22, 0.2, 7637, 0.0025
5, 0.65, 22, 0.2, 7638, 0.0025
5, 0.65, 19, 0.2, 7684, 0.0025
5, 0.65, 19, 0.2, 7685, 0.0025
5, 0.65, 19, 0.2, 7686, 0.0025
5, 0.65, 19, 0.2, 7687, 0.0025
5, 0.65, 19, 0.2, 7688, 0.0025
5, 0.65, 19, 0.2, 7689, 0.0025
5, 0.65, 19, 0.2, 7690, 0.0025
5, 0.65, 22, 0.2, 7769, 0.0025
5, 0.65, 22, 0.2, 7770, 0.0025
5, 0.65, 22, 0.2, 7771, 0.0025
5, 0.65, 22, 0.2, 7772, 0.0025
5, 0.65, 22, 0.2, 7773, 0.0025
5, 0.65, 22, 0.2, 7774, 0.0025
5, 0.65, 22, 0.2, 7775, 0.0025
5, 0.65, 22, 0.2, 7776, 0.0025
5, 0.65, 22, 0.2, 7777, 0.0025
5, 0.65, 19, 0.2, 7824, 0.0025
5, 0.65, 22, 0.2, 7908, 0.0025
5, 0.65, 22, 0.2, 7909, 0.0025
5, 0.65, 22, 0.2, 7910, 0.0025
5, 0.65, 22, 0.2, 7911, 0.0025
5, 0.65, 22, 0.2, 7912, 0.0025
5, 0.65, 22, 0.2, 7913, 0.0025
5, 0.65, 22, 0.2, 7914, 0.0025
5, 0.65, 22, 0.2, 7915, 0.0025
5, 0.65, 22, 0.2, 7916, 0.0025
5, 0.65, 22, 0.2, 8047, 0.0025
5, 0.65, 22, 0.2, 8049, 0.0025
5, 0.65, 22, 0.2, 8050, 0.0025
5, 0.65, 22, 0.2, 8051, 0.0025
5, 0.65, 22, 0.2, 8052, 0.0025
5, 0.65, 22, 0.2, 8053, 0.0025
5, 0.65, 22, 0.2, 8054, 0.0025
5, 0.65, 22, 0.2, 8055, 0.0025
5, 0.65, 22, 0.2, 8056, 0.0025
5, 0.65, 22, 0.2, 8188, 0.0025
5, 0.65, 22, 0.2, 8189, 0.0025
5, 0.65, 22, 0.2, 8190, 0.0025
5, 0.65, 22, 0.2, 8191, 0.0025
5, 0.65, 22, 0.2, 8192, 0.0025
5, 0.65, 22, 0.2, 8193, 0.0025
5, 0.65, 22, 0.2, 8194, 0.0025
5, 0.65, 22, 0.2, 8195, 0.0025
5, 0.65, 22, 0.2, 8196, 0.0025
5, 0.65, 22, 0.2, 8197, 0.0025
5, 0.65, 22, 0.2, 8329, 0.0025
5, 0.65, 22, 0.2, 8330, 0.0025
5, 0.65, 22, 0.2, 8331, 0.0025
5, 0.65, 22, 0.2, 8332, 0.0025
5, 0.65, 22, 0.2, 8333, 0.0025
5, 0.65, 22, 0.2, 8334, 0.0025
5, 0.65, 22, 0.2, 8336, 0.0025
5, 0.65, 22, 0.2, 8337, 0.0025
5, 0.65, 22, 0.2, 8338, 0.0025
5, 0.65, 22, 0.2, 8471, 0.0025
5, 0.65, 22, 0.2, 8472, 0.0025
5, 0.65, 22, 0.2, 8473, 0.0025
5, 0.65, 22, 0.2, 8474, 0.0025
5, 0.65, 22, 0.2, 8480, 0.0025
5, 0.65, 22, 0.2, 8613, 0.0025
5, 0.65, 22, 0.2, 8614, 0.0025
5, 0.65, 22, 0.2, 8615, 0.0025
5, 0.65, 22, 0.2, 8616, 0.0025
5, 0.65, 22, 0.2, 8617, 0.0025
5, 0.65, 22, 0.2, 8618, 0.0025
5, 0.65, 22, 0.2, 8619, 0.0025
5, 0.65, 22, 0.2, 8620, 0.0025
5, 0.65, 22, 0.2, 8621, 0.0025
5, 0.65, 22, 0.2, 8623, 0.0025
5, 0.65, 22, 0.2, 8758, 0.0025
5, 0.65, 22, 0.2, 8759, 0.0025
5, 0.65, 22, 0.2, 8760, 0.0025
5, 0.65, 22, 0.2, 8761, 0.0025
5, 0.65, 22, 0.2, 8762, 0.0025
5, 0.65, 22, 0.2, 8763, 0.0025
5, 0.65, 22, 0.2, 8765, 0.0025
5, 0.65, 22, 0.2, 8766, 0.0025
5, 0.65, 22, 0.2, 8767, 0.0025
5, 0.65, 22, 0.2, 8768, 0.0025
5, 0.65, 31, 0.2, 11242, 0.0025
5, 0.65, 31, 0.2, 11353, 0.0025
5, 0.65, 31, 0.2, 11469, 0.0025
5, 0.65, 31, 0.2, 11580, 0.0025
5, 0.65, 31, 0.2, 11581, 0.0025
5, 0.65, 31, 0.2, 11582, 0.0025
5, 0.65, 31, 0.2, 11694, 0.0025
5, 0.65, 31, 0.2, 11695, 0.0025
5, 0.65, 31, 0.2, 11696, 0.0025
5, 0.65, 31, 0.2, 11807, 0.0025
5, 0.65, 31, 0.2, 11808, 0.0025
5, 0.65, 31, 0.2, 11809, 0.0025
5, 0.65, 31, 0.2, 11810, 0.0025
5, 0.65, 31, 0.2, 11919, 0.0025
5, 0.65, 31, 0.2, 11920, 0.0025
5, 0.65, 31, 0.2, 11921, 0.0025
5, 0.65, 31, 0.2, 12030, 0.0025
5, 0.65, 31, 0.2, 12032, 0.0025
5, 0.65, 31, 0.2, 12033, 0.0025
5, 0.65, 31, 0.2, 12034, 0.0025
5, 0.65, 31, 0.2, 12035, 0.0025
5, 0.65, 31, 0.2, 12142, 0.0025
5, 0.65, 31, 0.2, 12143, 0.0025
5, 0.65, 31, 0.2, 12146, 0.0025
5, 0.65, 31, 0.2, 12147, 0.0025
5, 0.65, 31, 0.2, 12148, 0.0025
5, 0.65, 31, 0.2, 12249, 0.0025
5, 0.65, 31, 0.2, 12250, 0.0025
5, 0.65, 31, 0.2, 12251, 0.0025
5, 0.65, 31, 0.2, 12253, 0.0025
5, 0.65, 31, 0.2, 12254, 0.0025
5, 0.65, 31, 0.2, 12255, 0.0025
5, 0.65, 31, 0.2, 12256, 0.0025
5, 0.65, 31, 0.2, 12357, 0.0025
5, 0.65, 31, 0.2, 12358, 0.0025
5, 0.65, 31, 0.2, 12359, 0.0025
5, 0.65, 31, 0.2, 12361, 0.0025
5, 0.65, 31, 0.2, 12362, 0.0025
5, 0.65, 31, 0.2, 12363, 0.0025
5, 0.65, 31, 0.2, 12364, 0.0025
5, 0.65, 31, 0.2, 12465, 0.0025
5, 0.65, 31, 0.2, 12466, 0.0025
5, 0.65, 31, 0.2, 12467, 0.0025
5, 0.65, 31, 0.2, 12468, 0.0025
5, 0.65, 31, 0.2, 12470, 0.0025
5, 0.65, 31, 0.2, 12471, 0.0025
5, 0.65, 31, 0.2, 12472, 0.0025
5, 0.65, 31, 0.2, 12473, 0.0025
5, 0.65, 31, 0.2, 12576, 0.0025
5, 0.65, 31, 0.2, 12577, 0.0025
5, 0.65, 31, 0.2, 12578, 0.0025
5, 0.65, 31, 0.2, 12579, 0.0025
5, 0.65, 31, 0.2, 12580, 0.0025
5, 0.65, 31, 0.2, 12582, 0.0025
5, 0.65, 31, 0.2, 12583, 0.0025
5, 0.65, 31, 0.2, 12584, 0.0025
5, 0.65, 31, 0.2, 12682, 0.0025
5, 0.65, 31, 0.2, 12683, 0.0025
5, 0.65, 31, 0.2, 12684, 0.0025
5, 0.65, 31, 0.2, 12685, 0.0025
5, 0.65, 31, 0.2, 12686, 0.0025
5, 0.65, 31, 0.2, 12688, 0.0025
5, 0.65, 31, 0.2, 12689, 0.0025
5, 0.65, 31, 0.2, 12690, 0.0025
5, 0.65, 31, 0.2, 12786, 0.0025
5, 0.65, 31, 0.2, 12787, 0.0025
5, 0.65, 31, 0.2, 12788, 0.0025
5, 0.65, 31, 0.2, 12789, 0.0025
5, 0.65, 31, 0.2, 12792, 0.0025
5, 0.65, 31, 0.2, 12793, 0.0025
5, 0.65, 31, 0.2, 12893, 0.0025
5, 0.65, 31, 0.2, 12894, 0.0025
5, 0.65, 31, 0.2, 12895, 0.0025
5, 0.65, 31, 0.2, 12897, 0.0025
5, 0.65, 31, 0.2, 12898, 0.0025
5, 0.65, 31, 0.2, 12998, 0.0025
5, 0.65, 31, 0.2, 12999, 0.0025
5, 0.65, 31, 0.2, 13002, 0.0025
5, 0.65, 31, 0.2, 13110, 0.0025
5, 0.65, 31, 0.2, 13112, 0.0025
5, 0.65, 31, 0.2, 13221, 0.0025
5, 0.65, 41, 0.2, 16651, 0.0025
5, 0.65, 41, 0.2, 16653, 0.0025
5, 0.65, 41, 0.2, 16754, 0.0025
5, 0.65, 41, 0.2, 16755, 0.0025
5, 0.65, 41, 0.2, 16870, 0.0025
5, 0.65, 41, 0.2, 16876, 0.0025
5, 0.65, 41, 0.2, 16877, 0.0025
5, 0.65, 41, 0.2, 16986, 0.0025
5, 0.65, 41, 0.2, 16987, 0.0025
5, 0.65, 41, 0.2, 17087, 0.0025
5, 0.65, 41, 0.2, 17091, 0.0025
5, 0.65, 41, 0.2, 17092, 0.0025
5, 0.65, 41, 0.2, 17093, 0.0025
5, 0.65, 41, 0.2, 17094, 0.0025
5, 0.65, 41, 0.2, 17095, 0.0025
5, 0.65, 41, 0.2, 17190, 0.0025
5, 0.65, 41, 0.2, 17197, 0.0025
5, 0.65, 41, 0.2, 17198, 0.0025
5, 0.65, 41, 0.2, 17200, 0.0025
5, 0.65, 41, 0.2, 17293, 0.0025
5, 0.65, 41, 0.2, 17295, 0.0025
5, 0.65, 41, 0.2, 17299, 0.0025
5, 0.65, 41, 0.2, 17301, 0.0025
5, 0.65, 41, 0.2, 17303, 0.0025
5, 0.65, 41, 0.2, 17395, 0.0025
5, 0.65, 41, 0.2, 17401, 0.0025
5, 0.65, 41, 0.2, 17402, 0.0025
5, 0.65, 41, 0.2, 17404, 0.0025
5, 0.65, 41, 0.2, 17405, 0.0025
5, 0.65, 41, 0.2, 17503, 0.0025
5, 0.65, 41, 0.2, 17504, 0.0025
5, 0.65, 41, 0.2, 17505, 0.0025
5, 0.65, 41, 0.2, 17506, 0.0025
5, 0.65, 41, 0.2, 17508, 0.0025
5, 0.65, 41, 0.2, 17509, 0.0025
5, 0.65, 41, 0.2, 17602, 0.0025
5, 0.65, 41, 0.2, 17603, 0.0025
5, 0.65, 41, 0.2, 17604, 0.0025
5, 0.65, 41, 0.2, 17605, 0.0025
5, 0.65, 41, 0.2, 17606, 0.0025
5, 0.65, 41, 0.2, 17607, 0.0025
5, 0.65, 41, 0.2, 17608, 0.0025
5, 0.65, 41, 0.2, 17609, 0.0025
5, 0.65, 41, 0.2, 17696, 0.0025
5, 0.65, 41, 0.2, 17697, 0.0025
5, 0.65, 41, 0.2, 17698, 0.0025
5, 0.65, 41, 0.2, 17699, 0.0025
5, 0.65, 41, 0.2, 17700, 0.0025
5, 0.65, 41, 0.2, 17702, 0.0025
5, 0.65, 41, 0.2, 17703, 0.0025
5, 0.65, 41, 0.2, 17704, 0.0025
5, 0.65, 41, 0.2, 17790, 0.0025
5, 0.65, 41, 0.2, 17791, 0.0025
5, 0.65, 41, 0.2, 17792, 0.0025
5, 0.65, 41, 0.2, 17793, 0.0025
5, 0.65, 41, 0.2, 17794, 0.0025
5, 0.65, 41, 0.2, 17795, 0.0025
5, 0.65, 41, 0.2, 17797, 0.0025
5, 0.65, 41, 0.2, 17885, 0.0025
5, 0.65, 41, 0.2, 17888, 0.0025
5, 0.65, 41, 0.2, 17889, 0.0025
5, 0.65, 41, 0.2, 17890, 0.0025
5, 0.65, 41, 0.2, 17892, 0.0025
5, 0.65, 41, 0.2, 17976, 0.0025
5, 0.65, 41, 0.2, 17977, 0.0025
5, 0.65, 41, 0.2, 17978, 0.0025
5, 0.65, 41, 0.2, 17979, 0.0025
5, 0.65, 41, 0.2, 17980, 0.0025
5, 0.65, 41, 0.2, 17982, 0.0025
5, 0.65, 41, 0.2, 18060, 0.0025
5, 0.65, 41, 0.2, 18062, 0.0025
5, 0.65, 41, 0.2, 18064, 0.0025
5, 0.65, 41, 0.2, 18066, 0.0025
5, 0.65, 41, 0.2, 18149, 0.0025
5, 0.65, 41, 0.2, 18150, 0.0025
5, 0.65, 41, 0.2, 18157, 0.0025
5, 0.65, 41, 0.2, 18230, 0.0025
5, 0.65, 41, 0.2, 18232, 0.0025
5, 0.65, 41, 0.2, 18233, 0.0025
5, 0.65, 41, 0.2, 18234, 0.0025
5, 0.65, 41, 0.2, 18235, 0.0025
5, 0.7000000000000001, 1, 0.2, 460, 0.0025
5, 0.7000000000000001, 1, 0.2, 462, 0.0025
5, 0.7000000000000001, 1, 0.2, 501, 0.0025
5, 0.7000000000000001, 1, 0.2, 503, 0.0025
5, 0.7000000000000001, 1, 0.2, 507, 0.0025
5, 0.7000000000000001, 1, 0.2, 548, 0.0025
5, 0.7000000000000001, 1, 0.2, 549, 0.0025
5, 0.7000000000000001, 1, 0.2, 550, 0.0025
5, 0.7000000000000001, 1, 0.2, 551, 0.0025
5, 0.7000000000000001, 1, 0.2, 552, 0.0025
5, 0.7000000000000001, 1, 0.2, 553, 0.0025
5, 0.7000000000000001, 1, 0.2, 554, 0.0025
5, 0.7000000000000001, 1, 0.2, 596, 0.0025
5, 0.7000000000000001, 1, 0.2, 597, 0.0025
5, 0.7000000000000001, 1, 0.2, 598, 0.0025
5, 0.7000000000000001, 1, 0.2, 599, 0.0025
5, 0.7000000000000001, 1, 0.2, 600, 0.0025
5, 0.7000000000000001, 1, 0.2, 601, 0.0025
5, 0.7000000000000001, 1, 0.2, 602, 0.0025
5, 0.7000000000000001, 1, 0.2, 603, 0.0025
5, 0.7000000000000001, 1, 0.2, 604, 0.0025
5, 0.7000000000000001, 1, 0.2, 648, 0.0025
5, 0.7000000000000001, 1, 0.2, 649, 0.0025
5, 0.7000000000000001, 1, 0.2, 650, 0.0025
5, 0.7000000000000001, 1, 0.2, 651, 0.0025
5, 0.7000000000000001, 1, 0.2, 652, 0.0025
5, 0.7000000000000001, 1, 0.2, 653, 0.0025
5, 0.7000000000000001, 1, 0.2, 654, 0.0025
5, 0.7000000000000001, 1, 0.2, 701, 0.0025
5, 0.7000000000000001, 1, 0.2, 702, 0.0025
5, 0.7000000000000001, 1, 0.2, 703, 0.0025
5, 0.7000000000000001, 1, 0.2, 704, 0.0025
5, 0.7000000000000001, 1, 0.2, 705, 0.0025
5, 0.7000000000000001, 1, 0.2, 706, 0.0025
5, 0.7000000000000001, 1, 0.2, 707, 0.0025
5, 0.7000000000000001, 1, 0.2, 756, 0.0025
5, 0.7000000000000001, 1, 0.2, 757, 0.0025
5, 0.7000000000000001, 1, 0.2, 758, 0.0025
5, 0.7000000000000001, 1, 0.2, 759, 0.0025
5, 0.7000000000000001, 1, 0.2, 760, 0.0025
5, 0.7000000000000001, 1, 0.2, 761, 0.0025
5, 0.7000000000000001, 1, 0.2, 762, 0.0025
5, 0.7000000000000001, 1, 0.2, 807, 0.0025
5, 0.7000000000000001, 1, 0.2, 814, 0.0025
5, 0.7000000000000001, 1, 0.2, 815, 0.0025
5, 0.7000000000000001, 1, 0.2, 816, 0.0025
5, 0.7000000000000001, 1, 0.2, 817, 0.0025
5, 0.7000000000000001, 1, 0.2, 818, 0.0025
5, 0.7000000000000001, 1, 0.2, 874, 0.0025
5, 0.7000000000000001, 1, 0.2, 875, 0.0025
5, 0.7000000000000001, 1, 0.2, 876, 0.0025
5, 0.7000000000000001, 1, 0.2, 877, 0.0025
5, 0.7000000000000001, 1, 0.2, 936, 0.0025
5, 0.7000000000000001, 1, 0.2, 937, 0.0025
5, 0.7000000000000001, 1, 0.2, 938, 0.0025
5, 0.7000000000000001, 1, 0.2, 1053, 0.0025
5, 0.7000000000000001, 1, 0.2, 1119, 0.0025
5, 0.7000000000000001, 1, 0.2, 1188, 0.0025
5, 0.7000000000000001, 1, 0.2, 1258, 0.0025
5, 0.7000000000000001, 1, 0.2, 1330, 0.0025
5, 0.7000000000000001, 1, 0.2, 1331, 0.0025
5, 0.7000000000000001, 1, 0.2, 1332, 0.0025
5, 0.7000000000000001, 1, 0.2, 1333, 0.0025
5, 0.7000000000000001, 1, 0.2, 1334, 0.0025
5, 0.7000000000000001, 1, 0.2, 1406, 0.0025
5, 0.7000000000000001, 1, 0.2, 1407, 0.0025
5, 0.7000000000000001, 1, 0.2, 1408, 0.0025
5, 0.7000000000000001, 1, 0.2, 1409, 0.0025
5, 0.7000000000000001, 1, 0.2, 1410, 0.0025
5, 0.7000000000000001, 1, 0.2, 1482, 0.0025
5, 0.7000000000000001, 1, 0.2, 1483, 0.0025
5, 0.7000000000000001, 1, 0.2, 1484, 0.0025
5, 0.7000000000000001, 1, 0.2, 1485, 0.0025
5, 0.7000000000000001, 1, 0.2, 1486, 0.0025
5, 0.7000000000000001, 1, 0.2, 1560, 0.0025
5, 0.7000000000000001, 1, 0.2, 1561, 0.0025
5, 0.7000000000000001, 1, 0.2, 1562, 0.0025
5, 0.7000000000000001, 1, 0.2, 1563, 0.0025
5, 0.7000000000000001, 1, 0.2, 1641, 0.0025
5, 0.7000000000000001, 1, 0.2, 1642, 0.0025
5, 0.7000000000000001, 1, 0.2, 1724, 0.0025
5, 0.7000000000000001, 19, 0.2, 6472, 0.0025
5, 0.7000000000000001, 19, 0.2, 6473, 0.0025
5, 0.7000000000000001, 19, 0.2, 6474, 0.0025
5, 0.7000000000000001, 19, 0.2, 6475, 0.0025
5, 0.7000000000000001, 19, 0.2, 6603, 0.0025
5, 0.7000000000000001, 19, 0.2, 6604, 0.0025
5, 0.7000000000000001, 19, 0.2, 6605, 0.0025
5, 0.7000000000000001, 19, 0.2, 6606, 0.0025
5, 0.7000000000000001, 19, 0.2, 6607, 0.0025
5, 0.7000000000000001, 19, 0.2, 6608, 0.0025
5, 0.7000000000000001, 19, 0.2, 6609, 0.0025
5, 0.7000000000000001, 19, 0.2, 6736, 0.0025
5, 0.7000000000000001, 19, 0.2, 6737, 0.0025
5, 0.7000000000000001, 19, 0.2, 6738, 0.0025
5, 0.7000000000000001, 19, 0.2, 6739, 0.0025
5, 0.7000000000000001, 19, 0.2, 6740, 0.0025
5, 0.7000000000000001, 19, 0.2, 6741, 0.0025
5, 0.7000000000000001, 19, 0.2, 6742, 0.0025
5, 0.7000000000000001, 19, 0.2, 6869, 0.0025
5, 0.7000000000000001, 19, 0.2, 6870, 0.0025
5, 0.7000000000000001, 19, 0.2, 6871, 0.0025
5, 0.7000000000000001, 19, 0.2, 6872, 0.0025
5, 0.7000000000000001, 19, 0.2, 6873, 0.0025
5, 0.7000000000000001, 19, 0.2, 6874, 0.0025
5, 0.7000000000000001, 19, 0.2, 6875, 0.0025
5, 0.7000000000000001, 19, 0.2, 6876, 0.0025
5, 0.7000000000000001, 19, 0.2, 7003, 0.0025
5, 0.7000000000000001, 19, 0.2, 7004, 0.0025
5, 0.7000000000000001, 19, 0.2, 7005, 0.0025
5, 0.7000000000000001, 19, 0.2, 7006, 0.0025
5, 0.7000000000000001, 19, 0.2, 7007, 0.0025
5, 0.7000000000000001, 19, 0.2, 7008, 0.0025
5, 0.7000000000000001, 19, 0.2, 7009, 0.0025
5, 0.7000000000000001, 19, 0.2, 7010, 0.0025
5, 0.7000000000000001, 19, 0.2, 7136, 0.0025
5, 0.7000000000000001, 19, 0.2, 7137, 0.0025
5, 0.7000000000000001, 19, 0.2, 7138, 0.0025
5, 0.7000000000000001, 19, 0.2, 7139, 0.0025
5, 0.7000000000000001, 19, 0.2, 7140, 0.0025
5, 0.7000000000000001, 19, 0.2, 7141, 0.0025
5, 0.7000000000000001, 19, 0.2, 7142, 0.0025
5, 0.7000000000000001, 19, 0.2, 7143, 0.0025
5, 0.7000000000000001, 19, 0.2, 7144, 0.0025
5, 0.7000000000000001, 19, 0.2, 7271, 0.0025
5, 0.7000000000000001, 19, 0.2, 7272, 0.0025
5, 0.7000000000000001, 19, 0.2, 7273, 0.0025
5, 0.7000000000000001, 19, 0.2, 7274, 0.0025
5, 0.7000000000000001, 19, 0.2, 7275, 0.0025
5, 0.7000000000000001, 19, 0.2, 7276, 0.0025
5, 0.7000000000000001, 19, 0.2, 7277, 0.0025
5, 0.7000000000000001, 19, 0.2, 7278, 0.0025
5, 0.7000000000000001, 19, 0.2, 7279, 0.0025
5, 0.7000000000000001, 19, 0.2, 7280, 0.0025
5, 0.7000000000000001, 19, 0.2, 7281, 0.0025
5, 0.7000000000000001, 19, 0.2, 7407, 0.0025
5, 0.7000000000000001, 19, 0.2, 7408, 0.0025
5, 0.7000000000000001, 19, 0.2, 7409, 0.0025
5, 0.7000000000000001, 19, 0.2, 7410, 0.0025
5, 0.7000000000000001, 19, 0.2, 7411, 0.0025
5, 0.7000000000000001, 19, 0.2, 7412, 0.0025
5, 0.7000000000000001, 19, 0.2, 7413, 0.0025
5, 0.7000000000000001, 19, 0.2, 7414, 0.0025
5, 0.7000000000000001, 19, 0.2, 7415, 0.0025
5, 0.7000000000000001, 19, 0.2, 7416, 0.0025
5, 0.7000000000000001, 22, 0.2, 7500, 0.0025
5, 0.7000000000000001, 19, 0.2, 7545, 0.0025
5, 0.7000000000000001, 19, 0.2, 7546, 0.0025
5, 0.7000000000000001, 19, 0.2, 7547, 0.0025
5, 0.7000000000000001, 19, 0.2, 7548, 0.0025
5, 0.7000000000000001, 19, 0.2, 7549, 0.0025
5, 0.7000000000000001, 19, 0.2, 7550, 0.0025
5, 0.7000000000000001, 19, 0.2, 7551, 0.0025
5, 0.7000000000000001, 19, 0.2, 7552, 0.0025
5, 0.7000000000000001, 19, 0.2, 7553, 0.0025
5, 0.7000000000000001, 22, 0.2, 7630, 0.0025
5, 0.7000000000000001, 22, 0.2, 7631, 0.0025
5, 0.7000000000000001, 22, 0.2, 7632, 0.0025
5, 0.7000000000000001, 22, 0.2, 7633, 0.0025
5, 0.7000000000000001, 22, 0.2, 7634, 0.0025
5, 0.7000000000000001, 22, 0.2, 7635, 0.0025
5, 0.7000000000000001, 22, 0.2, 7636, 0.0025
5, 0.7000000000000001, 22, 0.2, 7637, 0.0025
5, 0.7000000000000001, 22, 0.2, 7638, 0.0025
5, 0.7000000000000001, 19, 0.2, 7684, 0.0025
5, 0.7000000000000001, 19, 0.2, 7685, 0.0025
5, 0.7000000000000001, 19, 0.2, 7686, 0.0025
5, 0.7000000000000001, 19, 0.2, 7687, 0.0025
5, 0.7000000000000001, 19, 0.2, 7688, 0.0025
5, 0.7000000000000001, 19, 0.2, 7689, 0.0025
5, 0.7000000000000001, 19, 0.2, 7690, 0.0025
5, 0.7000000000000001, 22, 0.2, 7769, 0.0025
5, 0.7000000000000001, 22, 0.2, 7770, 0.0025
5, 0.7000000000000001, 22, 0.2, 7771, 0.0025
5, 0.7000000000000001, 22, 0.2, 7772, 0.0025
5, 0.7000000000000001, 22, 0.2, 7773, 0.0025
5, 0.7000000000000001, 22, 0.2, 7774, 0.0025
5, 0.7000000000000001, 22, 0.2, 7775, 0.0025
5, 0.7000000000000001, 22, 0.2, 7776, 0.0025
5, 0.7000000000000001, 22, 0.2, 7777, 0.0025
5, 0.7000000000000001, 19, 0.2, 7824, 0.0025
5, 0.7000000000000001, 22, 0.2, 7908, 0.0025
5, 0.7000000000000001, 22, 0.2, 7909, 0.0025
5, 0.7000000000000001, 22, 0.2, 7910, 0.0025
5, 0.7000000000000001, 22, 0.2, 7911, 0.0025
5, 0.7000000000000001, 22, 0.2, 7912, 0.0025
5, 0.7000000000000001, 22, 0.2, 7913, 0.0025
5, 0.7000000000000001, 22, 0.2, 7914, 0.0025
5, 0.7000000000000001, 22, 0.2, 7915, 0.0025
5, 0.7000000000000001, 22, 0.2, 7916, 0.0025
5, 0.7000000000000001, 22, 0.2, 8047, 0.0025
5, 0.7000000000000001, 22, 0.2, 8049, 0.0025
5, 0.7000000000000001, 22, 0.2, 8050, 0.0025
5, 0.7000000000000001, 22, 0.2, 8051, 0.0025
5, 0.7000000000000001, 22, 0.2, 8052, 0.0025
5, 0.7000000000000001, 22, 0.2, 8053, 0.0025
5, 0.7000000000000001, 22, 0.2, 8054, 0.0025
5, 0.7000000000000001, 22, 0.2, 8055, 0.0025
5, 0.7000000000000001, 22, 0.2, 8056, 0.0025
5, 0.7000000000000001, 22, 0.2, 8188, 0.0025
5, 0.7000000000000001, 22, 0.2, 8189, 0.0025
5, 0.7000000000000001, 22, 0.2, 8190, 0.0025
5, 0.7000000000000001, 22, 0.2, 8191, 0.0025
5, 0.7000000000000001, 22, 0.2, 8192, 0.0025
5, 0.7000000000000001, 22, 0.2, 8193, 0.0025
5, 0.7000000000000001, 22, 0.2, 8194, 0.0025
5, 0.7000000000000001, 22, 0.2, 8195, 0.0025
5, 0.7000000000000001, 22, 0.2, 8196, 0.0025
5, 0.7000000000000001, 22, 0.2, 8197, 0.0025
5, 0.7000000000000001, 22, 0.2, 8329, 0.0025
5, 0.7000000000000001, 22, 0.2, 8330, 0.0025
5, 0.7000000000000001, 22, 0.2, 8331, 0.0025
5, 0.7000000000000001, 22, 0.2, 8332, 0.0025
5, 0.7000000000000001, 22, 0.2, 8333, 0.0025
5, 0.7000000000000001, 22, 0.2, 8334, 0.0025
5, 0.7000000000000001, 22, 0.2, 8336, 0.0025
5, 0.7000000000000001, 22, 0.2, 8337, 0.0025
5, 0.7000000000000001, 22, 0.2, 8338, 0.0025
5, 0.7000000000000001, 22, 0.2, 8471, 0.0025
5, 0.7000000000000001, 22, 0.2, 8472, 0.0025
5, 0.7000000000000001, 22, 0.2, 8473, 0.0025
5, 0.7000000000000001, 22, 0.2, 8474, 0.0025
5, 0.7000000000000001, 22, 0.2, 8480, 0.0025
5, 0.7000000000000001, 22, 0.2, 8613, 0.0025
5, 0.7000000000000001, 22, 0.2, 8614, 0.0025
5, 0.7000000000000001, 22, 0.2, 8615, 0.0025
5, 0.7000000000000001, 22, 0.2, 8616, 0.0025
5, 0.7000000000000001, 22, 0.2, 8617, 0.0025
5, 0.7000000000000001, 22, 0.2, 8618, 0.0025
5, 0.7000000000000001, 22, 0.2, 8619, 0.0025
5, 0.7000000000000001, 22, 0.2, 8620, 0.0025
5, 0.7000000000000001, 22, 0.2, 8621, 0.0025
5, 0.7000000000000001, 22, 0.2, 8623, 0.0025
5, 0.7000000000000001, 22, 0.2, 8758, 0.0025
5, 0.7000000000000001, 22, 0.2, 8759, 0.0025
5, 0.7000000000000001, 22, 0.2, 8760, 0.0025
5, 0.7000000000000001, 22, 0.2, 8761, 0.0025
5, 0.7000000000000001, 22, 0.2, 8762, 0.0025
5, 0.7000000000000001, 22, 0.2, 8763, 0.0025
5, 0.7000000000000001, 22, 0.2, 8765, 0.0025
5, 0.7000000000000001, 22, 0.2, 8766, 0.0025
5, 0.7000000000000001, 22, 0.2, 8767, 0.0025
5, 0.7000000000000001, 22, 0.2, 8768, 0.0025
5, 0.7000000000000001, 31, 0.2, 11242, 0.0025
5, 0.7000000000000001, 31, 0.2, 11353, 0.0025
5, 0.7000000000000001, 31, 0.2, 11469, 0.0025
5, 0.7000000000000001, 31, 0.2, 11580, 0.0025
5, 0.7000000000000001, 31, 0.2, 11581, 0.0025
5, 0.7000000000000001, 31, 0.2, 11582, 0.0025
5, 0.7000000000000001, 31, 0.2, 11694, 0.0025
5, 0.7000000000000001, 31, 0.2, 11695, 0.0025
5, 0.7000000000000001, 31, 0.2, 11696, 0.0025
5, 0.7000000000000001, 31, 0.2, 11807, 0.0025
5, 0.7000000000000001, 31, 0.2, 11808, 0.0025
5, 0.7000000000000001, 31, 0.2, 11809, 0.0025
5, 0.7000000000000001, 31, 0.2, 11810, 0.0025
5, 0.7000000000000001, 31, 0.2, 11919, 0.0025
5, 0.7000000000000001, 31, 0.2, 11920, 0.0025
5, 0.7000000000000001, 31, 0.2, 11921, 0.0025
5, 0.7000000000000001, 31, 0.2, 12030, 0.0025
5, 0.7000000000000001, 31, 0.2, 12032, 0.0025
5, 0.7000000000000001, 31, 0.2, 12033, 0.0025
5, 0.7000000000000001, 31, 0.2, 12034, 0.0025
5, 0.7000000000000001, 31, 0.2, 12035, 0.0025
5, 0.7000000000000001, 31, 0.2, 12142, 0.0025
5, 0.7000000000000001, 31, 0.2, 12143, 0.0025
5, 0.7000000000000001, 31, 0.2, 12146, 0.0025
5, 0.7000000000000001, 31, 0.2, 12147, 0.0025
5, 0.7000000000000001, 31, 0.2, 12148, 0.0025
5, 0.7000000000000001, 31, 0.2, 12249, 0.0025
5, 0.7000000000000001, 31, 0.2, 12250, 0.0025
5, 0.7000000000000001, 31, 0.2, 12251, 0.0025
5, 0.7000000000000001, 31, 0.2, 12253, 0.0025
5, 0.7000000000000001, 31, 0.2, 12254, 0.0025
5, 0.7000000000000001, 31, 0.2, 12255, 0.0025
5, 0.7000000000000001, 31, 0.2, 12256, 0.0025
5, 0.7000000000000001, 31, 0.2, 12357, 0.0025
5, 0.7000000000000001, 31, 0.2, 12358, 0.0025
5, 0.7000000000000001, 31, 0.2, 12359, 0.0025
5, 0.7000000000000001, 31, 0.2, 12361, 0.0025
5, 0.7000000000000001, 31, 0.2, 12362, 0.0025
5, 0.7000000000000001, 31, 0.2, 12363, 0.0025
5, 0.7000000000000001, 31, 0.2, 12364, 0.0025
5, 0.7000000000000001, 31, 0.2, 12465, 0.0025
5, 0.7000000000000001, 31, 0.2, 12466, 0.0025
5, 0.7000000000000001, 31, 0.2, 12467, 0.0025
5, 0.7000000000000001, 31, 0.2, 12468, 0.0025
5, 0.7000000000000001, 31, 0.2, 12470, 0.0025
5, 0.7000000000000001, 31, 0.2, 12471, 0.0025
5, 0.7000000000000001, 31, 0.2, 12472, 0.0025
5, 0.7000000000000001, 31, 0.2, 12473, 0.0025
5, 0.7000000000000001, 31, 0.2, 12576, 0.0025
5, 0.7000000000000001, 31, 0.2, 12577, 0.0025
5, 0.7000000000000001, 31, 0.2, 12578, 0.0025
5, 0.7000000000000001, 31, 0.2, 12579, 0.0025
5, 0.7000000000000001, 31, 0.2, 12580, 0.0025
5, 0.7000000000000001, 31, 0.2, 12582, 0.0025
5, 0.7000000000000001, 31, 0.2, 12583, 0.0025
5, 0.7000000000000001, 31, 0.2, 12584, 0.0025
5, 0.7000000000000001, 31, 0.2, 12682, 0.0025
5, 0.7000000000000001, 31, 0.2, 12683, 0.0025
5, 0.7000000000000001, 31, 0.2, 12684, 0.0025
5, 0.7000000000000001, 31, 0.2, 12685, 0.0025
5, 0.7000000000000001, 31, 0.2, 12686, 0.0025
5, 0.7000000000000001, 31, 0.2, 12688, 0.0025
5, 0.7000000000000001, 31, 0.2, 12689, 0.0025
5, 0.7000000000000001, 31, 0.2, 12690, 0.0025
5, 0.7000000000000001, 31, 0.2, 12786, 0.0025
5, 0.7000000000000001, 31, 0.2, 12787, 0.0025
5, 0.7000000000000001, 31, 0.2, 12788, 0.0025
5, 0.7000000000000001, 31, 0.2, 12789, 0.0025
5, 0.7000000000000001, 31, 0.2, 12792, 0.0025
5, 0.7000000000000001, 31, 0.2, 12793, 0.0025
5, 0.7000000000000001, 31, 0.2, 12893, 0.0025
5, 0.7000000000000001, 31, 0.2, 12894, 0.0025
5, 0.7000000000000001, 31, 0.2, 12895, 0.0025
5, 0.7000000000000001, 31, 0.2, 12897, 0.0025
5, 0.7000000000000001, 31, 0.2, 12898, 0.0025
5, 0.7000000000000001, 31, 0.2, 12998, 0.0025
5, 0.7000000000000001, 31, 0.2, 12999, 0.0025
5, 0.7000000000000001, 31, 0.2, 13002, 0.0025
5, 0.7000000000000001, 31, 0.2, 13110, 0.0025
5, 0.7000000000000001, 31, 0.2, 13112, 0.0025
5, 0.7000000000000001, 31, 0.2, 13221, 0.0025
5, 0.7000000000000001, 41, 0.2, 16651, 0.0025
5, 0.7000000000000001, 41, 0.2, 16653, 0.0025
5, 0.7000000000000001, 41, 0.2, 16754, 0.0025
5, 0.7000000000000001, 41, 0.2, 16755, 0.0025
5, 0.7000000000000001, 41, 0.2, 16870, 0.0025
5, 0.7000000000000001, 41, 0.2, 16876, 0.0025
5, 0.7000000000000001, 41, 0.2, 16877, 0.0025
5, 0.7000000000000001, 41, 0.2, 16986, 0.0025
5, 0.7000000000000001, 41, 0.2, 16987, 0.0025
5, 0.7000000000000001, 41, 0.2, 17087, 0.0025
5, 0.7000000000000001, 41, 0.2, 17091, 0.0025
5, 0.7000000000000001, 41, 0.2, 17092, 0.0025
5, 0.7000000000000001, 41, 0.2, 17093, 0.0025
5, 0.7000000000000001, 41, 0.2, 17094, 0.0025
5, 0.7000000000000001, 41, 0.2, 17095, 0.0025
5, 0.7000000000000001, 41, 0.2, 17190, 0.0025
5, 0.7000000000000001, 41, 0.2, 17197, 0.0025
5, 0.7000000000000001, 41, 0.2, 17198, 0.0025
5, 0.7000000000000001, 41, 0.2, 17200, 0.0025
5, 0.7000000000000001, 41, 0.2, 17293, 0.0025
5, 0.7000000000000001, 41, 0.2, 17295, 0.0025
5, 0.7000000000000001, 41, 0.2, 17299, 0.0025
5, 0.7000000000000001, 41, 0.2, 17301, 0.0025
5, 0.7000000000000001, 41, 0.2, 17303, 0.0025
5, 0.7000000000000001, 41, 0.2, 17395, 0.0025
5, 0.7000000000000001, 41, 0.2, 17401, 0.0025
5, 0.7000000000000001, 41, 0.2, 17402, 0.0025
5, 0.7000000000000001, 41, 0.2, 17404, 0.0025
5, 0.7000000000000001, 41, 0.2, 17405, 0.0025
5, 0.7000000000000001, 41, 0.2, 17503, 0.0025
5, 0.7000000000000001, 41, 0.2, 17504, 0.0025
5, 0.7000000000000001, 41, 0.2, 17505, 0.0025
5, 0.7000000000000001, 41, 0.2, 17506, 0.0025
5, 0.7000000000000001, 41, 0.2, 17508, 0.0025
5, 0.7000000000000001, 41, 0.2, 17509, 0.0025
5, 0.7000000000000001, 41, 0.2, 17602, 0.0025
5, 0.7000000000000001, 41, 0.2, 17603, 0.0025
5, 0.7000000000000001, 41, 0.2, 17604, 0.0025
5, 0.7000000000000001, 41, 0.2, 17605, 0.0025
5, 0.7000000000000001, 41, 0.2, 17606, 0.0025
5, 0.7000000000000001, 41, 0.2, 17607, 0.0025
5, 0.7000000000000001, 41, 0.2, 17608, 0.0025
5, 0.7000000000000001, 41, 0.2, 17609, 0.0025
5, 0.7000000000000001, 41, 0.2, 17696, 0.0025
5, 0.7000000000000001, 41, 0.2, 17697, 0.0025
5, 0.7000000000000001, 41, 0.2, 17698, 0.0025
5, 0.7000000000000001, 41, 0.2, 17699, 0.0025
5, 0.7000000000000001, 41, 0.2, 17700, 0.0025
5, 0.7000000000000001, 41, 0.2, 17702, 0.0025
5, 0.7000000000000001, 41, 0.2, 17703, 0.0025
5, 0.7000000000000001, 41, 0.2, 17704, 0.0025
5, 0.7000000000000001, 41, 0.2, 17790, 0.0025
5, 0.7000000000000001, 41, 0.2, 17791, 0.0025
5, 0.7000000000000001, 41, 0.2, 17792, 0.0025
5, 0.7000000000000001, 41, 0.2, 17793, 0.0025
5, 0.7000000000000001, 41, 0.2, 17794, 0.0025
5, 0.7000000000000001, 41, 0.2, 17795, 0.0025
5, 0.7000000000000001, 41, 0.2, 17797, 0.0025
5, 0.7000000000000001, 41, 0.2, 17885, 0.0025
5, 0.7000000000000001, 41, 0.2, 17888, 0.0025
5, 0.7000000000000001, 41, 0.2, 17889, 0.0025
5, 0.7000000000000001, 41, 0.2, 17890, 0.0025
5, 0.7000000000000001, 41, 0.2, 17892, 0.0025
5, 0.7000000000000001, 41, 0.2, 17976, 0.0025
5, 0.7000000000000001, 41, 0.2, 17977, 0.0025
5, 0.7000000000000001, 41, 0.2, 17978, 0.0025
5, 0.7000000000000001, 41, 0.2, 17979, 0.0025
5, 0.7000000000000001, 41, 0.2, 17980, 0.0025
5, 0.7000000000000001, 41, 0.2, 17982, 0.0025
5, 0.7000000000000001, 41, 0.2, 18060, 0.0025
5, 0.7000000000000001, 41, 0.2, 18062, 0.0025
5, 0.7000000000000001, 41, 0.2, 18064, 0.0025
5, 0.7000000000000001, 41, 0.2, 18066, 0.0025
5, 0.7000000000000001, 41, 0.2, 18149, 0.0025
5, 0.7000000000000001, 41, 0.2, 18150, 0.0025
5, 0.7000000000000001, 41, 0.2, 18157, 0.0025
5, 0.7000000000000001, 41, 0.2, 18230, 0.0025
5, 0.7000000000000001, 41, 0.2, 18232, 0.0025
5, 0.7000000000000001, 41, 0.2, 18233, 0.0025
5, 0.7000000000000001, 41, 0.2, 18234, 0.0025
5, 0.7000000000000001, 41, 0.2, 18235, 0.0025
5, 0.75, 1, 0.2, 460, 0.0025
5, 0.75, 1, 0.2, 462, 0.0025
5, 0.75, 1, 0.2, 501, 0.0025
5, 0.75, 1, 0.2, 503, 0.0025
5, 0.75, 1, 0.2, 507, 0.0025
5, 0.75, 1, 0.2, 548, 0.0025
5, 0.75, 1, 0.2, 549, 0.0025
5, 0.75, 1, 0.2, 550, 0.0025
5, 0.75, 1, 0.2, 551, 0.0025
5, 0.75, 1, 0.2, 552, 0.0025
5, 0.75, 1, 0.2, 553, 0.0025
5, 0.75, 1, 0.2, 554, 0.0025
5, 0.75, 1, 0.2, 596, 0.0025
5, 0.75, 1, 0.2, 597, 0.0025
5, 0.75, 1, 0.2, 598, 0.0025
5, 0.75, 1, 0.2, 599, 0.0025
5, 0.75, 1, 0.2, 600, 0.0025
5, 0.75, 1, 0.2, 601, 0.0025
5, 0.75, 1, 0.2, 602, 0.0025
5, 0.75, 1, 0.2, 603, 0.0025
5, 0.75, 1, 0.2, 604, 0.0025
5, 0.75, 1, 0.2, 648, 0.0025
5, 0.75, 1, 0.2, 649, 0.0025
5, 0.75, 1, 0.2, 650, 0.0025
5, 0.75, 1, 0.2, 651, 0.0025
5, 0.75, 1, 0.2, 652, 0.0025
5, 0.75, 1, 0.2, 653, 0.0025
5, 0.75, 1, 0.2, 654, 0.0025
5, 0.75, 1, 0.2, 701, 0.0025
5, 0.75, 1, 0.2, 702, 0.0025
5, 0.75, 1, 0.2, 703, 0.0025
5, 0.75, 1, 0.2, 704, 0.0025
5, 0.75, 1, 0.2, 705, 0.0025
5, 0.75, 1, 0.2, 706, 0.0025
5, 0.75, 1, 0.2, 707, 0.0025
5, 0.75, 1, 0.2, 756, 0.0025
5, 0.75, 1, 0.2, 757, 0.0025
5, 0.75, 1, 0.2, 758, 0.0025
5, 0.75, 1, 0.2, 759, 0.0025
5, 0.75, 1, 0.2, 760, 0.0025
5, 0.75, 1, 0.2, 761, 0.0025
5, 0.75, 1, 0.2, 762, 0.0025
5, 0.75, 1, 0.2, 807, 0.0025
5, 0.75, 1, 0.2, 814, 0.0025
5, 0.75, 1, 0.2, 815, 0.0025
5, 0.75, 1, 0.2, 816, 0.0025
5, 0.75, 1, 0.2, 817, 0.0025
5, 0.75, 1, 0.2, 818, 0.0025
5, 0.75, 1, 0.2, 874, 0.0025
5, 0.75, 1, 0.2, 875, 0.0025
5, 0.75, 1, 0.2, 876, 0.0025
5, 0.75, 1, 0.2, 877, 0.0025
5, 0.75, 1, 0.2, 936, 0.0025
5, 0.75, 1, 0.2, 937, 0.0025
5, 0.75, 1, 0.2, 938, 0.0025
5, 0.75, 1, 0.2, 1053, 0.0025
5, 0.75, 1, 0.2, 1119, 0.0025
5, 0.75, 1, 0.2, 1188, 0.0025
5, 0.75, 1, 0.2, 1258, 0.0025
5, 0.75, 1, 0.2, 1330, 0.0025
5, 0.75, 1, 0.2, 1331, 0.0025
5, 0.75, 1, 0.2, 1332, 0.0025
5, 0.75, 1, 0.2, 1333, 0.0025
5, 0.75, 1, 0.2, 1334, 0.0025
5, 0.75, 1, 0.2, 1406, 0.0025
5, 0.75, 1, 0.2, 1407, 0.0025
5, 0.75, 1, 0.2, 1408, 0.0025
5, 0.75, 1, 0.2, 1409, 0.0025
5, 0.75, 1, 0.2, 1410, 0.0025
5, 0.75, 1, 0.2, 1482, 0.0025
5, 0.75, 1, 0.2, 1483, 0.0025
5, 0.75, 1, 0.2, 1484, 0.0025
5, 0.75, 1, 0.2, 1485, 0.0025
5, 0.75, 1, 0.2, 1486, 0.0025
5, 0.75, 1, 0.2, 1560, 0.0025
5, 0.75, 1, 0.2, 1561, 0.0025
5, 0.75, 1, 0.2, 1562, 0.0025
5, 0.75, 1, 0.2, 1563, 0.0025
5, 0.75, 1, 0.2, 1641, 0.0025
5, 0.75, 1, 0.2, 1642, 0.0025
5, 0.75, 1, 0.2, 1724, 0.0025
5, 0.75, 19, 0.2, 6472, 0.0025
5, 0.75, 19, 0.2, 6473, 0.0025
5, 0.75, 19, 0.2, 6474, 0.0025
5, 0.75, 19, 0.2, 6475, 0.0025
5, 0.75, 19, 0.2, 6603, 0.0025
5, 0.75, 19, 0.2, 6604, 0.0025
5, 0.75, 19, 0.2, 6605, 0.0025
5, 0.75, 19, 0.2, 6606, 0.0025
5, 0.75, 19, 0.2, 6607, 0.0025
5, 0.75, 19, 0.2, 6608, 0.0025
5, 0.75, 19, 0.2, 6609, 0.0025
5, 0.75, 19, 0.2, 6736, 0.0025
5, 0.75, 19, 0.2, 6737, 0.0025
5, 0.75, 19, 0.2, 6738, 0.0025
5, 0.75, 19, 0.2, 6739, 0.0025
5, 0.75, 19, 0.2, 6740, 0.0025
5, 0.75, 19, 0.2, 6741, 0.0025
5, 0.75, 19, 0.2, 6742, 0.0025
5, 0.75, 19, 0.2, 6869, 0.0025
5, 0.75, 19, 0.2, 6870, 0.0025
5, 0.75, 19, 0.2, 6871, 0.0025
5, 0.75, 19, 0.2, 6872, 0.0025
5, 0.75, 19, 0.2, 6873, 0.0025
5, 0.75, 19, 0.2, 6874, 0.0025
5, 0.75, 19, 0.2, 6875, 0.0025
5, 0.75, 19, 0.2, 6876, 0.0025
5, 0.75, 19, 0.2, 7003, 0.0025
5, 0.75, 19, 0.2, 7004, 0.0025
5, 0.75, 19, 0.2, 7005, 0.0025
5, 0.75, 19, 0.2, 7006, 0.0025
5, 0.75, 19, 0.2, 7007, 0.0025
5, 0.75, 19, 0.2, 7008, 0.0025
5, 0.75, 19, 0.2, 7009, 0.0025
5, 0.75, 19, 0.2, 7010, 0.0025
5, 0.75, 19, 0.2, 7136, 0.0025
5, 0.75, 19, 0.2, 7137, 0.0025
5, 0.75, 19, 0.2, 7138, 0.0025
5, 0.75, 19, 0.2, 7139, 0.0025
5, 0.75, 19, 0.2, 7140, 0.0025
5, 0.75, 19, 0.2, 7141, 0.0025
5, 0.75, 19, 0.2, 7142, 0.0025
5, 0.75, 19, 0.2, 7143, 0.0025
5, 0.75, 19, 0.2, 7144, 0.0025
5, 0.75, 19, 0.2, 7271, 0.0025
5, 0.75, 19, 0.2, 7272, 0.0025
5, 0.75, 19, 0.2, 7273, 0.0025
5, 0.75, 19, 0.2, 7274, 0.0025
5, 0.75, 19, 0.2, 7275, 0.0025
5, 0.75, 19, 0.2, 7276, 0.0025
5, 0.75, 19, 0.2, 7277, 0.0025
5, 0.75, 19, 0.2, 7278, 0.0025
5, 0.75, 19, 0.2, 7279, 0.0025
5, 0.75, 19, 0.2, 7280, 0.0025
5, 0.75, 19, 0.2, 7281, 0.0025
5, 0.75, 19, 0.2, 7407, 0.0025
5, 0.75, 19, 0.2, 7408, 0.0025
5, 0.75, 19, 0.2, 7409, 0.0025
5, 0.75, 19, 0.2, 7410, 0.0025
5, 0.75, 19, 0.2, 7411, 0.0025
5, 0.75, 19, 0.2, 7412, 0.0025
5, 0.75, 19, 0.2, 7413, 0.0025
5, 0.75, 19, 0.2, 7414, 0.0025
5, 0.75, 19, 0.2, 7415, 0.0025
5, 0.75, 19, 0.2, 7416, 0.0025
5, 0.75, 22, 0.2, 7500, 0.0025
5, 0.75, 19, 0.2, 7545, 0.0025
5, 0.75, 19, 0.2, 7546, 0.0025
5, 0.75, 19, 0.2, 7547, 0.0025
5, 0.75, 19, 0.2, 7548, 0.0025
5, 0.75, 19, 0.2, 7549, 0.0025
5, 0.75, 19, 0.2, 7550, 0.0025
5, 0.75, 19, 0.2, 7551, 0.0025
5, 0.75, 19, 0.2, 7552, 0.0025
5, 0.75, 19, 0.2, 7553, 0.0025
5, 0.75, 22, 0.2, 7630, 0.0025
5, 0.75, 22, 0.2, 7631, 0.0025
5, 0.75, 22, 0.2, 7632, 0.0025
5, 0.75, 22, 0.2, 7633, 0.0025
5, 0.75, 22, 0.2, 7634, 0.0025
5, 0.75, 22, 0.2, 7635, 0.0025
5, 0.75, 22, 0.2, 7636, 0.0025
5, 0.75, 22, 0.2, 7637, 0.0025
5, 0.75, 22, 0.2, 7638, 0.0025
5, 0.75, 19, 0.2, 7684, 0.0025
5, 0.75, 19, 0.2, 7685, 0.0025
5, 0.75, 19, 0.2, 7686, 0.0025
5, 0.75, 19, 0.2, 7687, 0.0025
5, 0.75, 19, 0.2, 7688, 0.0025
5, 0.75, 19, 0.2, 7689, 0.0025
5, 0.75, 19, 0.2, 7690, 0.0025
5, 0.75, 22, 0.2, 7769, 0.0025
5, 0.75, 22, 0.2, 7770, 0.0025
5, 0.75, 22, 0.2, 7771, 0.0025
5, 0.75, 22, 0.2, 7772, 0.0025
5, 0.75, 22, 0.2, 7773, 0.0025
5, 0.75, 22, 0.2, 7774, 0.0025
5, 0.75, 22, 0.2, 7775, 0.0025
5, 0.75, 22, 0.2, 7776, 0.0025
5, 0.75, 22, 0.2, 7777, 0.0025
5, 0.75, 19, 0.2, 7824, 0.0025
5, 0.75, 22, 0.2, 7908, 0.0025
5, 0.75, 22, 0.2, 7909, 0.0025
5, 0.75, 22, 0.2, 7910, 0.0025
5, 0.75, 22, 0.2, 7911, 0.0025
5, 0.75, 22, 0.2, 7912, 0.0025
5, 0.75, 22, 0.2, 7913, 0.0025
5, 0.75, 22, 0.2, 7914, 0.0025
5, 0.75, 22, 0.2, 7915, 0.0025
5, 0.75, 22, 0.2, 7916, 0.0025
5, 0.75, 22, 0.2, 8047, 0.0025
5, 0.75, 22, 0.2, 8049, 0.0025
5, 0.75, 22, 0.2, 8050, 0.0025
5, 0.75, 22, 0.2, 8051, 0.0025
5, 0.75, 22, 0.2, 8052, 0.0025
5, 0.75, 22, 0.2, 8053, 0.0025
5, 0.75, 22, 0.2, 8054, 0.0025
5, 0.75, 22, 0.2, 8055, 0.0025
5, 0.75, 22, 0.2, 8056, 0.0025
5, 0.75, 22, 0.2, 8188, 0.0025
5, 0.75, 22, 0.2, 8189, 0.0025
5, 0.75, 22, 0.2, 8190, 0.0025
5, 0.75, 22, 0.2, 8191, 0.0025
5, 0.75, 22, 0.2, 8192, 0.0025
5, 0.75, 22, 0.2, 8193, 0.0025
5, 0.75, 22, 0.2, 8194, 0.0025
5, 0.75, 22, 0.2, 8195, 0.0025
5, 0.75, 22, 0.2, 8196, 0.0025
5, 0.75, 22, 0.2, 8197, 0.0025
5, 0.75, 22, 0.2, 8329, 0.0025
5, 0.75, 22, 0.2, 8330, 0.0025
5, 0.75, 22, 0.2, 8331, 0.0025
5, 0.75, 22, 0.2, 8332, 0.0025
5, 0.75, 22, 0.2, 8333, 0.0025
5, 0.75, 22, 0.2, 8334, 0.0025
5, 0.75, 22, 0.2, 8336, 0.0025
5, 0.75, 22, 0.2, 8337, 0.0025
5, 0.75, 22, 0.2, 8338, 0.0025
5, 0.75, 22, 0.2, 8471, 0.0025
5, 0.75, 22, 0.2, 8472, 0.0025
5, 0.75, 22, 0.2, 8473, 0.0025
5, 0.75, 22, 0.2, 8474, 0.0025
5, 0.75, 22, 0.2, 8480, 0.0025
5, 0.75, 22, 0.2, 8613, 0.0025
5, 0.75, 22, 0.2, 8614, 0.0025
5, 0.75, 22, 0.2, 8615, 0.0025
5, 0.75, 22, 0.2, 8616, 0.0025
5, 0.75, 22, 0.2, 8617, 0.0025
5, 0.75, 22, 0.2, 8618, 0.0025
5, 0.75, 22, 0.2, 8619, 0.0025
5, 0.75, 22, 0.2, 8620, 0.0025
5, 0.75, 22, 0.2, 8621, 0.0025
5, 0.75, 22, 0.2, 8623, 0.0025
5, 0.75, 22, 0.2, 8758, 0.0025
5, 0.75, 22, 0.2, 8759, 0.0025
5, 0.75, 22, 0.2, 8760, 0.0025
5, 0.75, 22, 0.2, 8761, 0.0025
5, 0.75, 22, 0.2, 8762, 0.0025
5, 0.75, 22, 0.2, 8763, 0.0025
5, 0.75, 22, 0.2, 8765, 0.0025
5, 0.75, 22, 0.2, 8766, 0.0025
5, 0.75, 22, 0.2, 8767, 0.0025
5, 0.75, 22, 0.2, 8768, 0.0025
5, 0.75, 31, 0.2, 11242, 0.0025
5, 0.75, 31, 0.2, 11353, 0.0025
5, 0.75, 31, 0.2, 11469, 0.0025
5, 0.75, 31, 0.2, 11580, 0.0025
5, 0.75, 31, 0.2, 11581, 0.0025
5, 0.75, 31, 0.2, 11582, 0.0025
5, 0.75, 31, 0.2, 11694, 0.0025
5, 0.75, 31, 0.2, 11695, 0.0025
5, 0.75, 31, 0.2, 11696, 0.0025
5, 0.75, 31, 0.2, 11807, 0.0025
5, 0.75, 31, 0.2, 11808, 0.0025
5, 0.75, 31, 0.2, 11809, 0.0025
5, 0.75, 31, 0.2, 11810, 0.0025
5, 0.75, 31, 0.2, 11919, 0.0025
5, 0.75, 31, 0.2, 11920, 0.0025
5, 0.75, 31, 0.2, 11921, 0.0025
5, 0.75, 31, 0.2, 12030, 0.0025
5, 0.75, 31, 0.2, 12032, 0.0025
5, 0.75, 31, 0.2, 12033, 0.0025
5, 0.75, 31, 0.2, 12034, 0.0025
5, 0.75, 31, 0.2, 12035, 0.0025
5, 0.75, 31, 0.2, 12142, 0.0025
5, 0.75, 31, 0.2, 12143, 0.0025
5, 0.75, 31, 0.2, 12146, 0.0025
5, 0.75, 31, 0.2, 12147, 0.0025
5, 0.75, 31, 0.2, 12148, 0.0025
5, 0.75, 31, 0.2, 12249, 0.0025
5, 0.75, 31, 0.2, 12250, 0.0025
5, 0.75, 31, 0.2, 12251, 0.0025
5, 0.75, 31, 0.2, 12253, 0.0025
5, 0.75, 31, 0.2, 12254, 0.0025
5, 0.75, 31, 0.2, 12255, 0.0025
5, 0.75, 31, 0.2, 12256, 0.0025
5, 0.75, 31, 0.2, 12357, 0.0025
5, 0.75, 31, 0.2, 12358, 0.0025
5, 0.75, 31, 0.2, 12359, 0.0025
5, 0.75, 31, 0.2, 12361, 0.0025
5, 0.75, 31, 0.2, 12362, 0.0025
5, 0.75, 31, 0.2, 12363, 0.0025
5, 0.75, 31, 0.2, 12364, 0.0025
5, 0.75, 31, 0.2, 12465, 0.0025
5, 0.75, 31, 0.2, 12466, 0.0025
5, 0.75, 31, 0.2, 12467, 0.0025
5, 0.75, 31, 0.2, 12468, 0.0025
5, 0.75, 31, 0.2, 12470, 0.0025
5, 0.75, 31, 0.2, 12471, 0.0025
5, 0.75, 31, 0.2, 12472, 0.0025
5, 0.75, 31, 0.2, 12473, 0.0025
5, 0.75, 31, 0.2, 12576, 0.0025
5, 0.75, 31, 0.2, 12577, 0.0025
5, 0.75, 31, 0.2, 12578, 0.0025
5, 0.75, 31, 0.2, 12579, 0.0025
5, 0.75, 31, 0.2, 12580, 0.0025
5, 0.75, 31, 0.2, 12582, 0.0025
5, 0.75, 31, 0.2, 12583, 0.0025
5, 0.75, 31, 0.2, 12584, 0.0025
5, 0.75, 31, 0.2, 12682, 0.0025
5, 0.75, 31, 0.2, 12683, 0.0025
5, 0.75, 31, 0.2, 12684, 0.0025
5, 0.75, 31, 0.2, 12685, 0.0025
5, 0.75, 31, 0.2, 12686, 0.0025
5, 0.75, 31, 0.2, 12688, 0.0025
5, 0.75, 31, 0.2, 12689, 0.0025
5, 0.75, 31, 0.2, 12690, 0.0025
5, 0.75, 31, 0.2, 12786, 0.0025
5, 0.75, 31, 0.2, 12787, 0.0025
5, 0.75, 31, 0.2, 12788, 0.0025
5, 0.75, 31, 0.2, 12789, 0.0025
5, 0.75, 31, 0.2, 12792, 0.0025
5, 0.75, 31, 0.2, 12793, 0.0025
5, 0.75, 31, 0.2, 12893, 0.0025
5, 0.75, 31, 0.2, 12894, 0.0025
5, 0.75, 31, 0.2, 12895, 0.0025
5, 0.75, 31, 0.2, 12897, 0.0025
5, 0.75, 31, 0.2, 12898, 0.0025
5, 0.75, 31, 0.2, 12998, 0.0025
5, 0.75, 31, 0.2, 12999, 0.0025
5, 0.75, 31, 0.2, 13002, 0.0025
5, 0.75, 31, 0.2, 13110, 0.0025
5, 0.75, 31, 0.2, 13112, 0.0025
5, 0.75, 31, 0.2, 13221, 0.0025
5, 0.75, 41, 0.2, 16651, 0.0025
5, 0.75, 41, 0.2, 16653, 0.0025
5, 0.75, 41, 0.2, 16754, 0.0025
5, 0.75, 41, 0.2, 16755, 0.0025
5, 0.75, 41, 0.2, 16870, 0.0025
5, 0.75, 41, 0.2, 16876, 0.0025
5, 0.75, 41, 0.2, 16877, 0.0025
5, 0.75, 41, 0.2, 16986, 0.0025
5, 0.75, 41, 0.2, 16987, 0.0025
5, 0.75, 41, 0.2, 17087, 0.0025
5, 0.75, 41, 0.2, 17091, 0.0025
5, 0.75, 41, 0.2, 17092, 0.0025
5, 0.75, 41, 0.2, 17093, 0.0025
5, 0.75, 41, 0.2, 17094, 0.0025
5, 0.75, 41, 0.2, 17095, 0.0025
5, 0.75, 41, 0.2, 17190, 0.0025
5, 0.75, 41, 0.2, 17197, 0.0025
5, 0.75, 41, 0.2, 17198, 0.0025
5, 0.75, 41, 0.2, 17200, 0.0025
5, 0.75, 41, 0.2, 17293, 0.0025
5, 0.75, 41, 0.2, 17295, 0.0025
5, 0.75, 41, 0.2, 17299, 0.0025
5, 0.75, 41, 0.2, 17301, 0.0025
5, 0.75, 41, 0.2, 17303, 0.0025
5, 0.75, 41, 0.2, 17395, 0.0025
5, 0.75, 41, 0.2, 17401, 0.0025
5, 0.75, 41, 0.2, 17402, 0.0025
5, 0.75, 41, 0.2, 17404, 0.0025
5, 0.75, 41, 0.2, 17405, 0.0025
5, 0.75, 41, 0.2, 17503, 0.0025
5, 0.75, 41, 0.2, 17504, 0.0025
5, 0.75, 41, 0.2, 17505, 0.0025
5, 0.75, 41, 0.2, 17506, 0.0025
5, 0.75, 41, 0.2, 17508, 0.0025
5, 0.75, 41, 0.2, 17509, 0.0025
5, 0.75, 41, 0.2, 17602, 0.0025
5, 0.75, 41, 0.2, 17603, 0.0025
5, 0.75, 41, 0.2, 17604, 0.0025
5, 0.75, 41, 0.2, 17605, 0.0025
5, 0.75, 41, 0.2, 17606, 0.0025
5, 0.75, 41, 0.2, 17607, 0.0025
5, 0.75, 41, 0.2, 17608, 0.0025
5, 0.75, 41, 0.2, 17609, 0.0025
5, 0.75, 41, 0.2, 17696, 0.0025
5, 0.75, 41, 0.2, 17697, 0.0025
5, 0.75, 41, 0.2, 17698, 0.0025
5, 0.75, 41, 0.2, 17699, 0.0025
5, 0.75, 41, 0.2, 17700, 0.0025
5, 0.75, 41, 0.2, 17702, 0.0025
5, 0.75, 41, 0.2, 17703, 0.0025
5, 0.75, 41, 0.2, 17704, 0.0025
5, 0.75, 41, 0.2, 17790, 0.0025
5, 0.75, 41, 0.2, 17791, 0.0025
5, 0.75, 41, 0.2, 17792, 0.0025
5, 0.75, 41, 0.2, 17793, 0.0025
5, 0.75, 41, 0.2, 17794, 0.0025
5, 0.75, 41, 0.2, 17795, 0.0025
5, 0.75, 41, 0.2, 17797, 0.0025
5, 0.75, 41, 0.2, 17885, 0.0025
5, 0.75, 41, 0.2, 17888, 0.0025
5, 0.75, 41, 0.2, 17889, 0.0025
5, 0.75, 41, 0.2, 17890, 0.0025
5, 0.75, 41, 0.2, 17892, 0.0025
5, 0.75, 41, 0.2, 17976, 0.0025
5, 0.75, 41, 0.2, 17977, 0.0025
5, 0.75, 41, 0.2, 17978, 0.0025
5, 0.75, 41, 0.2, 17979, 0.0025
5, 0.75, 41, 0.2, 17980, 0.0025
5, 0.75, 41, 0.2, 17982, 0.0025
5, 0.75, 41, 0.2, 18060, 0.0025
5, 0.75, 41, 0.2, 18062, 0.0025
5, 0.75, 41, 0.2, 18064, 0.0025
5, 0.75, 41, 0.2, 18066, 0.0025
5, 0.75, 41, 0.2, 18149, 0.0025
5, 0.75, 41, 0.2, 18150, 0.0025
5, 0.75, 41, 0.2, 18157, 0.0025
5, 0.75, 41, 0.2, 18230, 0.0025
5, 0.75, 41, 0.2, 18232, 0.0025
5, 0.75, 41, 0.2, 18233, 0.0025
5, 0.75, 41, 0.2, 18234, 0.0025
5, 0.75, 41, 0.2, 18235, 0.0025
5, 0.8, 1, 0.2, 460, 0.0025
5, 0.8, 1, 0.2, 462, 0.0025
5, 0.8, 1, 0.2, 501, 0.0025
5, 0.8, 1, 0.2, 503, 0.0025
5, 0.8, 1, 0.2, 507, 0.0025
5, 0.8, 1, 0.2, 548, 0.0025
5, 0.8, 1, 0.2, 549, 0.0025
5, 0.8, 1, 0.2, 550, 0.0025
5, 0.8, 1, 0.2, 551, 0.0025
5, 0.8, 1, 0.2, 552, 0.0025
5, 0.8, 1, 0.2, 553, 0.0025
5, 0.8, 1, 0.2, 554, 0.0025
5, 0.8, 1, 0.2, 596, 0.0025
5, 0.8, 1, 0.2, 597, 0.0025
5, 0.8, 1, 0.2, 598, 0.0025
5, 0.8, 1, 0.2, 599, 0.0025
5, 0.8, 1, 0.2, 600, 0.0025
5, 0.8, 1, 0.2, 601, 0.0025
5, 0.8, 1, 0.2, 602, 0.0025
5, 0.8, 1, 0.2, 603, 0.0025
5, 0.8, 1, 0.2, 604, 0.0025
5, 0.8, 1, 0.2, 648, 0.0025
5, 0.8, 1, 0.2, 649, 0.0025
5, 0.8, 1, 0.2, 650, 0.0025
5, 0.8, 1, 0.2, 651, 0.0025
5, 0.8, 1, 0.2, 652, 0.0025
5, 0.8, 1, 0.2, 653, 0.0025
5, 0.8, 1, 0.2, 654, 0.0025
5, 0.8, 1, 0.2, 701, 0.0025
5, 0.8, 1, 0.2, 702, 0.0025
5, 0.8, 1, 0.2, 703, 0.0025
5, 0.8, 1, 0.2, 704, 0.0025
5, 0.8, 1, 0.2, 705, 0.0025
5, 0.8, 1, 0.2, 706, 0.0025
5, 0.8, 1, 0.2, 707, 0.0025
5, 0.8, 1, 0.2, 756, 0.0025
5, 0.8, 1, 0.2, 757, 0.0025
5, 0.8, 1, 0.2, 758, 0.0025
5, 0.8, 1, 0.2, 759, 0.0025
5, 0.8, 1, 0.2, 760, 0.0025
5, 0.8, 1, 0.2, 761, 0.0025
5, 0.8, 1, 0.2, 762, 0.0025
5, 0.8, 1, 0.2, 807, 0.0025
5, 0.8, 1, 0.2, 814, 0.0025
5, 0.8, 1, 0.2, 815, 0.0025
5, 0.8, 1, 0.2, 816, 0.0025
5, 0.8, 1, 0.2, 817, 0.0025
5, 0.8, 1, 0.2, 818, 0.0025
5, 0.8, 1, 0.2, 874, 0.0025
5, 0.8, 1, 0.2, 875, 0.0025
5, 0.8, 1, 0.2, 876, 0.0025
5, 0.8, 1, 0.2, 877, 0.0025
5, 0.8, 1, 0.2, 936, 0.0025
5, 0.8, 1, 0.2, 937, 0.0025
5, 0.8, 1, 0.2, 938, 0.0025
5, 0.8, 1, 0.2, 1053, 0.0025
5, 0.8, 1, 0.2, 1119, 0.0025
5, 0.8, 1, 0.2, 1188, 0.0025
5, 0.8, 1, 0.2, 1258, 0.0025
5, 0.8, 1, 0.2, 1330, 0.0025
5, 0.8, 1, 0.2, 1331, 0.0025
5, 0.8, 1, 0.2, 1332, 0.0025
5, 0.8, 1, 0.2, 1333, 0.0025
5, 0.8, 1, 0.2, 1334, 0.0025
5, 0.8, 1, 0.2, 1406, 0.0025
5, 0.8, 1, 0.2, 1407, 0.0025
5, 0.8, 1, 0.2, 1408, 0.0025
5, 0.8, 1, 0.2, 1409, 0.0025
5, 0.8, 1, 0.2, 1410, 0.0025
5, 0.8, 1, 0.2, 1482, 0.0025
5, 0.8, 1, 0.2, 1483, 0.0025
5, 0.8, 1, 0.2, 1484, 0.0025
5, 0.8, 1, 0.2, 1485, 0.0025
5, 0.8, 1, 0.2, 1486, 0.0025
5, 0.8, 1, 0.2, 1560, 0.0025
5, 0.8, 1, 0.2, 1561, 0.0025
5, 0.8, 1, 0.2, 1562, 0.0025
5, 0.8, 1, 0.2, 1563, 0.0025
5, 0.8, 1, 0.2, 1641, 0.0025
5, 0.8, 1, 0.2, 1642, 0.0025
5, 0.8, 1, 0.2, 1724, 0.0025
5, 0.8, 19, 0.2, 6472, 0.0025
5, 0.8, 19, 0.2, 6473, 0.0025
5, 0.8, 19, 0.2, 6474, 0.0025
5, 0.8, 19, 0.2, 6475, 0.0025
5, 0.8, 19, 0.2, 6603, 0.0025
5, 0.8, 19, 0.2, 6604, 0.0025
5, 0.8, 19, 0.2, 6605, 0.0025
5, 0.8, 19, 0.2, 6606, 0.0025
5, 0.8, 19, 0.2, 6607, 0.0025
5, 0.8, 19, 0.2, 6608, 0.0025
5, 0.8, 19, 0.2, 6609, 0.0025
5, 0.8, 19, 0.2, 6736, 0.0025
5, 0.8, 19, 0.2, 6737, 0.0025
5, 0.8, 19, 0.2, 6738, 0.0025
5, 0.8, 19, 0.2, 6739, 0.0025
5, 0.8, 19, 0.2, 6740, 0.0025
5, 0.8, 19, 0.2, 6741, 0.0025
5, 0.8, 19, 0.2, 6742, 0.0025
5, 0.8, 19, 0.2, 6869, 0.0025
5, 0.8, 19, 0.2, 6870, 0.0025
5, 0.8, 19, 0.2, 6871, 0.0025
5, 0.8, 19, 0.2, 6872, 0.0025
5, 0.8, 19, 0.2, 6873, 0.0025
5, 0.8, 19, 0.2, 6874, 0.0025
5, 0.8, 19, 0.2, 6875, 0.0025
5, 0.8, 19, 0.2, 6876, 0.0025
5, 0.8, 19, 0.2, 7003, 0.0025
5, 0.8, 19, 0.2, 7004, 0.0025
5, 0.8, 19, 0.2, 7005, 0.0025
5, 0.8, 19, 0.2, 7006, 0.0025
5, 0.8, 19, 0.2, 7007, 0.0025
5, 0.8, 19, 0.2, 7008, 0.0025
5, 0.8, 19, 0.2, 7009, 0.0025
5, 0.8, 19, 0.2, 7010, 0.0025
5, 0.8, 19, 0.2, 7136, 0.0025
5, 0.8, 19, 0.2, 7137, 0.0025
5, 0.8, 19, 0.2, 7138, 0.0025
5, 0.8, 19, 0.2, 7139, 0.0025
5, 0.8, 19, 0.2, 7140, 0.0025
5, 0.8, 19, 0.2, 7141, 0.0025
5, 0.8, 19, 0.2, 7142, 0.0025
5, 0.8, 19, 0.2, 7143, 0.0025
5, 0.8, 19, 0.2, 7144, 0.0025
5, 0.8, 19, 0.2, 7271, 0.0025
5, 0.8, 19, 0.2, 7272, 0.0025
5, 0.8, 19, 0.2, 7273, 0.0025
5, 0.8, 19, 0.2, 7274, 0.0025
5, 0.8, 19, 0.2, 7275, 0.0025
5, 0.8, 19, 0.2, 7276, 0.0025
5, 0.8, 19, 0.2, 7277, 0.0025
5, 0.8, 19, 0.2, 7278, 0.0025
5, 0.8, 19, 0.2, 7279, 0.0025
5, 0.8, 19, 0.2, 7280, 0.0025
5, 0.8, 19, 0.2, 7281, 0.0025
5, 0.8, 19, 0.2, 7407, 0.0025
5, 0.8, 19, 0.2, 7408, 0.0025
5, 0.8, 19, 0.2, 7409, 0.0025
5, 0.8, 19, 0.2, 7410, 0.0025
5, 0.8, 19, 0.2, 7411, 0.0025
5, 0.8, 19, 0.2, 7412, 0.0025
5, 0.8, 19, 0.2, 7413, 0.0025
5, 0.8, 19, 0.2, 7414, 0.0025
5, 0.8, 19, 0.2, 7415, 0.0025
5, 0.8, 19, 0.2, 7416, 0.0025
5, 0.8, 22, 0.2, 7500, 0.0025
5, 0.8, 19, 0.2, 7545, 0.0025
5, 0.8, 19, 0.2, 7546, 0.0025
5, 0.8, 19, 0.2, 7547, 0.0025
5, 0.8, 19, 0.2, 7548, 0.0025
5, 0.8, 19, 0.2, 7549, 0.0025
5, 0.8, 19, 0.2, 7550, 0.0025
5, 0.8, 19, 0.2, 7551, 0.0025
5, 0.8, 19, 0.2, 7552, 0.0025
5, 0.8, 19, 0.2, 7553, 0.0025
5, 0.8, 22, 0.2, 7630, 0.0025
5, 0.8, 22, 0.2, 7631, 0.0025
5, 0.8, 22, 0.2, 7632, 0.0025
5, 0.8, 22, 0.2, 7633, 0.0025
5, 0.8, 22, 0.2, 7634, 0.0025
5, 0.8, 22, 0.2, 7635, 0.0025
5, 0.8, 22, 0.2, 7636, 0.0025
5, 0.8, 22, 0.2, 7637, 0.0025
5, 0.8, 22, 0.2, 7638, 0.0025
5, 0.8, 19, 0.2, 7684, 0.0025
5, 0.8, 19, 0.2, 7685, 0.0025
5, 0.8, 19, 0.2, 7686, 0.0025
5, 0.8, 19, 0.2, 7687, 0.0025
5, 0.8, 19, 0.2, 7688, 0.0025
5, 0.8, 19, 0.2, 7689, 0.0025
5, 0.8, 19, 0.2, 7690, 0.0025
5, 0.8, 22, 0.2, 7769, 0.0025
5, 0.8, 22, 0.2, 7770, 0.0025
5, 0.8, 22, 0.2, 7771, 0.0025
5, 0.8, 22, 0.2, 7772, 0.0025
5, 0.8, 22, 0.2, 7773, 0.0025
5, 0.8, 22, 0.2, 7774, 0.0025
5, 0.8, 22, 0.2, 7775, 0.0025
5, 0.8, 22, 0.2, 7776, 0.0025
5, 0.8, 22, 0.2, 7777, 0.0025
5, 0.8, 19, 0.2, 7824, 0.0025
5, 0.8, 22, 0.2, 7908, 0.0025
5, 0.8, 22, 0.2, 7909, 0.0025
5, 0.8, 22, 0.2, 7910, 0.0025
5, 0.8, 22, 0.2, 7911, 0.0025
5, 0.8, 22, 0.2, 7912, 0.0025
5, 0.8, 22, 0.2, 7913, 0.0025
5, 0.8, 22, 0.2, 7914, 0.0025
5, 0.8, 22, 0.2, 7915, 0.0025
5, 0.8, 22, 0.2, 7916, 0.0025
5, 0.8, 22, 0.2, 8047, 0.0025
5, 0.8, 22, 0.2, 8049, 0.0025
5, 0.8, 22, 0.2, 8050, 0.0025
5, 0.8, 22, 0.2, 8051, 0.0025
5, 0.8, 22, 0.2, 8052, 0.0025
5, 0.8, 22, 0.2, 8053, 0.0025
5, 0.8, 22, 0.2, 8054, 0.0025
5, 0.8, 22, 0.2, 8055, 0.0025
5, 0.8, 22, 0.2, 8056, 0.0025
5, 0.8, 22, 0.2, 8188, 0.0025
5, 0.8, 22, 0.2, 8189, 0.0025
5, 0.8, 22, 0.2, 8190, 0.0025
5, 0.8, 22, 0.2, 8191, 0.0025
5, 0.8, 22, 0.2, 8192, 0.0025
5, 0.8, 22, 0.2, 8193, 0.0025
5, 0.8, 22, 0.2, 8194, 0.0025
5, 0.8, 22, 0.2, 8195, 0.0025
5, 0.8, 22, 0.2, 8196, 0.0025
5, 0.8, 22, 0.2, 8197, 0.0025
5, 0.8, 22, 0.2, 8329, 0.0025
5, 0.8, 22, 0.2, 8330, 0.0025
5, 0.8, 22, 0.2, 8331, 0.0025
5, 0.8, 22, 0.2, 8332, 0.0025
5, 0.8, 22, 0.2, 8333, 0.0025
5, 0.8, 22, 0.2, 8334, 0.0025
5, 0.8, 22, 0.2, 8336, 0.0025
5, 0.8, 22, 0.2, 8337, 0.0025
5, 0.8, 22, 0.2, 8338, 0.0025
5, 0.8, 22, 0.2, 8471, 0.0025
5, 0.8, 22, 0.2, 8472, 0.0025
5, 0.8, 22, 0.2, 8473, 0.0025
5, 0.8, 22, 0.2, 8474, 0.0025
5, 0.8, 22, 0.2, 8480, 0.0025
5, 0.8, 22, 0.2, 8613, 0.0025
5, 0.8, 22, 0.2, 8614, 0.0025
5, 0.8, 22, 0.2, 8615, 0.0025
5, 0.8, 22, 0.2, 8616, 0.0025
5, 0.8, 22, 0.2, 8617, 0.0025
5, 0.8, 22, 0.2, 8618, 0.0025
5, 0.8, 22, 0.2, 8619, 0.0025
5, 0.8, 22, 0.2, 8620, 0.0025
5, 0.8, 22, 0.2, 8621, 0.0025
5, 0.8, 22, 0.2, 8623, 0.0025
5, 0.8, 22, 0.2, 8758, 0.0025
5, 0.8, 22, 0.2, 8759, 0.0025
5, 0.8, 22, 0.2, 8760, 0.0025
5, 0.8, 22, 0.2, 8761, 0.0025
5, 0.8, 22, 0.2, 8762, 0.0025
5, 0.8, 22, 0.2, 8763, 0.0025
5, 0.8, 22, 0.2, 8765, 0.0025
5, 0.8, 22, 0.2, 8766, 0.0025
5, 0.8, 22, 0.2, 8767, 0.0025
5, 0.8, 22, 0.2, 8768, 0.0025
5, 0.8, 31, 0.2, 11242, 0.0025
5, 0.8, 31, 0.2, 11353, 0.0025
5, 0.8, 31, 0.2, 11469, 0.0025
5, 0.8, 31, 0.2, 11580, 0.0025
5, 0.8, 31, 0.2, 11581, 0.0025
5, 0.8, 31, 0.2, 11582, 0.0025
5, 0.8, 31, 0.2, 11694, 0.0025
5, 0.8, 31, 0.2, 11695, 0.0025
5, 0.8, 31, 0.2, 11696, 0.0025
5, 0.8, 31, 0.2, 11807, 0.0025
5, 0.8, 31, 0.2, 11808, 0.0025
5, 0.8, 31, 0.2, 11809, 0.0025
5, 0.8, 31, 0.2, 11810, 0.0025
5, 0.8, 31, 0.2, 11919, 0.0025
5, 0.8, 31, 0.2, 11920, 0.0025
5, 0.8, 31, 0.2, 11921, 0.0025
5, 0.8, 31, 0.2, 12030, 0.0025
5, 0.8, 31, 0.2, 12032, 0.0025
5, 0.8, 31, 0.2, 12033, 0.0025
5, 0.8, 31, 0.2, 12034, 0.0025
5, 0.8, 31, 0.2, 12035, 0.0025
5, 0.8, 31, 0.2, 12142, 0.0025
5, 0.8, 31, 0.2, 12143, 0.0025
5, 0.8, 31, 0.2, 12146, 0.0025
5, 0.8, 31, 0.2, 12147, 0.0025
5, 0.8, 31, 0.2, 12148, 0.0025
5, 0.8, 31, 0.2, 12249, 0.0025
5, 0.8, 31, 0.2, 12250, 0.0025
5, 0.8, 31, 0.2, 12251, 0.0025
5, 0.8, 31, 0.2, 12253, 0.0025
5, 0.8, 31, 0.2, 12254, 0.0025
5, 0.8, 31, 0.2, 12255, 0.0025
5, 0.8, 31, 0.2, 12256, 0.0025
5, 0.8, 31, 0.2, 12357, 0.0025
5, 0.8, 31, 0.2, 12358, 0.0025
5, 0.8, 31, 0.2, 12359, 0.0025
5, 0.8, 31, 0.2, 12361, 0.0025
5, 0.8, 31, 0.2, 12362, 0.0025
5, 0.8, 31, 0.2, 12363, 0.0025
5, 0.8, 31, 0.2, 12364, 0.0025
5, 0.8, 31, 0.2, 12465, 0.0025
5, 0.8, 31, 0.2, 12466, 0.0025
5, 0.8, 31, 0.2, 12467, 0.0025
5, 0.8, 31, 0.2, 12468, 0.0025
5, 0.8, 31, 0.2, 12470, 0.0025
5, 0.8, 31, 0.2, 12471, 0.0025
5, 0.8, 31, 0.2, 12472, 0.0025
5, 0.8, 31, 0.2, 12473, 0.0025
5, 0.8, 31, 0.2, 12576, 0.0025
5, 0.8, 31, 0.2, 12577, 0.0025
5, 0.8, 31, 0.2, 12578, 0.0025
5, 0.8, 31, 0.2, 12579, 0.0025
5, 0.8, 31, 0.2, 12580, 0.0025
5, 0.8, 31, 0.2, 12582, 0.0025
5, 0.8, 31, 0.2, 12583, 0.0025
5, 0.8, 31, 0.2, 12584, 0.0025
5, 0.8, 31, 0.2, 12682, 0.0025
5, 0.8, 31, 0.2, 12683, 0.0025
5, 0.8, 31, 0.2, 12684, 0.0025
5, 0.8, 31, 0.2, 12685, 0.0025
5, 0.8, 31, 0.2, 12686, 0.0025
5, 0.8, 31, 0.2, 12688, 0.0025
5, 0.8, 31, 0.2, 12689, 0.0025
5, 0.8, 31, 0.2, 12690, 0.0025
5, 0.8, 31, 0.2, 12786, 0.0025
5, 0.8, 31, 0.2, 12787, 0.0025
5, 0.8, 31, 0.2, 12788, 0.0025
5, 0.8, 31, 0.2, 12789, 0.0025
5, 0.8, 31, 0.2, 12792, 0.0025
5, 0.8, 31, 0.2, 12793, 0.0025
5, 0.8, 31, 0.2, 12893, 0.0025
5, 0.8, 31, 0.2, 12894, 0.0025
5, 0.8, 31, 0.2, 12895, 0.0025
5, 0.8, 31, 0.2, 12897, 0.0025
5, 0.8, 31, 0.2, 12898, 0.0025
5, 0.8, 31, 0.2, 12998, 0.0025
5, 0.8, 31, 0.2, 12999, 0.0025
5, 0.8, 31, 0.2, 13002, 0.0025
5, 0.8, 31, 0.2, 13110, 0.0025
5, 0.8, 31, 0.2, 13112, 0.0025
5, 0.8, 31, 0.2, 13221, 0.0025
5, 0.8, 41, 0.2, 16651, 0.0025
5, 0.8, 41, 0.2, 16653, 0.0025
5, 0.8, 41, 0.2, 16754, 0.0025
5, 0.8, 41, 0.2, 16755, 0.0025
5, 0.8, 41, 0.2, 16870, 0.0025
5, 0.8, 41, 0.2, 16876, 0.0025
5, 0.8, 41, 0.2, 16877, 0.0025
5, 0.8, 41, 0.2, 16986, 0.0025
5, 0.8, 41, 0.2, 16987, 0.0025
5, 0.8, 41, 0.2, 17087, 0.0025
5, 0.8, 41, 0.2, 17091, 0.0025
5, 0.8, 41, 0.2, 17092, 0.0025
5, 0.8, 41, 0.2, 17093, 0.0025
5, 0.8, 41, 0.2, 17094, 0.0025
5, 0.8, 41, 0.2, 17095, 0.0025
5, 0.8, 41, 0.2, 17190, 0.0025
5, 0.8, 41, 0.2, 17197, 0.0025
5, 0.8, 41, 0.2, 17198, 0.0025
5, 0.8, 41, 0.2, 17200, 0.0025
5, 0.8, 41, 0.2, 17293, 0.0025
5, 0.8, 41, 0.2, 17295, 0.0025
5, 0.8, 41, 0.2, 17299, 0.0025
5, 0.8, 41, 0.2, 17301, 0.0025
5, 0.8, 41, 0.2, 17303, 0.0025
5, 0.8, 41, 0.2, 17395, 0.0025
5, 0.8, 41, 0.2, 17401, 0.0025
5, 0.8, 41, 0.2, 17402, 0.0025
5, 0.8, 41, 0.2, 17404, 0.0025
5, 0.8, 41, 0.2, 17405, 0.0025
5, 0.8, 41, 0.2, 17503, 0.0025
5, 0.8, 41, 0.2, 17504, 0.0025
5, 0.8, 41, 0.2, 17505, 0.0025
5, 0.8, 41, 0.2, 17506, 0.0025
5, 0.8, 41, 0.2, 17508, 0.0025
5, 0.8, 41, 0.2, 17509, 0.0025
5, 0.8, 41, 0.2, 17602, 0.0025
5, 0.8, 41, 0.2, 17603, 0.0025
5, 0.8, 41, 0.2, 17604, 0.0025
5, 0.8, 41, 0.2, 17605, 0.0025
5, 0.8, 41, 0.2, 17606, 0.0025
5, 0.8, 41, 0.2, 17607, 0.0025
5, 0.8, 41, 0.2, 17608, 0.0025
5, 0.8, 41, 0.2, 17609, 0.0025
5, 0.8, 41, 0.2, 17696, 0.0025
5, 0.8, 41, 0.2, 17697, 0.0025
5, 0.8, 41, 0.2, 17698, 0.0025
5, 0.8, 41, 0.2, 17699, 0.0025
5, 0.8, 41, 0.2, 17700, 0.0025
5, 0.8, 41, 0.2, 17702, 0.0025
5, 0.8, 41, 0.2, 17703, 0.0025
5, 0.8, 41, 0.2, 17704, 0.0025
5, 0.8, 41, 0.2, 17790, 0.0025
5, 0.8, 41, 0.2, 17791, 0.0025
5, 0.8, 41, 0.2, 17792, 0.0025
5, 0.8, 41, 0.2, 17793, 0.0025
5, 0.8, 41, 0.2, 17794, 0.0025
5, 0.8, 41, 0.2, 17795, 0.0025
5, 0.8, 41, 0.2, 17797, 0.0025
5, 0.8, 41, 0.2, 17885, 0.0025
5, 0.8, 41, 0.2, 17888, 0.0025
5, 0.8, 41, 0.2, 17889, 0.0025
5, 0.8, 41, 0.2, 17890, 0.0025
5, 0.8, 41, 0.2, 17892, 0.0025
5, 0.8, 41, 0.2, 17976, 0.0025
5, 0.8, 41, 0.2, 17977, 0.0025
5, 0.8, 41, 0.2, 17978, 0.0025
5, 0.8, 41, 0.2, 17979, 0.0025
5, 0.8, 41, 0.2, 17980, 0.0025
5, 0.8, 41, 0.2, 17982, 0.0025
5, 0.8, 41, 0.2, 18060, 0.0025
5, 0.8, 41, 0.2, 18062, 0.0025
5, 0.8, 41, 0.2, 18064, 0.0025
5, 0.8, 41, 0.2, 18066, 0.0025
5, 0.8, 41, 0.2, 18149, 0.0025
5, 0.8, 41, 0.2, 18150, 0.0025
5, 0.8, 41, 0.2, 18157, 0.0025
5, 0.8, 41, 0.2, 18230, 0.0025
5, 0.8, 41, 0.2, 18232, 0.0025
5, 0.8, 41, 0.2, 18233, 0.0025
5, 0.8, 41, 0.2, 18234, 0.0025
5, 0.8, 41, 0.2, 18235, 0.0025
5, 0.8500000000000001, 1, 0.2, 460, 0.0025
5, 0.8500000000000001, 1, 0.2, 462, 0.0025
5, 0.8500000000000001, 1, 0.2, 501, 0.0025
5, 0.8500000000000001, 1, 0.2, 503, 0.0025
5, 0.8500000000000001, 1, 0.2, 507, 0.0025
5, 0.8500000000000001, 1, 0.2, 548, 0.0025
5, 0.8500000000000001, 1, 0.2, 549, 0.0025
5, 0.8500000000000001, 1, 0.2, 550, 0.0025
5, 0.8500000000000001, 1, 0.2, 551, 0.0025
5, 0.8500000000000001, 1, 0.2, 552, 0.0025
5, 0.8500000000000001, 1, 0.2, 553, 0.0025
5, 0.8500000000000001, 1, 0.2, 554, 0.0025
5, 0.8500000000000001, 1, 0.2, 596, 0.0025
5, 0.8500000000000001, 1, 0.2, 597, 0.0025
5, 0.8500000000000001, 1, 0.2, 598, 0.0025
5, 0.8500000000000001, 1, 0.2, 599, 0.0025
5, 0.8500000000000001, 1, 0.2, 600, 0.0025
5, 0.8500000000000001, 1, 0.2, 601, 0.0025
5, 0.8500000000000001, 1, 0.2, 602, 0.0025
5, 0.8500000000000001, 1, 0.2, 603, 0.0025
5, 0.8500000000000001, 1, 0.2, 604, 0.0025
5, 0.8500000000000001, 1, 0.2, 648, 0.0025
5, 0.8500000000000001, 1, 0.2, 649, 0.0025
5, 0.8500000000000001, 1, 0.2, 650, 0.0025
5, 0.8500000000000001, 1, 0.2, 651, 0.0025
5, 0.8500000000000001, 1, 0.2, 652, 0.0025
5, 0.8500000000000001, 1, 0.2, 653, 0.0025
5, 0.8500000000000001, 1, 0.2, 654, 0.0025
5, 0.8500000000000001, 1, 0.2, 701, 0.0025
5, 0.8500000000000001, 1, 0.2, 702, 0.0025
5, 0.8500000000000001, 1, 0.2, 703, 0.0025
5, 0.8500000000000001, 1, 0.2, 704, 0.0025
5, 0.8500000000000001, 1, 0.2, 705, 0.0025
5, 0.8500000000000001, 1, 0.2, 706, 0.0025
5, 0.8500000000000001, 1, 0.2, 707, 0.0025
5, 0.8500000000000001, 1, 0.2, 756, 0.0025
5, 0.8500000000000001, 1, 0.2, 757, 0.0025
5, 0.8500000000000001, 1, 0.2, 758, 0.0025
5, 0.8500000000000001, 1, 0.2, 759, 0.0025
5, 0.8500000000000001, 1, 0.2, 760, 0.0025
5, 0.8500000000000001, 1, 0.2, 761, 0.0025
5, 0.8500000000000001, 1, 0.2, 762, 0.0025
5, 0.8500000000000001, 1, 0.2, 807, 0.0025
5, 0.8500000000000001, 1, 0.2, 814, 0.0025
5, 0.8500000000000001, 1, 0.2, 815, 0.0025
5, 0.8500000000000001, 1, 0.2, 816, 0.0025
5, 0.8500000000000001, 1, 0.2, 817, 0.0025
5, 0.8500000000000001, 1, 0.2, 818, 0.0025
5, 0.8500000000000001, 1, 0.2, 874, 0.0025
5, 0.8500000000000001, 1, 0.2, 875, 0.0025
5, 0.8500000000000001, 1, 0.2, 876, 0.0025
5, 0.8500000000000001, 1, 0.2, 877, 0.0025
5, 0.8500000000000001, 1, 0.2, 936, 0.0025
5, 0.8500000000000001, 1, 0.2, 937, 0.0025
5, 0.8500000000000001, 1, 0.2, 938, 0.0025
5, 0.8500000000000001, 1, 0.2, 1053, 0.0025
5, 0.8500000000000001, 1, 0.2, 1119, 0.0025
5, 0.8500000000000001, 1, 0.2, 1188, 0.0025
5, 0.8500000000000001, 1, 0.2, 1258, 0.0025
5, 0.8500000000000001, 1, 0.2, 1330, 0.0025
5, 0.8500000000000001, 1, 0.2, 1331, 0.0025
5, 0.8500000000000001, 1, 0.2, 1332, 0.0025
5, 0.8500000000000001, 1, 0.2, 1333, 0.0025
5, 0.8500000000000001, 1, 0.2, 1334, 0.0025
5, 0.8500000000000001, 1, 0.2, 1406, 0.0025
5, 0.8500000000000001, 1, 0.2, 1407, 0.0025
5, 0.8500000000000001, 1, 0.2, 1408, 0.0025
5, 0.8500000000000001, 1, 0.2, 1409, 0.0025
5, 0.8500000000000001, 1, 0.2, 1410, 0.0025
5, 0.8500000000000001, 1, 0.2, 1482, 0.0025
5, 0.8500000000000001, 1, 0.2, 1483, 0.0025
5, 0.8500000000000001, 1, 0.2, 1484, 0.0025
5, 0.8500000000000001, 1, 0.2, 1485, 0.0025
5, 0.8500000000000001, 1, 0.2, 1486, 0.0025
5, 0.8500000000000001, 1, 0.2, 1560, 0.0025
5, 0.8500000000000001, 1, 0.2, 1561, 0.0025
5, 0.8500000000000001, 1, 0.2, 1562, 0.0025
5, 0.8500000000000001, 1, 0.2, 1563, 0.0025
5, 0.8500000000000001, 1, 0.2, 1641, 0.0025
5, 0.8500000000000001, 1, 0.2, 1642, 0.0025
5, 0.8500000000000001, 1, 0.2, 1724, 0.0025
5, 0.8500000000000001, 19, 0.2, 6472, 0.0025
5, 0.8500000000000001, 19, 0.2, 6473, 0.0025
5, 0.8500000000000001, 19, 0.2, 6474, 0.0025
5, 0.8500000000000001, 19, 0.2, 6475, 0.0025
5, 0.8500000000000001, 19, 0.2, 6603, 0.0025
5, 0.8500000000000001, 19, 0.2, 6604, 0.0025
5, 0.8500000000000001, 19, 0.2, 6605, 0.0025
5, 0.8500000000000001, 19, 0.2, 6606, 0.0025
5, 0.8500000000000001, 19, 0.2, 6607, 0.0025
5, 0.8500000000000001, 19, 0.2, 6608, 0.0025
5, 0.8500000000000001, 19, 0.2, 6609, 0.0025
5, 0.8500000000000001, 19, 0.2, 6736, 0.0025
5, 0.8500000000000001, 19, 0.2, 6737, 0.0025
5, 0.8500000000000001, 19, 0.2, 6738, 0.0025
5, 0.8500000000000001, 19, 0.2, 6739, 0.0025
5, 0.8500000000000001, 19, 0.2, 6740, 0.0025
5, 0.8500000000000001, 19, 0.2, 6741, 0.0025
5, 0.8500000000000001, 19, 0.2, 6742, 0.0025
5, 0.8500000000000001, 19, 0.2, 6869, 0.0025
5, 0.8500000000000001, 19, 0.2, 6870, 0.0025
5, 0.8500000000000001, 19, 0.2, 6871, 0.0025
5, 0.8500000000000001, 19, 0.2, 6872, 0.0025
5, 0.8500000000000001, 19, 0.2, 6873, 0.0025
5, 0.8500000000000001, 19, 0.2, 6874, 0.0025
5, 0.8500000000000001, 19, 0.2, 6875, 0.0025
5, 0.8500000000000001, 19, 0.2, 6876, 0.0025
5, 0.8500000000000001, 19, 0.2, 7003, 0.0025
5, 0.8500000000000001, 19, 0.2, 7004, 0.0025
5, 0.8500000000000001, 19, 0.2, 7005, 0.0025
5, 0.8500000000000001, 19, 0.2, 7006, 0.0025
5, 0.8500000000000001, 19, 0.2, 7007, 0.0025
5, 0.8500000000000001, 19, 0.2, 7008, 0.0025
5, 0.8500000000000001, 19, 0.2, 7009, 0.0025
5, 0.8500000000000001, 19, 0.2, 7010, 0.0025
5, 0.8500000000000001, 19, 0.2, 7136, 0.0025
5, 0.8500000000000001, 19, 0.2, 7137, 0.0025
5, 0.8500000000000001, 19, 0.2, 7138, 0.0025
5, 0.8500000000000001, 19, 0.2, 7139, 0.0025
5, 0.8500000000000001, 19, 0.2, 7140, 0.0025
5, 0.8500000000000001, 19, 0.2, 7141, 0.0025
5, 0.8500000000000001, 19, 0.2, 7142, 0.0025
5, 0.8500000000000001, 19, 0.2, 7143, 0.0025
5, 0.8500000000000001, 19, 0.2, 7144, 0.0025
5, 0.8500000000000001, 19, 0.2, 7271, 0.0025
5, 0.8500000000000001, 19, 0.2, 7272, 0.0025
5, 0.8500000000000001, 19, 0.2, 7273, 0.0025
5, 0.8500000000000001, 19, 0.2, 7274, 0.0025
5, 0.8500000000000001, 19, 0.2, 7275, 0.0025
5, 0.8500000000000001, 19, 0.2, 7276, 0.0025
5, 0.8500000000000001, 19, 0.2, 7277, 0.0025
5, 0.8500000000000001, 19, 0.2, 7278, 0.0025
5, 0.8500000000000001, 19, 0.2, 7279, 0.0025
5, 0.8500000000000001, 19, 0.2, 7280, 0.0025
5, 0.8500000000000001, 19, 0.2, 7281, 0.0025
5, 0.8500000000000001, 19, 0.2, 7407, 0.0025
5, 0.8500000000000001, 19, 0.2, 7408, 0.0025
5, 0.8500000000000001, 19, 0.2, 7409, 0.0025
5, 0.8500000000000001, 19, 0.2, 7410, 0.0025
5, 0.8500000000000001, 19, 0.2, 7411, 0.0025
5, 0.8500000000000001, 19, 0.2, 7412, 0.0025
5, 0.8500000000000001, 19, 0.2, 7413, 0.0025
5, 0.8500000000000001, 19, 0.2, 7414, 0.0025
5, 0.8500000000000001, 19, 0.2, 7415, 0.0025
5, 0.8500000000000001, 19, 0.2, 7416, 0.0025
5, 0.8500000000000001, 22, 0.2, 7500, 0.0025
5, 0.8500000000000001, 19, 0.2, 7545, 0.0025
5, 0.8500000000000001, 19, 0.2, 7546, 0.0025
5, 0.8500000000000001, 19, 0.2, 7547, 0.0025
5, 0.8500000000000001, 19, 0.2, 7548, 0.0025
5, 0.8500000000000001, 19, 0.2, 7549, 0.0025
5, 0.8500000000000001, 19, 0.2, 7550, 0.0025
5, 0.8500000000000001, 19, 0.2, 7551, 0.0025
5, 0.8500000000000001, 19, 0.2, 7552, 0.0025
5, 0.8500000000000001, 19, 0.2, 7553, 0.0025
5, 0.8500000000000001, 22, 0.2, 7630, 0.0025
5, 0.8500000000000001, 22, 0.2, 7631, 0.0025
5, 0.8500000000000001, 22, 0.2, 7632, 0.0025
5, 0.8500000000000001, 22, 0.2, 7633, 0.0025
5, 0.8500000000000001, 22, 0.2, 7634, 0.0025
5, 0.8500000000000001, 22, 0.2, 7635, 0.0025
5, 0.8500000000000001, 22, 0.2, 7636, 0.0025
5, 0.8500000000000001, 22, 0.2, 7637, 0.0025
5, 0.8500000000000001, 22, 0.2, 7638, 0.0025
5, 0.8500000000000001, 19, 0.2, 7684, 0.0025
5, 0.8500000000000001, 19, 0.2, 7685, 0.0025
5, 0.8500000000000001, 19, 0.2, 7686, 0.0025
5, 0.8500000000000001, 19, 0.2, 7687, 0.0025
5, 0.8500000000000001, 19, 0.2, 7688, 0.0025
5, 0.8500000000000001, 19, 0.2, 7689, 0.0025
5, 0.8500000000000001, 19, 0.2, 7690, 0.0025
5, 0.8500000000000001, 22, 0.2, 7769, 0.0025
5, 0.8500000000000001, 22, 0.2, 7770, 0.0025
5, 0.8500000000000001, 22, 0.2, 7771, 0.0025
5, 0.8500000000000001, 22, 0.2, 7772, 0.0025
5, 0.8500000000000001, 22, 0.2, 7773, 0.0025
5, 0.8500000000000001, 22, 0.2, 7774, 0.0025
5, 0.8500000000000001, 22, 0.2, 7775, 0.0025
5, 0.8500000000000001, 22, 0.2, 7776, 0.0025
5, 0.8500000000000001, 22, 0.2, 7777, 0.0025
5, 0.8500000000000001, 19, 0.2, 7824, 0.0025
5, 0.8500000000000001, 22, 0.2, 7908, 0.0025
5, 0.8500000000000001, 22, 0.2, 7909, 0.0025
5, 0.8500000000000001, 22, 0.2, 7910, 0.0025
5, 0.8500000000000001, 22, 0.2, 7911, 0.0025
5, 0.8500000000000001, 22, 0.2, 7912, 0.0025
5, 0.8500000000000001, 22, 0.2, 7913, 0.0025
5, 0.8500000000000001, 22, 0.2, 7914, 0.0025
5, 0.8500000000000001, 22, 0.2, 7915, 0.0025
5, 0.8500000000000001, 22, 0.2, 7916, 0.0025
5, 0.8500000000000001, 22, 0.2, 8047, 0.0025
5, 0.8500000000000001, 22, 0.2, 8049, 0.0025
5, 0.8500000000000001, 22, 0.2, 8050, 0.0025
5, 0.8500000000000001, 22, 0.2, 8051, 0.0025
5, 0.8500000000000001, 22, 0.2, 8052, 0.0025
5, 0.8500000000000001, 22, 0.2, 8053, 0.0025
5, 0.8500000000000001, 22, 0.2, 8054, 0.0025
5, 0.8500000000000001, 22, 0.2, 8055, 0.0025
5, 0.8500000000000001, 22, 0.2, 8056, 0.0025
5, 0.8500000000000001, 22, 0.2, 8188, 0.0025
5, 0.8500000000000001, 22, 0.2, 8189, 0.0025
5, 0.8500000000000001, 22, 0.2, 8190, 0.0025
5, 0.8500000000000001, 22, 0.2, 8191, 0.0025
5, 0.8500000000000001, 22, 0.2, 8192, 0.0025
5, 0.8500000000000001, 22, 0.2, 8193, 0.0025
5, 0.8500000000000001, 22, 0.2, 8194, 0.0025
5, 0.8500000000000001, 22, 0.2, 8195, 0.0025
5, 0.8500000000000001, 22, 0.2, 8196, 0.0025
5, 0.8500000000000001, 22, 0.2, 8197, 0.0025
5, 0.8500000000000001, 22, 0.2, 8329, 0.0025
5, 0.8500000000000001, 22, 0.2, 8330, 0.0025
5, 0.8500000000000001, 22, 0.2, 8331, 0.0025
5, 0.8500000000000001, 22, 0.2, 8332, 0.0025
5, 0.8500000000000001, 22, 0.2, 8333, 0.0025
5, 0.8500000000000001, 22, 0.2, 8334, 0.0025
5, 0.8500000000000001, 22, 0.2, 8336, 0.0025
5, 0.8500000000000001, 22, 0.2, 8337, 0.0025
5, 0.8500000000000001, 22, 0.2, 8338, 0.0025
5, 0.8500000000000001, 22, 0.2, 8471, 0.0025
5, 0.8500000000000001, 22, 0.2, 8472, 0.0025
5, 0.8500000000000001, 22, 0.2, 8473, 0.0025
5, 0.8500000000000001, 22, 0.2, 8474, 0.0025
5, 0.8500000000000001, 22, 0.2, 8480, 0.0025
5, 0.8500000000000001, 22, 0.2, 8613, 0.0025
5, 0.8500000000000001, 22, 0.2, 8614, 0.0025
5, 0.8500000000000001, 22, 0.2, 8615, 0.0025
5, 0.8500000000000001, 22, 0.2, 8616, 0.0025
5, 0.8500000000000001, 22, 0.2, 8617, 0.0025
5, 0.8500000000000001, 22, 0.2, 8618, 0.0025
5, 0.8500000000000001, 22, 0.2, 8619, 0.0025
5, 0.8500000000000001, 22, 0.2, 8620, 0.0025
5, 0.8500000000000001, 22, 0.2, 8621, 0.0025
5, 0.8500000000000001, 22, 0.2, 8623, 0.0025
5, 0.8500000000000001, 22, 0.2, 8758, 0.0025
5, 0.8500000000000001, 22, 0.2, 8759, 0.0025
5, 0.8500000000000001, 22, 0.2, 8760, 0.0025
5, 0.8500000000000001, 22, 0.2, 8761, 0.0025
5, 0.8500000000000001, 22, 0.2, 8762, 0.0025
5, 0.8500000000000001, 22, 0.2, 8763, 0.0025
5, 0.8500000000000001, 22, 0.2, 8765, 0.0025
5, 0.8500000000000001, 22, 0.2, 8766, 0.0025
5, 0.8500000000000001, 22, 0.2, 8767, 0.0025
5, 0.8500000000000001, 22, 0.2, 8768, 0.0025
5, 0.8500000000000001, 31, 0.2, 11242, 0.0025
5, 0.8500000000000001, 31, 0.2, 11353, 0.0025
5, 0.8500000000000001, 31, 0.2, 11469, 0.0025
5, 0.8500000000000001, 31, 0.2, 11580, 0.0025
5, 0.8500000000000001, 31, 0.2, 11581, 0.0025
5, 0.8500000000000001, 31, 0.2, 11582, 0.0025
5, 0.8500000000000001, 31, 0.2, 11694, 0.0025
5, 0.8500000000000001, 31, 0.2, 11695, 0.0025
5, 0.8500000000000001, 31, 0.2, 11696, 0.0025
5, 0.8500000000000001, 31, 0.2, 11807, 0.0025
5, 0.8500000000000001, 31, 0.2, 11808, 0.0025
5, 0.8500000000000001, 31, 0.2, 11809, 0.0025
5, 0.8500000000000001, 31, 0.2, 11810, 0.0025
5, 0.8500000000000001, 31, 0.2, 11919, 0.0025
5, 0.8500000000000001, 31, 0.2, 11920, 0.0025
5, 0.8500000000000001, 31, 0.2, 11921, 0.0025
5, 0.8500000000000001, 31, 0.2, 12030, 0.0025
5, 0.8500000000000001, 31, 0.2, 12032, 0.0025
5, 0.8500000000000001, 31, 0.2, 12033, 0.0025
5, 0.8500000000000001, 31, 0.2, 12034, 0.0025
5, 0.8500000000000001, 31, 0.2, 12035, 0.0025
5, 0.8500000000000001, 31, 0.2, 12142, 0.0025
5, 0.8500000000000001, 31, 0.2, 12143, 0.0025
5, 0.8500000000000001, 31, 0.2, 12146, 0.0025
5, 0.8500000000000001, 31, 0.2, 12147, 0.0025
5, 0.8500000000000001, 31, 0.2, 12148, 0.0025
5, 0.8500000000000001, 31, 0.2, 12249, 0.0025
5, 0.8500000000000001, 31, 0.2, 12250, 0.0025
5, 0.8500000000000001, 31, 0.2, 12251, 0.0025
5, 0.8500000000000001, 31, 0.2, 12253, 0.0025
5, 0.8500000000000001, 31, 0.2, 12254, 0.0025
5, 0.8500000000000001, 31, 0.2, 12255, 0.0025
5, 0.8500000000000001, 31, 0.2, 12256, 0.0025
5, 0.8500000000000001, 31, 0.2, 12357, 0.0025
5, 0.8500000000000001, 31, 0.2, 12358, 0.0025
5, 0.8500000000000001, 31, 0.2, 12359, 0.0025
5, 0.8500000000000001, 31, 0.2, 12361, 0.0025
5, 0.8500000000000001, 31, 0.2, 12362, 0.0025
5, 0.8500000000000001, 31, 0.2, 12363, 0.0025
5, 0.8500000000000001, 31, 0.2, 12364, 0.0025
5, 0.8500000000000001, 31, 0.2, 12465, 0.0025
5, 0.8500000000000001, 31, 0.2, 12466, 0.0025
5, 0.8500000000000001, 31, 0.2, 12467, 0.0025
5, 0.8500000000000001, 31, 0.2, 12468, 0.0025
5, 0.8500000000000001, 31, 0.2, 12470, 0.0025
5, 0.8500000000000001, 31, 0.2, 12471, 0.0025
5, 0.8500000000000001, 31, 0.2, 12472, 0.0025
5, 0.8500000000000001, 31, 0.2, 12473, 0.0025
5, 0.8500000000000001, 31, 0.2, 12576, 0.0025
5, 0.8500000000000001, 31, 0.2, 12577, 0.0025
5, 0.8500000000000001, 31, 0.2, 12578, 0.0025
5, 0.8500000000000001, 31, 0.2, 12579, 0.0025
5, 0.8500000000000001, 31, 0.2, 12580, 0.0025
5, 0.8500000000000001, 31, 0.2, 12582, 0.0025
5, 0.8500000000000001, 31, 0.2, 12583, 0.0025
5, 0.8500000000000001, 31, 0.2, 12584, 0.0025
5, 0.8500000000000001, 31, 0.2, 12682, 0.0025
5, 0.8500000000000001, 31, 0.2, 12683, 0.0025
5, 0.8500000000000001, 31, 0.2, 12684, 0.0025
5, 0.8500000000000001, 31, 0.2, 12685, 0.0025
5, 0.8500000000000001, 31, 0.2, 12686, 0.0025
5, 0.8500000000000001, 31, 0.2, 12688, 0.0025
5, 0.8500000000000001, 31, 0.2, 12689, 0.0025
5, 0.8500000000000001, 31, 0.2, 12690, 0.0025
5, 0.8500000000000001, 31, 0.2, 12786, 0.0025
5, 0.8500000000000001, 31, 0.2, 12787, 0.0025
5, 0.8500000000000001, 31, 0.2, 12788, 0.0025
5, 0.8500000000000001, 31, 0.2, 12789, 0.0025
5, 0.8500000000000001, 31, 0.2, 12792, 0.0025
5, 0.8500000000000001, 31, 0.2, 12793, 0.0025
5, 0.8500000000000001, 31, 0.2, 12893, 0.0025
5, 0.8500000000000001, 31, 0.2, 12894, 0.0025
5, 0.8500000000000001, 31, 0.2, 12895, 0.0025
5, 0.8500000000000001, 31, 0.2, 12897, 0.0025
5, 0.8500000000000001, 31, 0.2, 12898, 0.0025
5, 0.8500000000000001, 31, 0.2, 12998, 0.0025
5, 0.8500000000000001, 31, 0.2, 12999, 0.0025
5, 0.8500000000000001, 31, 0.2, 13002, 0.0025
5, 0.8500000000000001, 31, 0.2, 13110, 0.0025
5, 0.8500000000000001, 31, 0.2, 13112, 0.0025
5, 0.8500000000000001, 31, 0.2, 13221, 0.0025
5, 0.8500000000000001, 41, 0.2, 16651, 0.0025
5, 0.8500000000000001, 41, 0.2, 16653, 0.0025
5, 0.8500000000000001, 41, 0.2, 16754, 0.0025
5, 0.8500000000000001, 41, 0.2, 16755, 0.0025
5, 0.8500000000000001, 41, 0.2, 16870, 0.0025
5, 0.8500000000000001, 41, 0.2, 16876, 0.0025
5, 0.8500000000000001, 41, 0.2, 16877, 0.0025
5, 0.8500000000000001, 41, 0.2, 16986, 0.0025
5, 0.8500000000000001, 41, 0.2, 16987, 0.0025
5, 0.8500000000000001, 41, 0.2, 17087, 0.0025
5, 0.8500000000000001, 41, 0.2, 17091, 0.0025
5, 0.8500000000000001, 41, 0.2, 17092, 0.0025
5, 0.8500000000000001, 41, 0.2, 17093, 0.0025
5, 0.8500000000000001, 41, 0.2, 17094, 0.0025
5, 0.8500000000000001, 41, 0.2, 17095, 0.0025
5, 0.8500000000000001, 41, 0.2, 17190, 0.0025
5, 0.8500000000000001, 41, 0.2, 17197, 0.0025
5, 0.8500000000000001, 41, 0.2, 17198, 0.0025
5, 0.8500000000000001, 41, 0.2, 17200, 0.0025
5, 0.8500000000000001, 41, 0.2, 17293, 0.0025
5, 0.8500000000000001, 41, 0.2, 17295, 0.0025
5, 0.8500000000000001, 41, 0.2, 17299, 0.0025
5, 0.8500000000000001, 41, 0.2, 17301, 0.0025
5, 0.8500000000000001, 41, 0.2, 17303, 0.0025
5, 0.8500000000000001, 41, 0.2, 17395, 0.0025
5, 0.8500000000000001, 41, 0.2, 17401, 0.0025
5, 0.8500000000000001, 41, 0.2, 17402, 0.0025
5, 0.8500000000000001, 41, 0.2, 17404, 0.0025
5, 0.8500000000000001, 41, 0.2, 17405, 0.0025
5, 0.8500000000000001, 41, 0.2, 17503, 0.0025
5, 0.8500000000000001, 41, 0.2, 17504, 0.0025
5, 0.8500000000000001, 41, 0.2, 17505, 0.0025
5, 0.8500000000000001, 41, 0.2, 17506, 0.0025
5, 0.8500000000000001, 41, 0.2, 17508, 0.0025
5, 0.8500000000000001, 41, 0.2, 17509, 0.0025
5, 0.8500000000000001, 41, 0.2, 17602, 0.0025
5, 0.8500000000000001, 41, 0.2, 17603, 0.0025
5, 0.8500000000000001, 41, 0.2, 17604, 0.0025
5, 0.8500000000000001, 41, 0.2, 17605, 0.0025
5, 0.8500000000000001, 41, 0.2, 17606, 0.0025
5, 0.8500000000000001, 41, 0.2, 17607, 0.0025
5, 0.8500000000000001, 41, 0.2, 17608, 0.0025
5, 0.8500000000000001, 41, 0.2, 17609, 0.0025
5, 0.8500000000000001, 41, 0.2, 17696, 0.0025
5, 0.8500000000000001, 41, 0.2, 17697, 0.0025
5, 0.8500000000000001, 41, 0.2, 17698, 0.0025
5, 0.8500000000000001, 41, 0.2, 17699, 0.0025
5, 0.8500000000000001, 41, 0.2, 17700, 0.0025
5, 0.8500000000000001, 41, 0.2, 17702, 0.0025
5, 0.8500000000000001, 41, 0.2, 17703, 0.0025
5, 0.8500000000000001, 41, 0.2, 17704, 0.0025
5, 0.8500000000000001, 41, 0.2, 17790, 0.0025
5, 0.8500000000000001, 41, 0.2, 17791, 0.0025
5, 0.8500000000000001, 41, 0.2, 17792, 0.0025
5, 0.8500000000000001, 41, 0.2, 17793, 0.0025
5, 0.8500000000000001, 41, 0.2, 17794, 0.0025
5, 0.8500000000000001, 41, 0.2, 17795, 0.0025
5, 0.8500000000000001, 41, 0.2, 17797, 0.0025
5, 0.8500000000000001, 41, 0.2, 17885, 0.0025
5, 0.8500000000000001, 41, 0.2, 17888, 0.0025
5, 0.8500000000000001, 41, 0.2, 17889, 0.0025
5, 0.8500000000000001, 41, 0.2, 17890, 0.0025
5, 0.8500000000000001, 41, 0.2, 17892, 0.0025
5, 0.8500000000000001, 41, 0.2, 17976, 0.0025
5, 0.8500000000000001, 41, 0.2, 17977, 0.0025
5, 0.8500000000000001, 41, 0.2, 17978, 0.0025
5, 0.8500000000000001, 41, 0.2, 17979, 0.0025
5, 0.8500000000000001, 41, 0.2, 17980, 0.0025
5, 0.8500000000000001, 41, 0.2, 17982, 0.0025
5, 0.8500000000000001, 41, 0.2, 18060, 0.0025
5, 0.8500000000000001, 41, 0.2, 18062, 0.0025
5, 0.8500000000000001, 41, 0.2, 18064, 0.0025
5, 0.8500000000000001, 41, 0.2, 18066, 0.0025
5, 0.8500000000000001, 41, 0.2, 18149, 0.0025
5, 0.8500000000000001, 41, 0.2, 18150, 0.0025
5, 0.8500000000000001, 41, 0.2, 18157, 0.0025
5, 0.8500000000000001, 41, 0.2, 18230, 0.0025
5, 0.8500000000000001, 41, 0.2, 18232, 0.0025
5, 0.8500000000000001, 41, 0.2, 18233, 0.0025
5, 0.8500000000000001, 41, 0.2, 18234, 0.0025
5, 0.8500000000000001, 41, 0.2, 18235, 0.0025
5, 0.9, 1, 0.2, 460, 0.0025
5, 0.9, 1, 0.2, 462, 0.0025
5, 0.9, 1, 0.2, 501, 0.0025
5, 0.9, 1, 0.2, 503, 0.0025
5, 0.9, 1, 0.2, 507, 0.0025
5, 0.9, 1, 0.2, 548, 0.0025
5, 0.9, 1, 0.2, 549, 0.0025
5, 0.9, 1, 0.2, 550, 0.0025
5, 0.9, 1, 0.2, 551, 0.0025
5, 0.9, 1, 0.2, 552, 0.0025
5, 0.9, 1, 0.2, 553, 0.0025
5, 0.9, 1, 0.2, 554, 0.0025
5, 0.9, 1, 0.2, 596, 0.0025
5, 0.9, 1, 0.2, 597, 0.0025
5, 0.9, 1, 0.2, 598, 0.0025
5, 0.9, 1, 0.2, 599, 0.0025
5, 0.9, 1, 0.2, 600, 0.0025
5, 0.9, 1, 0.2, 601, 0.0025
5, 0.9, 1, 0.2, 602, 0.0025
5, 0.9, 1, 0.2, 603, 0.0025
5, 0.9, 1, 0.2, 604, 0.0025
5, 0.9, 1, 0.2, 648, 0.0025
5, 0.9, 1, 0.2, 649, 0.0025
5, 0.9, 1, 0.2, 650, 0.0025
5, 0.9, 1, 0.2, 651, 0.0025
5, 0.9, 1, 0.2, 652, 0.0025
5, 0.9, 1, 0.2, 653, 0.0025
5, 0.9, 1, 0.2, 654, 0.0025
5, 0.9, 1, 0.2, 701, 0.0025
5, 0.9, 1, 0.2, 702, 0.0025
5, 0.9, 1, 0.2, 703, 0.0025
5, 0.9, 1, 0.2, 704, 0.0025
5, 0.9, 1, 0.2, 705, 0.0025
5, 0.9, 1, 0.2, 706, 0.0025
5, 0.9, 1, 0.2, 707, 0.0025
5, 0.9, 1, 0.2, 756, 0.0025
5, 0.9, 1, 0.2, 757, 0.0025
5, 0.9, 1, 0.2, 758, 0.0025
5, 0.9, 1, 0.2, 759, 0.0025
5, 0.9, 1, 0.2, 760, 0.0025
5, 0.9, 1, 0.2, 761, 0.0025
5, 0.9, 1, 0.2, 762, 0.0025
5, 0.9, 1, 0.2, 807, 0.0025
5, 0.9, 1, 0.2, 814, 0.0025
5, 0.9, 1, 0.2, 815, 0.0025
5, 0.9, 1, 0.2, 816, 0.0025
5, 0.9, 1, 0.2, 817, 0.0025
5, 0.9, 1, 0.2, 818, 0.0025
5, 0.9, 1, 0.2, 874, 0.0025
5, 0.9, 1, 0.2, 875, 0.0025
5, 0.9, 1, 0.2, 876, 0.0025
5, 0.9, 1, 0.2, 877, 0.0025
5, 0.9, 1, 0.2, 936, 0.0025
5, 0.9, 1, 0.2, 937, 0.0025
5, 0.9, 1, 0.2, 938, 0.0025
5, 0.9, 1, 0.2, 1053, 0.0025
5, 0.9, 1, 0.2, 1119, 0.0025
5, 0.9, 1, 0.2, 1188, 0.0025
5, 0.9, 1, 0.2, 1258, 0.0025
5, 0.9, 1, 0.2, 1330, 0.0025
5, 0.9, 1, 0.2, 1331, 0.0025
5, 0.9, 1, 0.2, 1332, 0.0025
5, 0.9, 1, 0.2, 1333, 0.0025
5, 0.9, 1, 0.2, 1334, 0.0025
5, 0.9, 1, 0.2, 1406, 0.0025
5, 0.9, 1, 0.2, 1407, 0.0025
5, 0.9, 1, 0.2, 1408, 0.0025
5, 0.9, 1, 0.2, 1409, 0.0025
5, 0.9, 1, 0.2, 1410, 0.0025
5, 0.9, 1, 0.2, 1482, 0.0025
5, 0.9, 1, 0.2, 1483, 0.0025
5, 0.9, 1, 0.2, 1484, 0.0025
5, 0.9, 1, 0.2, 1485, 0.0025
5, 0.9, 1, 0.2, 1486, 0.0025
5, 0.9, 1, 0.2, 1560, 0.0025
5, 0.9, 1, 0.2, 1561, 0.0025
5, 0.9, 1, 0.2, 1562, 0.0025
5, 0.9, 1, 0.2, 1563, 0.0025
5, 0.9, 1, 0.2, 1641, 0.0025
5, 0.9, 1, 0.2, 1642, 0.0025
5, 0.9, 1, 0.2, 1724, 0.0025
5, 0.9, 19, 0.2, 6472, 0.0025
5, 0.9, 19, 0.2, 6473, 0.0025
5, 0.9, 19, 0.2, 6474, 0.0025
5, 0.9, 19, 0.2, 6475, 0.0025
5, 0.9, 19, 0.2, 6603, 0.0025
5, 0.9, 19, 0.2, 6604, 0.0025
5, 0.9, 19, 0.2, 6605, 0.0025
5, 0.9, 19, 0.2, 6606, 0.0025
5, 0.9, 19, 0.2, 6607, 0.0025
5, 0.9, 19, 0.2, 6608, 0.0025
5, 0.9, 19, 0.2, 6609, 0.0025
5, 0.9, 19, 0.2, 6736, 0.0025
5, 0.9, 19, 0.2, 6737, 0.0025
5, 0.9, 19, 0.2, 6738, 0.0025
5, 0.9, 19, 0.2, 6739, 0.0025
5, 0.9, 19, 0.2, 6740, 0.0025
5, 0.9, 19, 0.2, 6741, 0.0025
5, 0.9, 19, 0.2, 6742, 0.0025
5, 0.9, 19, 0.2, 6869, 0.0025
5, 0.9, 19, 0.2, 6870, 0.0025
5, 0.9, 19, 0.2, 6871, 0.0025
5, 0.9, 19, 0.2, 6872, 0.0025
5, 0.9, 19, 0.2, 6873, 0.0025
5, 0.9, 19, 0.2, 6874, 0.0025
5, 0.9, 19, 0.2, 6875, 0.0025
5, 0.9, 19, 0.2, 6876, 0.0025
5, 0.9, 19, 0.2, 7003, 0.0025
5, 0.9, 19, 0.2, 7004, 0.0025
5, 0.9, 19, 0.2, 7005, 0.0025
5, 0.9, 19, 0.2, 7006, 0.0025
5, 0.9, 19, 0.2, 7007, 0.0025
5, 0.9, 19, 0.2, 7008, 0.0025
5, 0.9, 19, 0.2, 7009, 0.0025
5, 0.9, 19, 0.2, 7010, 0.0025
5, 0.9, 19, 0.2, 7136, 0.0025
5, 0.9, 19, 0.2, 7137, 0.0025
5, 0.9, 19, 0.2, 7138, 0.0025
5, 0.9, 19, 0.2, 7139, 0.0025
5, 0.9, 19, 0.2, 7140, 0.0025
5, 0.9, 19, 0.2, 7141, 0.0025
5, 0.9, 19, 0.2, 7142, 0.0025
5, 0.9, 19, 0.2, 7143, 0.0025
5, 0.9, 19, 0.2, 7144, 0.0025
5, 0.9, 19, 0.2, 7271, 0.0025
5, 0.9, 19, 0.2, 7272, 0.0025
5, 0.9, 19, 0.2, 7273, 0.0025
5, 0.9, 19, 0.2, 7274, 0.0025
5, 0.9, 19, 0.2, 7275, 0.0025
5, 0.9, 19, 0.2, 7276, 0.0025
5, 0.9, 19, 0.2, 7277, 0.0025
5, 0.9, 19, 0.2, 7278, 0.0025
5, 0.9, 19, 0.2, 7279, 0.0025
5, 0.9, 19, 0.2, 7280, 0.0025
5, 0.9, 19, 0.2, 7281, 0.0025
5, 0.9, 19, 0.2, 7407, 0.0025
5, 0.9, 19, 0.2, 7408, 0.0025
5, 0.9, 19, 0.2, 7409, 0.0025
5, 0.9, 19, 0.2, 7410, 0.0025
5, 0.9, 19, 0.2, 7411, 0.0025
5, 0.9, 19, 0.2, 7412, 0.0025
5, 0.9, 19, 0.2, 7413, 0.0025
5, 0.9, 19, 0.2, 7414, 0.0025
5, 0.9, 19, 0.2, 7415, 0.0025
5, 0.9, 19, 0.2, 7416, 0.0025
5, 0.9, 22, 0.2, 7500, 0.0025
5, 0.9, 19, 0.2, 7545, 0.0025
5, 0.9, 19, 0.2, 7546, 0.0025
5, 0.9, 19, 0.2, 7547, 0.0025
5, 0.9, 19, 0.2, 7548, 0.0025
5, 0.9, 19, 0.2, 7549, 0.0025
5, 0.9, 19, 0.2, 7550, 0.0025
5, 0.9, 19, 0.2, 7551, 0.0025
5, 0.9, 19, 0.2, 7552, 0.0025
5, 0.9, 19, 0.2, 7553, 0.0025
5, 0.9, 22, 0.2, 7630, 0.0025
5, 0.9, 22, 0.2, 7631, 0.0025
5, 0.9, 22, 0.2, 7632, 0.0025
5, 0.9, 22, 0.2, 7633, 0.0025
5, 0.9, 22, 0.2, 7634, 0.0025
5, 0.9, 22, 0.2, 7635, 0.0025
5, 0.9, 22, 0.2, 7636, 0.0025
5, 0.9, 22, 0.2, 7637, 0.0025
5, 0.9, 22, 0.2, 7638, 0.0025
5, 0.9, 19, 0.2, 7684, 0.0025
5, 0.9, 19, 0.2, 7685, 0.0025
5, 0.9, 19, 0.2, 7686, 0.0025
5, 0.9, 19, 0.2, 7687, 0.0025
5, 0.9, 19, 0.2, 7688, 0.0025
5, 0.9, 19, 0.2, 7689, 0.0025
5, 0.9, 19, 0.2, 7690, 0.0025
5, 0.9, 22, 0.2, 7769, 0.0025
5, 0.9, 22, 0.2, 7770, 0.0025
5, 0.9, 22, 0.2, 7771, 0.0025
5, 0.9, 22, 0.2, 7772, 0.0025
5, 0.9, 22, 0.2, 7773, 0.0025
5, 0.9, 22, 0.2, 7774, 0.0025
5, 0.9, 22, 0.2, 7775, 0.0025
5, 0.9, 22, 0.2, 7776, 0.0025
5, 0.9, 22, 0.2, 7777, 0.0025
5, 0.9, 19, 0.2, 7824, 0.0025
5, 0.9, 22, 0.2, 7908, 0.0025
5, 0.9, 22, 0.2, 7909, 0.0025
5, 0.9, 22, 0.2, 7910, 0.0025
5, 0.9, 22, 0.2, 7911, 0.0025
5, 0.9, 22, 0.2, 7912, 0.0025
5, 0.9, 22, 0.2, 7913, 0.0025
5, 0.9, 22, 0.2, 7914, 0.0025
5, 0.9, 22, 0.2, 7915, 0.0025
5, 0.9, 22, 0.2, 7916, 0.0025
5, 0.9, 22, 0.2, 8047, 0.0025
5, 0.9, 22, 0.2, 8049, 0.0025
5, 0.9, 22, 0.2, 8050, 0.0025
5, 0.9, 22, 0.2, 8051, 0.0025
5, 0.9, 22, 0.2, 8052, 0.0025
5, 0.9, 22, 0.2, 8053, 0.0025
5, 0.9, 22, 0.2, 8054, 0.0025
5, 0.9, 22, 0.2, 8055, 0.0025
5, 0.9, 22, 0.2, 8056, 0.0025
5, 0.9, 22, 0.2, 8188, 0.0025
5, 0.9, 22, 0.2, 8189, 0.0025
5, 0.9, 22, 0.2, 8190, 0.0025
5, 0.9, 22, 0.2, 8191, 0.0025
5, 0.9, 22, 0.2, 8192, 0.0025
5, 0.9, 22, 0.2, 8193, 0.0025
5, 0.9, 22, 0.2, 8194, 0.0025
5, 0.9, 22, 0.2, 8195, 0.0025
5, 0.9, 22, 0.2, 8196, 0.0025
5, 0.9, 22, 0.2, 8197, 0.0025
5, 0.9, 22, 0.2, 8329, 0.0025
5, 0.9, 22, 0.2, 8330, 0.0025
5, 0.9, 22, 0.2, 8331, 0.0025
5, 0.9, 22, 0.2, 8332, 0.0025
5, 0.9, 22, 0.2, 8333, 0.0025
5, 0.9, 22, 0.2, 8334, 0.0025
5, 0.9, 22, 0.2, 8336, 0.0025
5, 0.9, 22, 0.2, 8337, 0.0025
5, 0.9, 22, 0.2, 8338, 0.0025
5, 0.9, 22, 0.2, 8471, 0.0025
5, 0.9, 22, 0.2, 8472, 0.0025
5, 0.9, 22, 0.2, 8473, 0.0025
5, 0.9, 22, 0.2, 8474, 0.0025
5, 0.9, 22, 0.2, 8480, 0.0025
5, 0.9, 22, 0.2, 8613, 0.0025
5, 0.9, 22, 0.2, 8614, 0.0025
5, 0.9, 22, 0.2, 8615, 0.0025
5, 0.9, 22, 0.2, 8616, 0.0025
5, 0.9, 22, 0.2, 8617, 0.0025
5, 0.9, 22, 0.2, 8618, 0.0025
5, 0.9, 22, 0.2, 8619, 0.0025
5, 0.9, 22, 0.2, 8620, 0.0025
5, 0.9, 22, 0.2, 8621, 0.0025
5, 0.9, 22, 0.2, 8623, 0.0025
5, 0.9, 22, 0.2, 8758, 0.0025
5, 0.9, 22, 0.2, 8759, 0.0025
5, 0.9, 22, 0.2, 8760, 0.0025
5, 0.9, 22, 0.2, 8761, 0.0025
5, 0.9, 22, 0.2, 8762, 0.0025
5, 0.9, 22, 0.2, 8763, 0.0025
5, 0.9, 22, 0.2, 8765, 0.0025
5, 0.9, 22, 0.2, 8766, 0.0025
5, 0.9, 22, 0.2, 8767, 0.0025
5, 0.9, 22, 0.2, 8768, 0.0025
5, 0.9, 31, 0.2, 11242, 0.0025
5, 0.9, 31, 0.2, 11353, 0.0025
5, 0.9, 31, 0.2, 11469, 0.0025
5, 0.9, 31, 0.2, 11580, 0.0025
5, 0.9, 31, 0.2, 11581, 0.0025
5, 0.9, 31, 0.2, 11582, 0.0025
5, 0.9, 31, 0.2, 11694, 0.0025
5, 0.9, 31, 0.2, 11695, 0.0025
5, 0.9, 31, 0.2, 11696, 0.0025
5, 0.9, 31, 0.2, 11807, 0.0025
5, 0.9, 31, 0.2, 11808, 0.0025
5, 0.9, 31, 0.2, 11809, 0.0025
5, 0.9, 31, 0.2, 11810, 0.0025
5, 0.9, 31, 0.2, 11919, 0.0025
5, 0.9, 31, 0.2, 11920, 0.0025
5, 0.9, 31, 0.2, 11921, 0.0025
5, 0.9, 31, 0.2, 12030, 0.0025
5, 0.9, 31, 0.2, 12032, 0.0025
5, 0.9, 31, 0.2, 12033, 0.0025
5, 0.9, 31, 0.2, 12034, 0.0025
5, 0.9, 31, 0.2, 12035, 0.0025
5, 0.9, 31, 0.2, 12142, 0.0025
5, 0.9, 31, 0.2, 12143, 0.0025
5, 0.9, 31, 0.2, 12146, 0.0025
5, 0.9, 31, 0.2, 12147, 0.0025
5, 0.9, 31, 0.2, 12148, 0.0025
5, 0.9, 31, 0.2, 12249, 0.0025
5, 0.9, 31, 0.2, 12250, 0.0025
5, 0.9, 31, 0.2, 12251, 0.0025
5, 0.9, 31, 0.2, 12253, 0.0025
5, 0.9, 31, 0.2, 12254, 0.0025
5, 0.9, 31, 0.2, 12255, 0.0025
5, 0.9, 31, 0.2, 12256, 0.0025
5, 0.9, 31, 0.2, 12357, 0.0025
5, 0.9, 31, 0.2, 12358, 0.0025
5, 0.9, 31, 0.2, 12359, 0.0025
5, 0.9, 31, 0.2, 12361, 0.0025
5, 0.9, 31, 0.2, 12362, 0.0025
5, 0.9, 31, 0.2, 12363, 0.0025
5, 0.9, 31, 0.2, 12364, 0.0025
5, 0.9, 31, 0.2, 12465, 0.0025
5, 0.9, 31, 0.2, 12466, 0.0025
5, 0.9, 31, 0.2, 12467, 0.0025
5, 0.9, 31, 0.2, 12468, 0.0025
5, 0.9, 31, 0.2, 12470, 0.0025
5, 0.9, 31, 0.2, 12471, 0.0025
5, 0.9, 31, 0.2, 12472, 0.0025
5, 0.9, 31, 0.2, 12473, 0.0025
5, 0.9, 31, 0.2, 12576, 0.0025
5, 0.9, 31, 0.2, 12577, 0.0025
5, 0.9, 31, 0.2, 12578, 0.0025
5, 0.9, 31, 0.2, 12579, 0.0025
5, 0.9, 31, 0.2, 12580, 0.0025
5, 0.9, 31, 0.2, 12582, 0.0025
5, 0.9, 31, 0.2, 12583, 0.0025
5, 0.9, 31, 0.2, 12584, 0.0025
5, 0.9, 31, 0.2, 12682, 0.0025
5, 0.9, 31, 0.2, 12683, 0.0025
5, 0.9, 31, 0.2, 12684, 0.0025
5, 0.9, 31, 0.2, 12685, 0.0025
5, 0.9, 31, 0.2, 12686, 0.0025
5, 0.9, 31, 0.2, 12688, 0.0025
5, 0.9, 31, 0.2, 12689, 0.0025
5, 0.9, 31, 0.2, 12690, 0.0025
5, 0.9, 31, 0.2, 12786, 0.0025
5, 0.9, 31, 0.2, 12787, 0.0025
5, 0.9, 31, 0.2, 12788, 0.0025
5, 0.9, 31, 0.2, 12789, 0.0025
5, 0.9, 31, 0.2, 12792, 0.0025
5, 0.9, 31, 0.2, 12793, 0.0025
5, 0.9, 31, 0.2, 12893, 0.0025
5, 0.9, 31, 0.2, 12894, 0.0025
5, 0.9, 31, 0.2, 12895, 0.0025
5, 0.9, 31, 0.2, 12897, 0.0025
5, 0.9, 31, 0.2, 12898, 0.0025
5, 0.9, 31, 0.2, 12998, 0.0025
5, 0.9, 31, 0.2, 12999, 0.0025
5, 0.9, 31, 0.2, 13002, 0.0025
5, 0.9, 31, 0.2, 13110, 0.0025
5, 0.9, 31, 0.2, 13112, 0.0025
5, 0.9, 31, 0.2, 13221, 0.0025
5, 0.9, 41, 0.2, 16651, 0.0025
5, 0.9, 41, 0.2, 16653, 0.0025
5, 0.9, 41, 0.2, 16754, 0.0025
5, 0.9, 41, 0.2, 16755, 0.0025
5, 0.9, 41, 0.2, 16870, 0.0025
5, 0.9, 41, 0.2, 16876, 0.0025
5, 0.9, 41, 0.2, 16877, 0.0025
5, 0.9, 41, 0.2, 16986, 0.0025
5, 0.9, 41, 0.2, 16987, 0.0025
5, 0.9, 41, 0.2, 17087, 0.0025
5, 0.9, 41, 0.2, 17091, 0.0025
5, 0.9, 41, 0.2, 17092, 0.0025
5, 0.9, 41, 0.2, 17093, 0.0025
5, 0.9, 41, 0.2, 17094, 0.0025
5, 0.9, 41, 0.2, 17095, 0.0025
5, 0.9, 41, 0.2, 17190, 0.0025
5, 0.9, 41, 0.2, 17197, 0.0025
5, 0.9, 41, 0.2, 17198, 0.0025
5, 0.9, 41, 0.2, 17200, 0.0025
5, 0.9, 41, 0.2, 17293, 0.0025
5, 0.9, 41, 0.2, 17295, 0.0025
5, 0.9, 41, 0.2, 17299, 0.0025
5, 0.9, 41, 0.2, 17301, 0.0025
5, 0.9, 41, 0.2, 17303, 0.0025
5, 0.9, 41, 0.2, 17395, 0.0025
5, 0.9, 41, 0.2, 17401, 0.0025
5, 0.9, 41, 0.2, 17402, 0.0025
5, 0.9, 41, 0.2, 17404, 0.0025
5, 0.9, 41, 0.2, 17405, 0.0025
5, 0.9, 41, 0.2, 17503, 0.0025
5, 0.9, 41, 0.2, 17504, 0.0025
5, 0.9, 41, 0.2, 17505, 0.0025
5, 0.9, 41, 0.2, 17506, 0.0025
5, 0.9, 41, 0.2, 17508, 0.0025
5, 0.9, 41, 0.2, 17509, 0.0025
5, 0.9, 41, 0.2, 17602, 0.0025
5, 0.9, 41, 0.2, 17603, 0.0025
5, 0.9, 41, 0.2, 17604, 0.0025
5, 0.9, 41, 0.2, 17605, 0.0025
5, 0.9, 41, 0.2, 17606, 0.0025
5, 0.9, 41, 0.2, 17607, 0.0025
5, 0.9, 41, 0.2, 17608, 0.0025
5, 0.9, 41, 0.2, 17609, 0.0025
5, 0.9, 41, 0.2, 17696, 0.0025
5, 0.9, 41, 0.2, 17697, 0.0025
5, 0.9, 41, 0.2, 17698, 0.0025
5, 0.9, 41, 0.2, 17699, 0.0025
5, 0.9, 41, 0.2, 17700, 0.0025
5, 0.9, 41, 0.2, 17702, 0.0025
5, 0.9, 41, 0.2, 17703, 0.0025
5, 0.9, 41, 0.2, 17704, 0.0025
5, 0.9, 41, 0.2, 17790, 0.0025
5, 0.9, 41, 0.2, 17791, 0.0025
5, 0.9, 41, 0.2, 17792, 0.0025
5, 0.9, 41, 0.2, 17793, 0.0025
5, 0.9, 41, 0.2, 17794, 0.0025
5, 0.9, 41, 0.2, 17795, 0.0025
5, 0.9, 41, 0.2, 17797, 0.0025
5, 0.9, 41, 0.2, 17885, 0.0025
5, 0.9, 41, 0.2, 17888, 0.0025
5, 0.9, 41, 0.2, 17889, 0.0025
5, 0.9, 41, 0.2, 17890, 0.0025
5, 0.9, 41, 0.2, 17892, 0.0025
5, 0.9, 41, 0.2, 17976, 0.0025
5, 0.9, 41, 0.2, 17977, 0.0025
5, 0.9, 41, 0.2, 17978, 0.0025
5, 0.9, 41, 0.2, 17979, 0.0025
5, 0.9, 41, 0.2, 17980, 0.0025
5, 0.9, 41, 0.2, 17982, 0.0025
5, 0.9, 41, 0.2, 18060, 0.0025
5, 0.9, 41, 0.2, 18062, 0.0025
5, 0.9, 41, 0.2, 18064, 0.0025
5, 0.9, 41, 0.2, 18066, 0.0025
5, 0.9, 41, 0.2, 18149, 0.0025
5, 0.9, 41, 0.2, 18150, 0.0025
5, 0.9, 41, 0.2, 18157, 0.0025
5, 0.9, 41, 0.2, 18230, 0.0025
5, 0.9, 41, 0.2, 18232, 0.0025
5, 0.9, 41, 0.2, 18233, 0.0025
5, 0.9, 41, 0.2, 18234, 0.0025
5, 0.9, 41, 0.2, 18235, 0.0025
5, 0.9500000000000001, 1, 0.2, 460, 0.0025
5, 0.9500000000000001, 1, 0.2, 462, 0.0025
5, 0.9500000000000001, 1, 0.2, 501, 0.0025
5, 0.9500000000000001, 1, 0.2, 503, 0.0025
5, 0.9500000000000001, 1, 0.2, 507, 0.0025
5, 0.9500000000000001, 1, 0.2, 548, 0.0025
5, 0.9500000000000001, 1, 0.2, 549, 0.0025
5, 0.9500000000000001, 1, 0.2, 550, 0.0025
5, 0.9500000000000001, 1, 0.2, 551, 0.0025
5, 0.9500000000000001, 1, 0.2, 552, 0.0025
5, 0.9500000000000001, 1, 0.2, 553, 0.0025
5, 0.9500000000000001, 1, 0.2, 554, 0.0025
5, 0.9500000000000001, 1, 0.2, 596, 0.0025
5, 0.9500000000000001, 1, 0.2, 597, 0.0025
5, 0.9500000000000001, 1, 0.2, 598, 0.0025
5, 0.9500000000000001, 1, 0.2, 599, 0.0025
5, 0.9500000000000001, 1, 0.2, 600, 0.0025
5, 0.9500000000000001, 1, 0.2, 601, 0.0025
5, 0.9500000000000001, 1, 0.2, 602, 0.0025
5, 0.9500000000000001, 1, 0.2, 603, 0.0025
5, 0.9500000000000001, 1, 0.2, 604, 0.0025
5, 0.9500000000000001, 1, 0.2, 648, 0.0025
5, 0.9500000000000001, 1, 0.2, 649, 0.0025
5, 0.9500000000000001, 1, 0.2, 650, 0.0025
5, 0.9500000000000001, 1, 0.2, 651, 0.0025
5, 0.9500000000000001, 1, 0.2, 652, 0.0025
5, 0.9500000000000001, 1, 0.2, 653, 0.0025
5, 0.9500000000000001, 1, 0.2, 654, 0.0025
5, 0.9500000000000001, 1, 0.2, 701, 0.0025
5, 0.9500000000000001, 1, 0.2, 702, 0.0025
5, 0.9500000000000001, 1, 0.2, 703, 0.0025
5, 0.9500000000000001, 1, 0.2, 704, 0.0025
5, 0.9500000000000001, 1, 0.2, 705, 0.0025
5, 0.9500000000000001, 1, 0.2, 706, 0.0025
5, 0.9500000000000001, 1, 0.2, 707, 0.0025
5, 0.9500000000000001, 1, 0.2, 756, 0.0025
5, 0.9500000000000001, 1, 0.2, 757, 0.0025
5, 0.9500000000000001, 1, 0.2, 758, 0.0025
5, 0.9500000000000001, 1, 0.2, 759, 0.0025
5, 0.9500000000000001, 1, 0.2, 760, 0.0025
5, 0.9500000000000001, 1, 0.2, 761, 0.0025
5, 0.9500000000000001, 1, 0.2, 762, 0.0025
5, 0.9500000000000001, 1, 0.2, 807, 0.0025
5, 0.9500000000000001, 1, 0.2, 814, 0.0025
5, 0.9500000000000001, 1, 0.2, 815, 0.0025
5, 0.9500000000000001, 1, 0.2, 816, 0.0025
5, 0.9500000000000001, 1, 0.2, 817, 0.0025
5, 0.9500000000000001, 1, 0.2, 818, 0.0025
5, 0.9500000000000001, 1, 0.2, 874, 0.0025
5, 0.9500000000000001, 1, 0.2, 875, 0.0025
5, 0.9500000000000001, 1, 0.2, 876, 0.0025
5, 0.9500000000000001, 1, 0.2, 877, 0.0025
5, 0.9500000000000001, 1, 0.2, 936, 0.0025
5, 0.9500000000000001, 1, 0.2, 937, 0.0025
5, 0.9500000000000001, 1, 0.2, 938, 0.0025
5, 0.9500000000000001, 1, 0.2, 1053, 0.0025
5, 0.9500000000000001, 1, 0.2, 1119, 0.0025
5, 0.9500000000000001, 1, 0.2, 1188, 0.0025
5, 0.9500000000000001, 1, 0.2, 1258, 0.0025
5, 0.9500000000000001, 1, 0.2, 1330, 0.0025
5, 0.9500000000000001, 1, 0.2, 1331, 0.0025
5, 0.9500000000000001, 1, 0.2, 1332, 0.0025
5, 0.9500000000000001, 1, 0.2, 1333, 0.0025
5, 0.9500000000000001, 1, 0.2, 1334, 0.0025
5, 0.9500000000000001, 1, 0.2, 1406, 0.0025
5, 0.9500000000000001, 1, 0.2, 1407, 0.0025
5, 0.9500000000000001, 1, 0.2, 1408, 0.0025
5, 0.9500000000000001, 1, 0.2, 1409, 0.0025
5, 0.9500000000000001, 1, 0.2, 1410, 0.0025
5, 0.9500000000000001, 1, 0.2, 1482, 0.0025
5, 0.9500000000000001, 1, 0.2, 1483, 0.0025
5, 0.9500000000000001, 1, 0.2, 1484, 0.0025
5, 0.9500000000000001, 1, 0.2, 1485, 0.0025
5, 0.9500000000000001, 1, 0.2, 1486, 0.0025
5, 0.9500000000000001, 1, 0.2, 1560, 0.0025
5, 0.9500000000000001, 1, 0.2, 1561, 0.0025
5, 0.9500000000000001, 1, 0.2, 1562, 0.0025
5, 0.9500000000000001, 1, 0.2, 1563, 0.0025
5, 0.9500000000000001, 1, 0.2, 1641, 0.0025
5, 0.9500000000000001, 1, 0.2, 1642, 0.0025
5, 0.9500000000000001, 1, 0.2, 1724, 0.0025
5, 0.9500000000000001, 19, 0.2, 6472, 0.0025
5, 0.9500000000000001, 19, 0.2, 6473, 0.0025
5, 0.9500000000000001, 19, 0.2, 6474, 0.0025
5, 0.9500000000000001, 19, 0.2, 6475, 0.0025
5, 0.9500000000000001, 19, 0.2, 6603, 0.0025
5, 0.9500000000000001, 19, 0.2, 6604, 0.0025
5, 0.9500000000000001, 19, 0.2, 6605, 0.0025
5, 0.9500000000000001, 19, 0.2, 6606, 0.0025
5, 0.9500000000000001, 19, 0.2, 6607, 0.0025
5, 0.9500000000000001, 19, 0.2, 6608, 0.0025
5, 0.9500000000000001, 19, 0.2, 6609, 0.0025
5, 0.9500000000000001, 19, 0.2, 6736, 0.0025
5, 0.9500000000000001, 19, 0.2, 6737, 0.0025
5, 0.9500000000000001, 19, 0.2, 6738, 0.0025
5, 0.9500000000000001, 19, 0.2, 6739, 0.0025
5, 0.9500000000000001, 19, 0.2, 6740, 0.0025
5, 0.9500000000000001, 19, 0.2, 6741, 0.0025
5, 0.9500000000000001, 19, 0.2, 6742, 0.0025
5, 0.9500000000000001, 19, 0.2, 6869, 0.0025
5, 0.9500000000000001, 19, 0.2, 6870, 0.0025
5, 0.9500000000000001, 19, 0.2, 6871, 0.0025
5, 0.9500000000000001, 19, 0.2, 6872, 0.0025
5, 0.9500000000000001, 19, 0.2, 6873, 0.0025
5, 0.9500000000000001, 19, 0.2, 6874, 0.0025
5, 0.9500000000000001, 19, 0.2, 6875, 0.0025
5, 0.9500000000000001, 19, 0.2, 6876, 0.0025
5, 0.9500000000000001, 19, 0.2, 7003, 0.0025
5, 0.9500000000000001, 19, 0.2, 7004, 0.0025
5, 0.9500000000000001, 19, 0.2, 7005, 0.0025
5, 0.9500000000000001, 19, 0.2, 7006, 0.0025
5, 0.9500000000000001, 19, 0.2, 7007, 0.0025
5, 0.9500000000000001, 19, 0.2, 7008, 0.0025
5, 0.9500000000000001, 19, 0.2, 7009, 0.0025
5, 0.9500000000000001, 19, 0.2, 7010, 0.0025
5, 0.9500000000000001, 19, 0.2, 7136, 0.0025
5, 0.9500000000000001, 19, 0.2, 7137, 0.0025
5, 0.9500000000000001, 19, 0.2, 7138, 0.0025
5, 0.9500000000000001, 19, 0.2, 7139, 0.0025
5, 0.9500000000000001, 19, 0.2, 7140, 0.0025
5, 0.9500000000000001, 19, 0.2, 7141, 0.0025
5, 0.9500000000000001, 19, 0.2, 7142, 0.0025
5, 0.9500000000000001, 19, 0.2, 7143, 0.0025
5, 0.9500000000000001, 19, 0.2, 7144, 0.0025
5, 0.9500000000000001, 19, 0.2, 7271, 0.0025
5, 0.9500000000000001, 19, 0.2, 7272, 0.0025
5, 0.9500000000000001, 19, 0.2, 7273, 0.0025
5, 0.9500000000000001, 19, 0.2, 7274, 0.0025
5, 0.9500000000000001, 19, 0.2, 7275, 0.0025
5, 0.9500000000000001, 19, 0.2, 7276, 0.0025
5, 0.9500000000000001, 19, 0.2, 7277, 0.0025
5, 0.9500000000000001, 19, 0.2, 7278, 0.0025
5, 0.9500000000000001, 19, 0.2, 7279, 0.0025
5, 0.9500000000000001, 19, 0.2, 7280, 0.0025
5, 0.9500000000000001, 19, 0.2, 7281, 0.0025
5, 0.9500000000000001, 19, 0.2, 7407, 0.0025
5, 0.9500000000000001, 19, 0.2, 7408, 0.0025
5, 0.9500000000000001, 19, 0.2, 7409, 0.0025
5, 0.9500000000000001, 19, 0.2, 7410, 0.0025
5, 0.9500000000000001, 19, 0.2, 7411, 0.0025
5, 0.9500000000000001, 19, 0.2, 7412, 0.0025
5, 0.9500000000000001, 19, 0.2, 7413, 0.0025
5, 0.9500000000000001, 19, 0.2, 7414, 0.0025
5, 0.9500000000000001, 19, 0.2, 7415, 0.0025
5, 0.9500000000000001, 19, 0.2, 7416, 0.0025
5, 0.9500000000000001, 22, 0.2, 7500, 0.0025
5, 0.9500000000000001, 19, 0.2, 7545, 0.0025
5, 0.9500000000000001, 19, 0.2, 7546, 0.0025
5, 0.9500000000000001, 19, 0.2, 7547, 0.0025
5, 0.9500000000000001, 19, 0.2, 7548, 0.0025
5, 0.9500000000000001, 19, 0.2, 7549, 0.0025
5, 0.9500000000000001, 19, 0.2, 7550, 0.0025
5, 0.9500000000000001, 19, 0.2, 7551, 0.0025
5, 0.9500000000000001, 19, 0.2, 7552, 0.0025
5, 0.9500000000000001, 19, 0.2, 7553, 0.0025
5, 0.9500000000000001, 22, 0.2, 7630, 0.0025
5, 0.9500000000000001, 22, 0.2, 7631, 0.0025
5, 0.9500000000000001, 22, 0.2, 7632, 0.0025
5, 0.9500000000000001, 22, 0.2, 7633, 0.0025
5, 0.9500000000000001, 22, 0.2, 7634, 0.0025
5, 0.9500000000000001, 22, 0.2, 7635, 0.0025
5, 0.9500000000000001, 22, 0.2, 7636, 0.0025
5, 0.9500000000000001, 22, 0.2, 7637, 0.0025
5, 0.9500000000000001, 22, 0.2, 7638, 0.0025
5, 0.9500000000000001, 19, 0.2, 7684, 0.0025
5, 0.9500000000000001, 19, 0.2, 7685, 0.0025
5, 0.9500000000000001, 19, 0.2, 7686, 0.0025
5, 0.9500000000000001, 19, 0.2, 7687, 0.0025
5, 0.9500000000000001, 19, 0.2, 7688, 0.0025
5, 0.9500000000000001, 19, 0.2, 7689, 0.0025
5, 0.9500000000000001, 19, 0.2, 7690, 0.0025
5, 0.9500000000000001, 22, 0.2, 7769, 0.0025
5, 0.9500000000000001, 22, 0.2, 7770, 0.0025
5, 0.9500000000000001, 22, 0.2, 7771, 0.0025
5, 0.9500000000000001, 22, 0.2, 7772, 0.0025
5, 0.9500000000000001, 22, 0.2, 7773, 0.0025
5, 0.9500000000000001, 22, 0.2, 7774, 0.0025
5, 0.9500000000000001, 22, 0.2, 7775, 0.0025
5, 0.9500000000000001, 22, 0.2, 7776, 0.0025
5, 0.9500000000000001, 22, 0.2, 7777, 0.0025
5, 0.9500000000000001, 19, 0.2, 7824, 0.0025
5, 0.9500000000000001, 22, 0.2, 7908, 0.0025
5, 0.9500000000000001, 22, 0.2, 7909, 0.0025
5, 0.9500000000000001, 22, 0.2, 7910, 0.0025
5, 0.9500000000000001, 22, 0.2, 7911, 0.0025
5, 0.9500000000000001, 22, 0.2, 7912, 0.0025
5, 0.9500000000000001, 22, 0.2, 7913, 0.0025
5, 0.9500000000000001, 22, 0.2, 7914, 0.0025
5, 0.9500000000000001, 22, 0.2, 7915, 0.0025
5, 0.9500000000000001, 22, 0.2, 7916, 0.0025
5, 0.9500000000000001, 22, 0.2, 8047, 0.0025
5, 0.9500000000000001, 22, 0.2, 8049, 0.0025
5, 0.9500000000000001, 22, 0.2, 8050, 0.0025
5, 0.9500000000000001, 22, 0.2, 8051, 0.0025
5, 0.9500000000000001, 22, 0.2, 8052, 0.0025
5, 0.9500000000000001, 22, 0.2, 8053, 0.0025
5, 0.9500000000000001, 22, 0.2, 8054, 0.0025
5, 0.9500000000000001, 22, 0.2, 8055, 0.0025
5, 0.9500000000000001, 22, 0.2, 8056, 0.0025
5, 0.9500000000000001, 22, 0.2, 8188, 0.0025
5, 0.9500000000000001, 22, 0.2, 8189, 0.0025
5, 0.9500000000000001, 22, 0.2, 8190, 0.0025
5, 0.9500000000000001, 22, 0.2, 8191, 0.0025
5, 0.9500000000000001, 22, 0.2, 8192, 0.0025
5, 0.9500000000000001, 22, 0.2, 8193, 0.0025
5, 0.9500000000000001, 22, 0.2, 8194, 0.0025
5, 0.9500000000000001, 22, 0.2, 8195, 0.0025
5, 0.9500000000000001, 22, 0.2, 8196, 0.0025
5, 0.9500000000000001, 22, 0.2, 8197, 0.0025
5, 0.9500000000000001, 22, 0.2, 8329, 0.0025
5, 0.9500000000000001, 22, 0.2, 8330, 0.0025
5, 0.9500000000000001, 22, 0.2, 8331, 0.0025
5, 0.9500000000000001, 22, 0.2, 8332, 0.0025
5, 0.9500000000000001, 22, 0.2, 8333, 0.0025
5, 0.9500000000000001, 22, 0.2, 8334, 0.0025
5, 0.9500000000000001, 22, 0.2, 8336, 0.0025
5, 0.9500000000000001, 22, 0.2, 8337, 0.0025
5, 0.9500000000000001, 22, 0.2, 8338, 0.0025
5, 0.9500000000000001, 22, 0.2, 8471, 0.0025
5, 0.9500000000000001, 22, 0.2, 8472, 0.0025
5, 0.9500000000000001, 22, 0.2, 8473, 0.0025
5, 0.9500000000000001, 22, 0.2, 8474, 0.0025
5, 0.9500000000000001, 22, 0.2, 8480, 0.0025
5, 0.9500000000000001, 22, 0.2, 8613, 0.0025
5, 0.9500000000000001, 22, 0.2, 8614, 0.0025
5, 0.9500000000000001, 22, 0.2, 8615, 0.0025
5, 0.9500000000000001, 22, 0.2, 8616, 0.0025
5, 0.9500000000000001, 22, 0.2, 8617, 0.0025
5, 0.9500000000000001, 22, 0.2, 8618, 0.0025
5, 0.9500000000000001, 22, 0.2, 8619, 0.0025
5, 0.9500000000000001, 22, 0.2, 8620, 0.0025
5, 0.9500000000000001, 22, 0.2, 8621, 0.0025
5, 0.9500000000000001, 22, 0.2, 8623, 0.0025
5, 0.9500000000000001, 22, 0.2, 8758, 0.0025
5, 0.9500000000000001, 22, 0.2, 8759, 0.0025
5, 0.9500000000000001, 22, 0.2, 8760, 0.0025
5, 0.9500000000000001, 22, 0.2, 8761, 0.0025
5, 0.9500000000000001, 22, 0.2, 8762, 0.0025
5, 0.9500000000000001, 22, 0.2, 8763, 0.0025
5, 0.9500000000000001, 22, 0.2, 8765, 0.0025
5, 0.9500000000000001, 22, 0.2, 8766, 0.0025
5, 0.9500000000000001, 22, 0.2, 8767, 0.0025
5, 0.9500000000000001, 22, 0.2, 8768, 0.0025
5, 0.9500000000000001, 31, 0.2, 11242, 0.0025
5, 0.9500000000000001, 31, 0.2, 11353, 0.0025
5, 0.9500000000000001, 31, 0.2, 11469, 0.0025
5, 0.9500000000000001, 31, 0.2, 11580, 0.0025
5, 0.9500000000000001, 31, 0.2, 11581, 0.0025
5, 0.9500000000000001, 31, 0.2, 11582, 0.0025
5, 0.9500000000000001, 31, 0.2, 11694, 0.0025
5, 0.9500000000000001, 31, 0.2, 11695, 0.0025
5, 0.9500000000000001, 31, 0.2, 11696, 0.0025
5, 0.9500000000000001, 31, 0.2, 11807, 0.0025
5, 0.9500000000000001, 31, 0.2, 11808, 0.0025
5, 0.9500000000000001, 31, 0.2, 11809, 0.0025
5, 0.9500000000000001, 31, 0.2, 11810, 0.0025
5, 0.9500000000000001, 31, 0.2, 11919, 0.0025
5, 0.9500000000000001, 31, 0.2, 11920, 0.0025
5, 0.9500000000000001, 31, 0.2, 11921, 0.0025
5, 0.9500000000000001, 31, 0.2, 12030, 0.0025
5, 0.9500000000000001, 31, 0.2, 12032, 0.0025
5, 0.9500000000000001, 31, 0.2, 12033, 0.0025
5, 0.9500000000000001, 31, 0.2, 12034, 0.0025
5, 0.9500000000000001, 31, 0.2, 12035, 0.0025
5, 0.9500000000000001, 31, 0.2, 12142, 0.0025
5, 0.9500000000000001, 31, 0.2, 12143, 0.0025
5, 0.9500000000000001, 31, 0.2, 12146, 0.0025
5, 0.9500000000000001, 31, 0.2, 12147, 0.0025
5, 0.9500000000000001, 31, 0.2, 12148, 0.0025
5, 0.9500000000000001, 31, 0.2, 12249, 0.0025
5, 0.9500000000000001, 31, 0.2, 12250, 0.0025
5, 0.9500000000000001, 31, 0.2, 12251, 0.0025
5, 0.9500000000000001, 31, 0.2, 12253, 0.0025
5, 0.9500000000000001, 31, 0.2, 12254, 0.0025
5, 0.9500000000000001, 31, 0.2, 12255, 0.0025
5, 0.9500000000000001, 31, 0.2, 12256, 0.0025
5, 0.9500000000000001, 31, 0.2, 12357, 0.0025
5, 0.9500000000000001, 31, 0.2, 12358, 0.0025
5, 0.9500000000000001, 31, 0.2, 12359, 0.0025
5, 0.9500000000000001, 31, 0.2, 12361, 0.0025
5, 0.9500000000000001, 31, 0.2, 12362, 0.0025
5, 0.9500000000000001, 31, 0.2, 12363, 0.0025
5, 0.9500000000000001, 31, 0.2, 12364, 0.0025
5, 0.9500000000000001, 31, 0.2, 12465, 0.0025
5, 0.9500000000000001, 31, 0.2, 12466, 0.0025
5, 0.9500000000000001, 31, 0.2, 12467, 0.0025
5, 0.9500000000000001, 31, 0.2, 12468, 0.0025
5, 0.9500000000000001, 31, 0.2, 12470, 0.0025
5, 0.9500000000000001, 31, 0.2, 12471, 0.0025
5, 0.9500000000000001, 31, 0.2, 12472, 0.0025
5, 0.9500000000000001, 31, 0.2, 12473, 0.0025
5, 0.9500000000000001, 31, 0.2, 12576, 0.0025
5, 0.9500000000000001, 31, 0.2, 12577, 0.0025
5, 0.9500000000000001, 31, 0.2, 12578, 0.0025
5, 0.9500000000000001, 31, 0.2, 12579, 0.0025
5, 0.9500000000000001, 31, 0.2, 12580, 0.0025
5, 0.9500000000000001, 31, 0.2, 12582, 0.0025
5, 0.9500000000000001, 31, 0.2, 12583, 0.0025
5, 0.9500000000000001, 31, 0.2, 12584, 0.0025
5, 0.9500000000000001, 31, 0.2, 12682, 0.0025
5, 0.9500000000000001, 31, 0.2, 12683, 0.0025
5, 0.9500000000000001, 31, 0.2, 12684, 0.0025
5, 0.9500000000000001, 31, 0.2, 12685, 0.0025
5, 0.9500000000000001, 31, 0.2, 12686, 0.0025
5, 0.9500000000000001, 31, 0.2, 12688, 0.0025
5, 0.9500000000000001, 31, 0.2, 12689, 0.0025
5, 0.9500000000000001, 31, 0.2, 12690, 0.0025
5, 0.9500000000000001, 31, 0.2, 12786, 0.0025
5, 0.9500000000000001, 31, 0.2, 12787, 0.0025
5, 0.9500000000000001, 31, 0.2, 12788, 0.0025
5, 0.9500000000000001, 31, 0.2, 12789, 0.0025
5, 0.9500000000000001, 31, 0.2, 12792, 0.0025
5, 0.9500000000000001, 31, 0.2, 12793, 0.0025
5, 0.9500000000000001, 31, 0.2, 12893, 0.0025
5, 0.9500000000000001, 31, 0.2, 12894, 0.0025
5, 0.9500000000000001, 31, 0.2, 12895, 0.0025
5, 0.9500000000000001, 31, 0.2, 12897, 0.0025
5, 0.9500000000000001, 31, 0.2, 12898, 0.0025
5, 0.9500000000000001, 31, 0.2, 12998, 0.0025
5, 0.9500000000000001, 31, 0.2, 12999, 0.0025
5, 0.9500000000000001, 31, 0.2, 13002, 0.0025
5, 0.9500000000000001, 31, 0.2, 13110, 0.0025
5, 0.9500000000000001, 31, 0.2, 13112, 0.0025
5, 0.9500000000000001, 31, 0.2, 13221, 0.0025
5, 0.9500000000000001, 41, 0.2, 16651, 0.0025
5, 0.9500000000000001, 41, 0.2, 16653, 0.0025
5, 0.9500000000000001, 41, 0.2, 16754, 0.0025
5, 0.9500000000000001, 41, 0.2, 16755, 0.0025
5, 0.9500000000000001, 41, 0.2, 16870, 0.0025
5, 0.9500000000000001, 41, 0.2, 16876, 0.0025
5, 0.9500000000000001, 41, 0.2, 16877, 0.0025
5, 0.9500000000000001, 41, 0.2, 16986, 0.0025
5, 0.9500000000000001, 41, 0.2, 16987, 0.0025
5, 0.9500000000000001, 41, 0.2, 17087, 0.0025
5, 0.9500000000000001, 41, 0.2, 17091, 0.0025
5, 0.9500000000000001, 41, 0.2, 17092, 0.0025
5, 0.9500000000000001, 41, 0.2, 17093, 0.0025
5, 0.9500000000000001, 41, 0.2, 17094, 0.0025
5, 0.9500000000000001, 41, 0.2, 17095, 0.0025
5, 0.9500000000000001, 41, 0.2, 17190, 0.0025
5, 0.9500000000000001, 41, 0.2, 17197, 0.0025
5, 0.9500000000000001, 41, 0.2, 17198, 0.0025
5, 0.9500000000000001, 41, 0.2, 17200, 0.0025
5, 0.9500000000000001, 41, 0.2, 17293, 0.0025
5, 0.9500000000000001, 41, 0.2, 17295, 0.0025
5, 0.9500000000000001, 41, 0.2, 17299, 0.0025
5, 0.9500000000000001, 41, 0.2, 17301, 0.0025
5, 0.9500000000000001, 41, 0.2, 17303, 0.0025
5, 0.9500000000000001, 41, 0.2, 17395, 0.0025
5, 0.9500000000000001, 41, 0.2, 17401, 0.0025
5, 0.9500000000000001, 41, 0.2, 17402, 0.0025
5, 0.9500000000000001, 41, 0.2, 17404, 0.0025
5, 0.9500000000000001, 41, 0.2, 17405, 0.0025
5, 0.9500000000000001, 41, 0.2, 17503, 0.0025
5, 0.9500000000000001, 41, 0.2, 17504, 0.0025
5, 0.9500000000000001, 41, 0.2, 17505, 0.0025
5, 0.9500000000000001, 41, 0.2, 17506, 0.0025
5, 0.9500000000000001, 41, 0.2, 17508, 0.0025
5, 0.9500000000000001, 41, 0.2, 17509, 0.0025
5, 0.9500000000000001, 41, 0.2, 17602, 0.0025
5, 0.9500000000000001, 41, 0.2, 17603, 0.0025
5, 0.9500000000000001, 41, 0.2, 17604, 0.0025
5, 0.9500000000000001, 41, 0.2, 17605, 0.0025
5, 0.9500000000000001, 41, 0.2, 17606, 0.0025
5, 0.9500000000000001, 41, 0.2, 17607, 0.0025
5, 0.9500000000000001, 41, 0.2, 17608, 0.0025
5, 0.9500000000000001, 41, 0.2, 17609, 0.0025
5, 0.9500000000000001, 41, 0.2, 17696, 0.0025
5, 0.9500000000000001, 41, 0.2, 17697, 0.0025
5, 0.9500000000000001, 41, 0.2, 17698, 0.0025
5, 0.9500000000000001, 41, 0.2, 17699, 0.0025
5, 0.9500000000000001, 41, 0.2, 17700, 0.0025
5, 0.9500000000000001, 41, 0.2, 17702, 0.0025
5, 0.9500000000000001, 41, 0.2, 17703, 0.0025
5, 0.9500000000000001, 41, 0.2, 17704, 0.0025
5, 0.9500000000000001, 41, 0.2, 17790, 0.0025
5, 0.9500000000000001, 41, 0.2, 17791, 0.0025
5, 0.9500000000000001, 41, 0.2, 17792, 0.0025
5, 0.9500000000000001, 41, 0.2, 17793, 0.0025
5, 0.9500000000000001, 41, 0.2, 17794, 0.0025
5, 0.9500000000000001, 41, 0.2, 17795, 0.0025
5, 0.9500000000000001, 41, 0.2, 17797, 0.0025
5, 0.9500000000000001, 41, 0.2, 17885, 0.0025
5, 0.9500000000000001, 41, 0.2, 17888, 0.0025
5, 0.9500000000000001, 41, 0.2, 17889, 0.0025
5, 0.9500000000000001, 41, 0.2, 17890, 0.0025
5, 0.9500000000000001, 41, 0.2, 17892, 0.0025
5, 0.9500000000000001, 41, 0.2, 17976, 0.0025
5, 0.9500000000000001, 41, 0.2, 17977, 0.0025
5, 0.9500000000000001, 41, 0.2, 17978, 0.0025
5, 0.9500000000000001, 41, 0.2, 17979, 0.0025
5, 0.9500000000000001, 41, 0.2, 17980, 0.0025
5, 0.9500000000000001, 41, 0.2, 17982, 0.0025
5, 0.9500000000000001, 41, 0.2, 18060, 0.0025
5, 0.9500000000000001, 41, 0.2, 18062, 0.0025
5, 0.9500000000000001, 41, 0.2, 18064, 0.0025
5, 0.9500000000000001, 41, 0.2, 18066, 0.0025
5, 0.9500000000000001, 41, 0.2, 18149, 0.0025
5, 0.9500000000000001, 41, 0.2, 18150, 0.0025
5, 0.9500000000000001, 41, 0.2, 18157, 0.0025
5, 0.9500000000000001, 41, 0.2, 18230, 0.0025
5, 0.9500000000000001, 41, 0.2, 18232, 0.0025
5, 0.9500000000000001, 41, 0.2, 18233, 0.0025
5, 0.9500000000000001, 41, 0.2, 18234, 0.0025
5, 0.9500000000000001, 41, 0.2, 18235, 0.0025
10, 0.05, 1, 0.0325, 1408, 0.0025
10, 0.05, 1, 0.0325, 1409, 0.0025
10, 0.05, 1, 0.0325, 1410, 0.0025
10, 0.05, 1, 0.0325, 1483, 0.0025
10, 0.05, 1, 0.0325, 1484, 0.0025
10, 0.05, 1, 0.0325, 1485, 0.0025
10, 0.05, 1, 0.0325, 1486, 0.0025
10, 0.05, 1, 0.0325, 1560, 0.0025
10, 0.05, 1, 0.0325, 1561, 0.0025
10, 0.05, 1, 0.0325, 1562, 0.0025
10, 0.05, 1, 0.0325, 1563, 0.0025
10, 0.05, 1, 0.0325, 1641, 0.0025
10, 0.05, 1, 0.0325, 1642, 0.0025
10, 0.05, 1, 0.0325, 1724, 0.0025
10, 0.05, 4, 0.0325, 3322, 0.0025
10, 0.05, 4, 0.0325, 3325, 0.0025
10, 0.05, 4, 0.0325, 3326, 0.0025
10, 0.05, 4, 0.0325, 3544, 0.0025
10, 0.05, 4, 0.0325, 3545, 0.0025
10, 0.05, 4, 0.0325, 3651, 0.0025
10, 0.05, 4, 0.0325, 3653, 0.0025
10, 0.05, 4, 0.0325, 3765, 0.0025
10, 0.05, 4, 0.0325, 3767, 0.0025
10, 0.05, 4, 0.0325, 3877, 0.0025
10, 0.05, 4, 0.0325, 3880, 0.0025
10, 0.05, 4, 0.0325, 3992, 0.0025
10, 0.05, 4, 0.0325, 3993, 0.0025
10, 0.05, 4, 0.0325, 3997, 0.0025
10, 0.05, 8, 0.0325, 4440, 0.0025
10, 0.05, 8, 0.0325, 4558, 0.0025
10, 0.05, 8, 0.0325, 4677, 0.0025
10, 0.05, 8, 0.0325, 4678, 0.0025
10, 0.05, 7, 0.0325, 4691, 0.0025
10, 0.05, 8, 0.0325, 4798, 0.0025
10, 0.05, 8, 0.0325, 4799, 0.0025
10, 0.05, 7, 0.0325, 4811, 0.0025
10, 0.05, 8, 0.0325, 4919, 0.0025
10, 0.05, 7, 0.0325, 4931, 0.0025
10, 0.05, 7, 0.0325, 4932, 0.0025
10, 0.05, 8, 0.0325, 5041, 0.0025
10, 0.05, 8, 0.0325, 5042, 0.0025
10, 0.05, 7, 0.0325, 5054, 0.0025
10, 0.05, 8, 0.0325, 5164, 0.0025
10, 0.05, 7, 0.0325, 5175, 0.0025
10, 0.05, 7, 0.0325, 5176, 0.0025
10, 0.05, 7, 0.0325, 5177, 0.0025
10, 0.05, 8, 0.0325, 5287, 0.0025
10, 0.05, 8, 0.0325, 5288, 0.0025
10, 0.05, 7, 0.0325, 5299, 0.0025
10, 0.05, 7, 0.0325, 5300, 0.0025
10, 0.05, 8, 0.0325, 5413, 0.0025
10, 0.05, 7, 0.0325, 5424, 0.0025
10, 0.05, 7, 0.0325, 5425, 0.0025
10, 0.05, 7, 0.0325, 5426, 0.0025
10, 0.05, 9, 0.2, 5452, 0.0025
10, 0.05, 8, 0.0325, 5539, 0.0025
10, 0.05, 7, 0.0325, 5551, 0.0025
10, 0.05, 9, 0.2, 5569, 0.0025
10, 0.05, 9, 0.2, 5570, 0.0025
10, 0.05, 9, 0.2, 5571, 0.0025
10, 0.05, 9, 0.2, 5572, 0.0025
10, 0.05, 9, 0.2, 5573, 0.0025
10, 0.05, 9, 0.2, 5574, 0.0025
10, 0.05, 9, 0.2, 5575, 0.0025
10, 0.05, 9, 0.2, 5576, 0.0025
10, 0.05, 9, 0.2, 5577, 0.0025
10, 0.05, 9, 0.2, 5579, 0.0025
10, 0.05, 16, 0.03500000000000032, 5678, 0.0025
10, 0.05, 14, 0.2, 5692, 0.0025
10, 0.05, 14, 0.2, 5693, 0.0025
10, 0.05, 9, 0.2, 5695, 0.0025
10, 0.05, 9, 0.2, 5696, 0.0025
10, 0.05, 9, 0.2, 5697, 0.0025
10, 0.05, 9, 0.2, 5698, 0.0025
10, 0.05, 9, 0.2, 5699, 0.0025
10, 0.05, 9, 0.2, 5700, 0.0025
10, 0.05, 9, 0.2, 5701, 0.0025
10, 0.05, 9, 0.2, 5702, 0.0025
10, 0.05, 9, 0.2, 5703, 0.0025
10, 0.05, 9, 0.2, 5704, 0.0025
10, 0.05, 9, 0.2, 5705, 0.0025
10, 0.05, 16, 0.03500000000000032, 5806, 0.0025
10, 0.05, 14, 0.2, 5820, 0.0025
10, 0.05, 14, 0.2, 5821, 0.0025
10, 0.05, 9, 0.2, 5822, 0.0025
10, 0.05, 9, 0.2, 5823, 0.0025
10, 0.05, 9, 0.2, 5824, 0.0025
10, 0.05, 9, 0.2, 5825, 0.0025
10, 0.05, 9, 0.2, 5826, 0.0025
10, 0.05, 9, 0.2, 5827, 0.0025
10, 0.05, 9, 0.2, 5828, 0.0025
10, 0.05, 9, 0.2, 5829, 0.0025
10, 0.05, 9, 0.2, 5830, 0.0025
10, 0.05, 9, 0.2, 5831, 0.0025
10, 0.05, 9, 0.2, 5832, 0.0025
10, 0.05, 9, 0.2, 5833, 0.0025
10, 0.05, 16, 0.03500000000000032, 5934, 0.0025
10, 0.05, 14, 0.2, 5946, 0.0025
10, 0.05, 14, 0.2, 5947, 0.0025
10, 0.05, 14, 0.2, 5948, 0.0025
10, 0.05, 14, 0.2, 5949, 0.0025
10, 0.05, 9, 0.2, 5950, 0.0025
10, 0.05, 9, 0.2, 5951, 0.0025
10, 0.05, 9, 0.2, 5952, 0.0025
10, 0.05, 9, 0.2, 5953, 0.0025
10, 0.05, 9, 0.2, 5954, 0.0025
10, 0.05, 9, 0.2, 5955, 0.0025
10, 0.05, 9, 0.2, 5956, 0.0025
10, 0.05, 9, 0.2, 5957, 0.0025
10, 0.05, 9, 0.2, 5958, 0.0025
10, 0.05, 9, 0.2, 5959, 0.0025
10, 0.05, 9, 0.2, 5960, 0.0025
10, 0.05, 9, 0.2, 5961, 0.0025
10, 0.05, 16, 0.03500000000000032, 6063, 0.0025
10, 0.05, 14, 0.2, 6075, 0.0025
10, 0.05, 14, 0.2, 6076, 0.0025
10, 0.05, 14, 0.2, 6077, 0.0025
10, 0.05, 14, 0.2, 6078, 0.0025
10, 0.05, 9, 0.2, 6079, 0.0025
10, 0.05, 9, 0.2, 6080, 0.0025
10, 0.05, 9, 0.2, 6081, 0.0025
10, 0.05, 9, 0.2, 6082, 0.0025
10, 0.05, 9, 0.2, 6083, 0.0025
10, 0.05, 9, 0.2, 6084, 0.0025
10, 0.05, 9, 0.2, 6085, 0.0025
10, 0.05, 9, 0.2, 6086, 0.0025
10, 0.05, 9, 0.2, 6087, 0.0025
10, 0.05, 9, 0.2, 6088, 0.0025
10, 0.05, 9, 0.2, 6089, 0.0025
10, 0.05, 9, 0.2, 6090, 0.0025
10, 0.05, 18, 0.2, 6093, 0.0025
10, 0.05, 16, 0.03500000000000032, 6192, 0.0025
10, 0.05, 14, 0.2, 6202, 0.0025
10, 0.05, 14, 0.2, 6203, 0.0025
10, 0.05, 14, 0.2, 6204, 0.0025
10, 0.05, 14, 0.2, 6205, 0.0025
10, 0.05, 14, 0.2, 6206, 0.0025
10, 0.05, 14, 0.2, 6207, 0.0025
10, 0.05, 9, 0.2, 6209, 0.0025
10, 0.05, 9, 0.2, 6210, 0.0025
10, 0.05, 9, 0.2, 6211, 0.0025
10, 0.05, 9, 0.2, 6212, 0.0025
10, 0.05, 9, 0.2, 6213, 0.0025
10, 0.05, 9, 0.2, 6214, 0.0025
10, 0.05, 9, 0.2, 6215, 0.0025
10, 0.05, 9, 0.2, 6216, 0.0025
10, 0.05, 9, 0.2, 6217, 0.0025
10, 0.05, 9, 0.2, 6218, 0.0025
10, 0.05, 18, 0.2, 6219, 0.0025
10, 0.05, 18, 0.2, 6220, 0.0025
10, 0.05, 18, 0.2, 6221, 0.0025
10, 0.05, 18, 0.2, 6222, 0.0025
10, 0.05, 18, 0.2, 6223, 0.0025
10, 0.05, 16, 0.03500000000000032, 6323, 0.0025
10, 0.05, 14, 0.2, 6333, 0.0025
10, 0.05, 14, 0.2, 6334, 0.0025
10, 0.05, 14, 0.2, 6335, 0.0025
10, 0.05, 14, 0.2, 6336, 0.0025
10, 0.05, 14, 0.2, 6337, 0.0025
10, 0.05, 14, 0.2, 6338, 0.0025
10, 0.05, 9, 0.2, 6342, 0.0025
10, 0.05, 9, 0.2, 6343, 0.0025
10, 0.05, 9, 0.2, 6344, 0.0025
10, 0.05, 9, 0.2, 6345, 0.0025
10, 0.05, 9, 0.2, 6346, 0.0025
10, 0.05, 9, 0.2, 6347, 0.0025
10, 0.05, 9, 0.2, 6348, 0.0025
10, 0.05, 9, 0.2, 6349, 0.0025
10, 0.05, 18, 0.2, 6350, 0.0025
10, 0.05, 18, 0.2, 6351, 0.0025
10, 0.05, 18, 0.2, 6352, 0.0025
10, 0.05, 18, 0.2, 6353, 0.0025
10, 0.05, 18, 0.2, 6354, 0.0025
10, 0.05, 18, 0.2, 6355, 0.0025
10, 0.05, 16, 0.03500000000000032, 6454, 0.0025
10, 0.05, 14, 0.2, 6463, 0.0025
10, 0.05, 14, 0.2, 6464, 0.0025
10, 0.05, 14, 0.2, 6465, 0.0025
10, 0.05, 14, 0.2, 6466, 0.0025
10, 0.05, 14, 0.2, 6467, 0.0025
10, 0.05, 14, 0.2, 6468, 0.0025
10, 0.05, 14, 0.2, 6469, 0.0025
10, 0.05, 19, 0.2, 6472, 0.0025
10, 0.05, 19, 0.2, 6473, 0.0025
10, 0.05, 19, 0.2, 6474, 0.0025
10, 0.05, 19, 0.2, 6475, 0.0025
10, 0.05, 9, 0.2, 6476, 0.0025
10, 0.05, 9, 0.2, 6477, 0.0025
10, 0.05, 9, 0.2, 6478, 0.0025
10, 0.05, 9, 0.2, 6479, 0.0025
10, 0.05, 18, 0.2, 6480, 0.0025
10, 0.05, 18, 0.2, 6481, 0.0025
10, 0.05, 18, 0.2, 6482, 0.0025
10, 0.05, 18, 0.2, 6483, 0.0025
10, 0.05, 18, 0.2, 6484, 0.0025
10, 0.05, 18, 0.2, 6485, 0.0025
10, 0.05, 18, 0.2, 6486, 0.0025
10, 0.05, 18, 0.2, 6487, 0.0025
10, 0.05, 16, 0.03500000000000032, 6586, 0.0025
10, 0.05, 14, 0.2, 6595, 0.0025
10, 0.05, 14, 0.2, 6596, 0.0025
10, 0.05, 14, 0.2, 6597, 0.0025
10, 0.05, 14, 0.2, 6598, 0.0025
10, 0.05, 14, 0.2, 6599, 0.0025
10, 0.05, 14, 0.2, 6600, 0.0025
10, 0.05, 14, 0.2, 6601, 0.0025
10, 0.05, 19, 0.2, 6603, 0.0025
10, 0.05, 19, 0.2, 6604, 0.0025
10, 0.05, 19, 0.2, 6605, 0.0025
10, 0.05, 19, 0.2, 6606, 0.0025
10, 0.05, 19, 0.2, 6607, 0.0025
10, 0.05, 19, 0.2, 6608, 0.0025
10, 0.05, 19, 0.2, 6609, 0.0025
10, 0.05, 9, 0.2, 6611, 0.0025
10, 0.05, 18, 0.2, 6612, 0.0025
10, 0.05, 18, 0.2, 6613, 0.0025
10, 0.05, 18, 0.2, 6614, 0.0025
10, 0.05, 18, 0.2, 6615, 0.0025
10, 0.05, 18, 0.2, 6616, 0.0025
10, 0.05, 18, 0.2, 6617, 0.0025
10, 0.05, 18, 0.2, 6618, 0.0025
10, 0.05, 18, 0.2, 6619, 0.0025
10, 0.05, 16, 0.03500000000000032, 6719, 0.0025
10, 0.05, 14, 0.2, 6727, 0.0025
10, 0.05, 14, 0.2, 6728, 0.0025
10, 0.05, 14, 0.2, 6729, 0.0025
10, 0.05, 14, 0.2, 6730, 0.0025
10, 0.05, 14, 0.2, 6731, 0.0025
10, 0.05, 14, 0.2, 6732, 0.0025
10, 0.05, 14, 0.2, 6733, 0.0025
10, 0.05, 14, 0.2, 6734, 0.0025
10, 0.05, 19, 0.2, 6736, 0.0025
10, 0.05, 19, 0.2, 6737, 0.0025
10, 0.05, 19, 0.2, 6738, 0.0025
10, 0.05, 19, 0.2, 6739, 0.0025
10, 0.05, 19, 0.2, 6740, 0.0025
10, 0.05, 19, 0.2, 6741, 0.0025
10, 0.05, 19, 0.2, 6742, 0.0025
10, 0.05, 18, 0.2, 6745, 0.0025
10, 0.05, 18, 0.2, 6746, 0.0025
10, 0.05, 18, 0.2, 6747, 0.0025
10, 0.05, 18, 0.2, 6748, 0.0025
10, 0.05, 18, 0.2, 6749, 0.0025
10, 0.05, 18, 0.2, 6750, 0.0025
10, 0.05, 18, 0.2, 6751, 0.0025
10, 0.05, 18, 0.2, 6752, 0.0025
10, 0.05, 16, 0.03500000000000032, 6852, 0.0025
10, 0.05, 14, 0.2, 6861, 0.0025
10, 0.05, 14, 0.2, 6862, 0.0025
10, 0.05, 14, 0.2, 6863, 0.0025
10, 0.05, 14, 0.2, 6864, 0.0025
10, 0.05, 14, 0.2, 6865, 0.0025
10, 0.05, 14, 0.2, 6866, 0.0025
10, 0.05, 14, 0.2, 6867, 0.0025
10, 0.05, 19, 0.2, 6869, 0.0025
10, 0.05, 19, 0.2, 6870, 0.0025
10, 0.05, 19, 0.2, 6871, 0.0025
10, 0.05, 19, 0.2, 6872, 0.0025
10, 0.05, 19, 0.2, 6873, 0.0025
10, 0.05, 19, 0.2, 6874, 0.0025
10, 0.05, 19, 0.2, 6875, 0.0025
10, 0.05, 19, 0.2, 6876, 0.0025
10, 0.05, 18, 0.2, 6878, 0.0025
10, 0.05, 18, 0.2, 6879, 0.0025
10, 0.05, 18, 0.2, 6880, 0.0025
10, 0.05, 18, 0.2, 6881, 0.0025
10, 0.05, 16, 0.03500000000000032, 6985, 0.0025
10, 0.05, 16, 0.03500000000000032, 6986, 0.0025
10, 0.05, 14, 0.2, 6994, 0.0025
10, 0.05, 14, 0.2, 6995, 0.0025
10, 0.05, 14, 0.2, 6996, 0.0025
10, 0.05, 14, 0.2, 6997, 0.0025
10, 0.05, 14, 0.2, 6998, 0.0025
10, 0.05, 14, 0.2, 6999, 0.0025
10, 0.05, 14, 0.2, 7000, 0.0025
10, 0.05, 19, 0.2, 7003, 0.0025
10, 0.05, 19, 0.2, 7004, 0.0025
10, 0.05, 19, 0.2, 7005, 0.0025
10, 0.05, 19, 0.2, 7006, 0.0025
10, 0.05, 19, 0.2, 7007, 0.0025
10, 0.05, 19, 0.2, 7008, 0.0025
10, 0.05, 19, 0.2, 7009, 0.0025
10, 0.05, 19, 0.2, 7010, 0.0025
10, 0.05, 18, 0.2, 7012, 0.0025
10, 0.05, 18, 0.2, 7013, 0.0025
10, 0.05, 18, 0.2, 7014, 0.0025
10, 0.05, 18, 0.2, 7015, 0.0025
10, 0.05, 16, 0.03500000000000032, 7119, 0.0025
10, 0.05, 16, 0.03500000000000032, 7120, 0.0025
10, 0.05, 14, 0.2, 7129, 0.0025
10, 0.05, 14, 0.2, 7130, 0.0025
10, 0.05, 14, 0.2, 7131, 0.0025
10, 0.05, 14, 0.2, 7132, 0.0025
10, 0.05, 14, 0.2, 7133, 0.0025
10, 0.05, 14, 0.2, 7134, 0.0025
10, 0.05, 19, 0.2, 7136, 0.0025
10, 0.05, 19, 0.2, 7137, 0.0025
10, 0.05, 19, 0.2, 7138, 0.0025
10, 0.05, 19, 0.2, 7139, 0.0025
10, 0.05, 19, 0.2, 7140, 0.0025
10, 0.05, 19, 0.2, 7141, 0.0025
10, 0.05, 19, 0.2, 7142, 0.0025
10, 0.05, 19, 0.2, 7143, 0.0025
10, 0.05, 19, 0.2, 7144, 0.0025
10, 0.05, 18, 0.2, 7146, 0.0025
10, 0.05, 18, 0.2, 7147, 0.0025
10, 0.05, 18, 0.2, 7148, 0.0025
10, 0.05, 18, 0.2, 7149, 0.0025
10, 0.05, 18, 0.2, 7150, 0.0025
10, 0.05, 16, 0.03500000000000032, 7256, 0.0025
10, 0.05, 14, 0.2, 7267, 0.0025
10, 0.05, 14, 0.2, 7269, 0.0025
10, 0.05, 14, 0.2, 7270, 0.0025
10, 0.05, 19, 0.2, 7271, 0.0025
10, 0.05, 19, 0.2, 7272, 0.0025
10, 0.05, 19, 0.2, 7273, 0.0025
10, 0.05, 19, 0.2, 7274, 0.0025
10, 0.05, 19, 0.2, 7275, 0.0025
10, 0.05, 19, 0.2, 7276, 0.0025
10, 0.05, 19, 0.2, 7277, 0.0025
10, 0.05, 19, 0.2, 7278, 0.0025
10, 0.05, 19, 0.2, 7279, 0.0025
10, 0.05, 19, 0.2, 7280, 0.0025
10, 0.05, 19, 0.2, 7281, 0.0025
10, 0.05, 18, 0.2, 7282, 0.0025
10, 0.05, 18, 0.2, 7283, 0.0025
10, 0.05, 18, 0.2, 7284, 0.0025
10, 0.05, 18, 0.2, 7285, 0.0025
10, 0.05, 18, 0.2, 7286, 0.0025
10, 0.05, 14, 0.2, 7404, 0.0025
10, 0.05, 19, 0.2, 7407, 0.0025
10, 0.05, 19, 0.2, 7408, 0.0025
10, 0.05, 19, 0.2, 7409, 0.0025
10, 0.05, 19, 0.2, 7410, 0.0025
10, 0.05, 19, 0.2, 7411, 0.0025
10, 0.05, 19, 0.2, 7412, 0.0025
10, 0.05, 19, 0.2, 7413, 0.0025
10, 0.05, 19, 0.2, 7414, 0.0025
10, 0.05, 19, 0.2, 7415, 0.0025
10, 0.05, 19, 0.2, 7416, 0.0025
10, 0.05, 18, 0.2, 7418, 0.0025
10, 0.05, 18, 0.2, 7419, 0.0025
10, 0.05, 18, 0.2, 7420, 0.0025
10, 0.05, 18, 0.2, 7421, 0.0025
10, 0.05, 18, 0.2, 7422, 0.0025
10, 0.05, 14, 0.2, 7538, 0.0025
10, 0.05, 14, 0.2, 7539, 0.0025
10, 0.05, 14, 0.2, 7540, 0.0025
10, 0.05, 14, 0.2, 7541, 0.0025
10, 0.05, 14, 0.2, 7542, 0.0025
10, 0.05, 14, 0.2, 7543, 0.0025
10, 0.05, 19, 0.2, 7545, 0.0025
10, 0.05, 19, 0.2, 7546, 0.0025
10, 0.05, 19, 0.2, 7547, 0.0025
10, 0.05, 19, 0.2, 7548, 0.0025
10, 0.05, 19, 0.2, 7549, 0.0025
10, 0.05, 19, 0.2, 7550, 0.0025
10, 0.05, 19, 0.2, 7551, 0.0025
10, 0.05, 19, 0.2, 7552, 0.0025
10, 0.05, 19, 0.2, 7553, 0.0025
10, 0.05, 18, 0.2, 7555, 0.0025
10, 0.05, 18, 0.2, 7556, 0.0025
10, 0.05, 18, 0.2, 7557, 0.0025
10, 0.05, 18, 0.2, 7558, 0.0025
10, 0.05, 18, 0.2, 7559, 0.0025
10, 0.05, 14, 0.2, 7677, 0.0025
10, 0.05, 14, 0.2, 7678, 0.0025
10, 0.05, 14, 0.2, 7679, 0.0025
10, 0.05, 14, 0.2, 7680, 0.0025
10, 0.05, 14, 0.2, 7681, 0.0025
10, 0.05, 19, 0.2, 7684, 0.0025
10, 0.05, 19, 0.2, 7685, 0.0025
10, 0.05, 19, 0.2, 7686, 0.0025
10, 0.05, 19, 0.2, 7687, 0.0025
10, 0.05, 19, 0.2, 7688, 0.0025
10, 0.05, 19, 0.2, 7689, 0.0025
10, 0.05, 19, 0.2, 7690, 0.0025
10, 0.05, 18, 0.2, 7693, 0.0025
10, 0.05, 18, 0.2, 7694, 0.0025
10, 0.05, 18, 0.2, 7695, 0.0025
10, 0.05, 18, 0.2, 7696, 0.0025
10, 0.05, 19, 0.2, 7824, 0.0025
10, 0.05, 18, 0.2, 7832, 0.0025
10, 0.05, 18, 0.2, 7833, 0.0025
10, 0.05, 18, 0.2, 7834, 0.0025
10, 0.05, 18, 0.2, 7835, 0.0025
10, 0.05, 18, 0.2, 7971, 0.0025
10, 0.05, 18, 0.2, 7972, 0.0025
10, 0.05, 18, 0.2, 7973, 0.0025
10, 0.05, 18, 0.2, 7974, 0.0025
10, 0.05, 18, 0.2, 8111, 0.0025
10, 0.05, 18, 0.2, 8112, 0.0025
10, 0.05, 18, 0.2, 8113, 0.0025
10, 0.05, 18, 0.2, 8252, 0.0025
10, 0.05, 18, 0.2, 8253, 0.0025
10, 0.05, 25, 0.03500000000000003, 9428, 0.0025
10, 0.05, 25, 0.03500000000000003, 9577, 0.0025
10, 0.05, 25, 0.03500000000000003, 9578, 0.0025
10, 0.05, 25, 0.03500000000000003, 9717, 0.0025
10, 0.05, 25, 0.03500000000000003, 9718, 0.0025
10, 0.05, 25, 0.03500000000000003, 9719, 0.0025
10, 0.05, 25, 0.03500000000000003, 9720, 0.0025
10, 0.05, 25, 0.03500000000000003, 9847, 0.0025
10, 0.05, 25, 0.03500000000000003, 9849, 0.0025
10, 0.05, 25, 0.03500000000000003, 9850, 0.0025
10, 0.05, 25, 0.03500000000000003, 9975, 0.0025
10, 0.05, 25, 0.03500000000000003, 10090, 0.0025
10, 0.05, 25, 0.03500000000000003, 10203, 0.0025
10, 0.05, 25, 0.03500000000000003, 10204, 0.0025
10, 0.05, 25, 0.03500000000000003, 10205, 0.0025
10, 0.1, 1, 0.0325, 1408, 0.0025
10, 0.1, 1, 0.0325, 1409, 0.0025
10, 0.1, 1, 0.0325, 1410, 0.0025
10, 0.1, 1, 0.0325, 1483, 0.0025
10, 0.1, 1, 0.0325, 1484, 0.0025
10, 0.1, 1, 0.0325, 1485, 0.0025
10, 0.1, 1, 0.0325, 1486, 0.0025
10, 0.1, 1, 0.0325, 1560, 0.0025
10, 0.1, 1, 0.0325, 1561, 0.0025
10, 0.1, 1, 0.0325, 1562, 0.0025
10, 0.1, 1, 0.0325, 1563, 0.0025
10, 0.1, 1, 0.0325, 1641, 0.0025
10, 0.1, 1, 0.0325, 1642, 0.0025
10, 0.1, 1, 0.0325, 1724, 0.0025
10, 0.1, 4, 0.0325, 3322, 0.0025
10, 0.1, 4, 0.0325, 3325, 0.0025
10, 0.1, 4, 0.0325, 3326, 0.0025
10, 0.1, 4, 0.0325, 3544, 0.0025
10, 0.1, 4, 0.0325, 3545, 0.0025
10, 0.1, 4, 0.0325, 3651, 0.0025
10, 0.1, 4, 0.0325, 3653, 0.0025
10, 0.1, 4, 0.0325, 3765, 0.0025
10, 0.1, 4, 0.0325, 3767, 0.0025
10, 0.1, 4, 0.0325, 3877, 0.0025
10, 0.1, 4, 0.0325, 3880, 0.0025
10, 0.1, 4, 0.0325, 3992, 0.0025
10, 0.1, 4, 0.0325, 3993, 0.0025
10, 0.1, 4, 0.0325, 3997, 0.0025
10, 0.1, 7, 0.0325, 4691, 0.0025
10, 0.1, 7, 0.0325, 4811, 0.0025
10, 0.1, 7, 0.0325, 4931, 0.0025
10, 0.1, 7, 0.0325, 4932, 0.0025
10, 0.1, 7, 0.0325, 5054, 0.0025
10, 0.1, 7, 0.0325, 5175, 0.0025
10, 0.1, 7, 0.0325, 5176, 0.0025
10, 0.1, 7, 0.0325, 5177, 0.0025
10, 0.1, 7, 0.0325, 5299, 0.0025
10, 0.1, 7, 0.0325, 5300, 0.0025
10, 0.1, 7, 0.0325, 5424, 0.0025
10, 0.1, 7, 0.0325, 5425, 0.0025
10, 0.1, 7, 0.0325, 5426, 0.0025
10, 0.1, 9, 0.2, 5452, 0.0025
10, 0.1, 7, 0.0325, 5551, 0.0025
10, 0.1, 9, 0.2, 5569, 0.0025
10, 0.1, 9, 0.2, 5570, 0.0025
10, 0.1, 9, 0.2, 5571, 0.0025
10, 0.1, 9, 0.2, 5572, 0.0025
10, 0.1, 9, 0.2, 5573, 0.0025
10, 0.1, 9, 0.2, 5574, 0.0025
10, 0.1, 9, 0.2, 5575, 0.0025
10, 0.1, 9, 0.2, 5576, 0.0025
10, 0.1, 9, 0.2, 5577, 0.0025
10, 0.1, 9, 0.2, 5579, 0.0025
10, 0.1, 16, 0.0325, 5678, 0.0025
10, 0.1, 9, 0.2, 5695, 0.0025
10, 0.1, 9, 0.2, 5696, 0.0025
10, 0.1, 9, 0.2, 5697, 0.0025
10, 0.1, 9, 0.2, 5698, 0.0025
10, 0.1, 9, 0.2, 5699, 0.0025
10, 0.1, 9, 0.2, 5700, 0.0025
10, 0.1, 9, 0.2, 5701, 0.0025
10, 0.1, 9, 0.2, 5702, 0.0025
10, 0.1, 9, 0.2, 5703, 0.0025
10, 0.1, 9, 0.2, 5704, 0.0025
10, 0.1, 9, 0.2, 5705, 0.0025
10, 0.1, 16, 0.0325, 5806, 0.0025
10, 0.1, 9, 0.2, 5822, 0.0025
10, 0.1, 9, 0.2, 5823, 0.0025
10, 0.1, 9, 0.2, 5824, 0.0025
10, 0.1, 9, 0.2, 5825, 0.0025
10, 0.1, 9, 0.2, 5826, 0.0025
10, 0.1, 9, 0.2, 5827, 0.0025
10, 0.1, 9, 0.2, 5828, 0.0025
10, 0.1, 9, 0.2, 5829, 0.0025
10, 0.1, 9, 0.2, 5830, 0.0025
10, 0.1, 9, 0.2, 5831, 0.0025
10, 0.1, 9, 0.2, 5832, 0.0025
10, 0.1, 9, 0.2, 5833, 0.0025
10, 0.1, 16, 0.0325, 5934, 0.0025
10, 0.1, 14, 0.1275000000000097, 5949, 0.0025
10, 0.1, 9, 0.2, 5950, 0.0025
10, 0.1, 9, 0.2, 5951, 0.0025
10, 0.1, 9, 0.2, 5952, 0.0025
10, 0.1, 9, 0.2, 5953, 0.0025
10, 0.1, 9, 0.2, 5954, 0.0025
10, 0.1, 9, 0.2, 5955, 0.0025
10, 0.1, 9, 0.2, 5956, 0.0025
10, 0.1, 9, 0.2, 5957, 0.0025
10, 0.1, 9, 0.2, 5958, 0.0025
10, 0.1, 9, 0.2, 5959, 0.0025
10, 0.1, 9, 0.2, 5960, 0.0025
10, 0.1, 9, 0.2, 5961, 0.0025
10, 0.1, 16, 0.0325, 6063, 0.0025
10, 0.1, 14, 0.1275000000000097, 6077, 0.0025
10, 0.1, 14, 0.1275000000000097, 6078, 0.0025
10, 0.1, 9, 0.2, 6079, 0.0025
10, 0.1, 9, 0.2, 6080, 0.0025
10, 0.1, 9, 0.2, 6081, 0.0025
10, 0.1, 9, 0.2, 6082, 0.0025
10, 0.1, 9, 0.2, 6083, 0.0025
10, 0.1, 9, 0.2, 6084, 0.0025
10, 0.1, 9, 0.2, 6085, 0.0025
10, 0.1, 9, 0.2, 6086, 0.0025
10, 0.1, 9, 0.2, 6087, 0.0025
10, 0.1, 9, 0.2, 6088, 0.0025
10, 0.1, 9, 0.2, 6089, 0.0025
10, 0.1, 9, 0.2, 6090, 0.0025
10, 0.1, 18, 0.2, 6093, 0.0025
10, 0.1, 16, 0.0325, 6192, 0.0025
10, 0.1, 14, 0.1275000000000097, 6205, 0.0025
10, 0.1, 14, 0.1275000000000097, 6206, 0.0025
10, 0.1, 14, 0.1275000000000097, 6207, 0.0025
10, 0.1, 9, 0.2, 6209, 0.0025
10, 0.1, 9, 0.2, 6210, 0.0025
10, 0.1, 9, 0.2, 6211, 0.0025
10, 0.1, 9, 0.2, 6212, 0.0025
10, 0.1, 9, 0.2, 6213, 0.0025
10, 0.1, 9, 0.2, 6214, 0.0025
10, 0.1, 9, 0.2, 6215, 0.0025
10, 0.1, 9, 0.2, 6216, 0.0025
10, 0.1, 9, 0.2, 6217, 0.0025
10, 0.1, 9, 0.2, 6218, 0.0025
10, 0.1, 18, 0.2, 6219, 0.0025
10, 0.1, 18, 0.2, 6220, 0.0025
10, 0.1, 18, 0.2, 6221, 0.0025
10, 0.1, 18, 0.2, 6222, 0.0025
10, 0.1, 18, 0.2, 6223, 0.0025
10, 0.1, 16, 0.0325, 6323, 0.0025
10, 0.1, 14, 0.1275000000000097, 6336, 0.0025
10, 0.1, 14, 0.1275000000000097, 6337, 0.0025
10, 0.1, 14, 0.1275000000000097, 6338, 0.0025
10, 0.1, 9, 0.2, 6342, 0.0025
10, 0.1, 9, 0.2, 6343, 0.0025
10, 0.1, 9, 0.2, 6344, 0.0025
10, 0.1, 9, 0.2, 6345, 0.0025
10, 0.1, 9, 0.2, 6346, 0.0025
10, 0.1, 9, 0.2, 6347, 0.0025
10, 0.1, 9, 0.2, 6348, 0.0025
10, 0.1, 9, 0.2, 6349, 0.0025
10, 0.1, 18, 0.2, 6350, 0.0025
10, 0.1, 18, 0.2, 6351, 0.0025
10, 0.1, 18, 0.2, 6352, 0.0025
10, 0.1, 18, 0.2, 6353, 0.0025
10, 0.1, 18, 0.2, 6354, 0.0025
10, 0.1, 18, 0.2, 6355, 0.0025
10, 0.1, 16, 0.0325, 6454, 0.0025
10, 0.1, 14, 0.1275000000000097, 6465, 0.0025
10, 0.1, 14, 0.1275000000000097, 6466, 0.0025
10, 0.1, 14, 0.1275000000000097, 6467, 0.0025
10, 0.1, 14, 0.1275000000000097, 6468, 0.0025
10, 0.1, 14, 0.1275000000000097, 6469, 0.0025
10, 0.1, 19, 0.2, 6472, 0.0025
10, 0.1, 19, 0.2, 6473, 0.0025
10, 0.1, 19, 0.2, 6474, 0.0025
10, 0.1, 19, 0.2, 6475, 0.0025
10, 0.1, 9, 0.2, 6476, 0.0025
10, 0.1, 9, 0.2, 6477, 0.0025
10, 0.1, 9, 0.2, 6478, 0.0025
10, 0.1, 9, 0.2, 6479, 0.0025
10, 0.1, 18, 0.2, 6480, 0.0025
10, 0.1, 18, 0.2, 6481, 0.0025
10, 0.1, 18, 0.2, 6482, 0.0025
10, 0.1, 18, 0.2, 6483, 0.0025
10, 0.1, 18, 0.2, 6484, 0.0025
10, 0.1, 18, 0.2, 6485, 0.0025
10, 0.1, 18, 0.2, 6486, 0.0025
10, 0.1, 18, 0.2, 6487, 0.0025
10, 0.1, 16, 0.0325, 6586, 0.0025
10, 0.1, 14, 0.1275000000000097, 6597, 0.0025
10, 0.1, 14, 0.1275000000000097, 6598, 0.0025
10, 0.1, 14, 0.1275000000000097, 6599, 0.0025
10, 0.1, 14, 0.1275000000000097, 6600, 0.0025
10, 0.1, 14, 0.1275000000000097, 6601, 0.0025
10, 0.1, 19, 0.2, 6603, 0.0025
10, 0.1, 19, 0.2, 6604, 0.0025
10, 0.1, 19, 0.2, 6605, 0.0025
10, 0.1, 19, 0.2, 6606, 0.0025
10, 0.1, 19, 0.2, 6607, 0.0025
10, 0.1, 19, 0.2, 6608, 0.0025
10, 0.1, 19, 0.2, 6609, 0.0025
10, 0.1, 9, 0.2, 6611, 0.0025
10, 0.1, 18, 0.2, 6612, 0.0025
10, 0.1, 18, 0.2, 6613, 0.0025
10, 0.1, 18, 0.2, 6614, 0.0025
10, 0.1, 18, 0.2, 6615, 0.0025
10, 0.1, 18, 0.2, 6616, 0.0025
10, 0.1, 18, 0.2, 6617, 0.0025
10, 0.1, 18, 0.2, 6618, 0.0025
10, 0.1, 18, 0.2, 6619, 0.0025
10, 0.1, 16, 0.0325, 6719, 0.0025
10, 0.1, 14, 0.1275000000000097, 6729, 0.0025
10, 0.1, 14, 0.1275000000000097, 6730, 0.0025
10, 0.1, 14, 0.1275000000000097, 6731, 0.0025
10, 0.1, 14, 0.1275000000000097, 6732, 0.0025
10, 0.1, 14, 0.1275000000000097, 6733, 0.0025
10, 0.1, 14, 0.1275000000000097, 6734, 0.0025
10, 0.1, 19, 0.2, 6736, 0.0025
10, 0.1, 19, 0.2, 6737, 0.0025
10, 0.1, 19, 0.2, 6738, 0.0025
10, 0.1, 19, 0.2, 6739, 0.0025
10, 0.1, 19, 0.2, 6740, 0.0025
10, 0.1, 19, 0.2, 6741, 0.0025
10, 0.1, 19, 0.2, 6742, 0.0025
10, 0.1, 18, 0.2, 6745, 0.0025
10, 0.1, 18, 0.2, 6746, 0.0025
10, 0.1, 18, 0.2, 6747, 0.0025
10, 0.1, 18, 0.2, 6748, 0.0025
10, 0.1, 18, 0.2, 6749, 0.0025
10, 0.1, 18, 0.2, 6750, 0.0025
10, 0.1, 18, 0.2, 6751, 0.0025
10, 0.1, 18, 0.2, 6752, 0.0025
10, 0.1, 16, 0.0325, 6852, 0.0025
10, 0.1, 14, 0.1275000000000097, 6862, 0.0025
10, 0.1, 14, 0.1275000000000097, 6863, 0.0025
10, 0.1, 14, 0.1275000000000097, 6864, 0.0025
10, 0.1, 14, 0.1275000000000097, 6865, 0.0025
10, 0.1, 14, 0.1275000000000097, 6866, 0.0025
10, 0.1, 14, 0.1275000000000097, 6867, 0.0025
10, 0.1, 19, 0.2, 6869, 0.0025
10, 0.1, 19, 0.2, 6870, 0.0025
10, 0.1, 19, 0.2, 6871, 0.0025
10, 0.1, 19, 0.2, 6872, 0.0025
10, 0.1, 19, 0.2, 6873, 0.0025
10, 0.1, 19, 0.2, 6874, 0.0025
10, 0.1, 19, 0.2, 6875, 0.0025
10, 0.1, 19, 0.2, 6876, 0.0025
10, 0.1, 18, 0.2, 6878, 0.0025
10, 0.1, 18, 0.2, 6879, 0.0025
10, 0.1, 18, 0.2, 6880, 0.0025
10, 0.1, 18, 0.2, 6881, 0.0025
10, 0.1, 16, 0.0325, 6986, 0.0025
10, 0.1, 14, 0.1275000000000097, 6996, 0.0025
10, 0.1, 14, 0.1275000000000097, 6997, 0.0025
10, 0.1, 14, 0.1275000000000097, 6998, 0.0025
10, 0.1, 14, 0.1275000000000097, 6999, 0.0025
10, 0.1, 14, 0.1275000000000097, 7000, 0.0025
10, 0.1, 19, 0.2, 7003, 0.0025
10, 0.1, 19, 0.2, 7004, 0.0025
10, 0.1, 19, 0.2, 7005, 0.0025
10, 0.1, 19, 0.2, 7006, 0.0025
10, 0.1, 19, 0.2, 7007, 0.0025
10, 0.1, 19, 0.2, 7008, 0.0025
10, 0.1, 19, 0.2, 7009, 0.0025
10, 0.1, 19, 0.2, 7010, 0.0025
10, 0.1, 18, 0.2, 7012, 0.0025
10, 0.1, 18, 0.2, 7013, 0.0025
10, 0.1, 18, 0.2, 7014, 0.0025
10, 0.1, 18, 0.2, 7015, 0.0025
10, 0.1, 16, 0.0325, 7119, 0.0025
10, 0.1, 16, 0.0325, 7120, 0.0025
10, 0.1, 14, 0.1275000000000097, 7130, 0.0025
10, 0.1, 14, 0.1275000000000097, 7131, 0.0025
10, 0.1, 14, 0.1275000000000097, 7132, 0.0025
10, 0.1, 14, 0.1275000000000097, 7133, 0.0025
10, 0.1, 14, 0.1275000000000097, 7134, 0.0025
10, 0.1, 19, 0.2, 7136, 0.0025
10, 0.1, 19, 0.2, 7137, 0.0025
10, 0.1, 19, 0.2, 7138, 0.0025
10, 0.1, 19, 0.2, 7139, 0.0025
10, 0.1, 19, 0.2, 7140, 0.0025
10, 0.1, 19, 0.2, 7141, 0.0025
10, 0.1, 19, 0.2, 7142, 0.0025
10, 0.1, 19, 0.2, 7143, 0.0025
10, 0.1, 19, 0.2, 7144, 0.0025
10, 0.1, 18, 0.2, 7146, 0.0025
10, 0.1, 18, 0.2, 7147, 0.0025
10, 0.1, 18, 0.2, 7148, 0.0025
10, 0.1, 18, 0.2, 7149, 0.0025
10, 0.1, 18, 0.2, 7150, 0.0025
10, 0.1, 16, 0.0325, 7256, 0.0025
10, 0.1, 14, 0.1275000000000097, 7267, 0.0025
10, 0.1, 14, 0.1275000000000097, 7269, 0.0025
10, 0.1, 14, 0.1275000000000097, 7270, 0.0025
10, 0.1, 19, 0.2, 7271, 0.0025
10, 0.1, 19, 0.2, 7272, 0.0025
10, 0.1, 19, 0.2, 7273, 0.0025
10, 0.1, 19, 0.2, 7274, 0.0025
10, 0.1, 19, 0.2, 7275, 0.0025
10, 0.1, 19, 0.2, 7276, 0.0025
10, 0.1, 19, 0.2, 7277, 0.0025
10, 0.1, 19, 0.2, 7278, 0.0025
10, 0.1, 19, 0.2, 7279, 0.0025
10, 0.1, 19, 0.2, 7280, 0.0025
10, 0.1, 19, 0.2, 7281, 0.0025
10, 0.1, 18, 0.2, 7282, 0.0025
10, 0.1, 18, 0.2, 7283, 0.0025
10, 0.1, 18, 0.2, 7284, 0.0025
10, 0.1, 18, 0.2, 7285, 0.0025
10, 0.1, 18, 0.2, 7286, 0.0025
10, 0.1, 14, 0.1275000000000097, 7404, 0.0025
10, 0.1, 19, 0.2, 7407, 0.0025
10, 0.1, 19, 0.2, 7408, 0.0025
10, 0.1, 19, 0.2, 7409, 0.0025
10, 0.1, 19, 0.2, 7410, 0.0025
10, 0.1, 19, 0.2, 7411, 0.0025
10, 0.1, 19, 0.2, 7412, 0.0025
10, 0.1, 19, 0.2, 7413, 0.0025
10, 0.1, 19, 0.2, 7414, 0.0025
10, 0.1, 19, 0.2, 7415, 0.0025
10, 0.1, 19, 0.2, 7416, 0.0025
10, 0.1, 18, 0.2, 7418, 0.0025
10, 0.1, 18, 0.2, 7419, 0.0025
10, 0.1, 18, 0.2, 7420, 0.0025
10, 0.1, 18, 0.2, 7421, 0.0025
10, 0.1, 18, 0.2, 7422, 0.0025
10, 0.1, 14, 0.1275000000000097, 7540, 0.0025
10, 0.1, 14, 0.1275000000000097, 7541, 0.0025
10, 0.1, 14, 0.1275000000000097, 7542, 0.0025
10, 0.1, 14, 0.1275000000000097, 7543, 0.0025
10, 0.1, 19, 0.2, 7545, 0.0025
10, 0.1, 19, 0.2, 7546, 0.0025
10, 0.1, 19, 0.2, 7547, 0.0025
10, 0.1, 19, 0.2, 7548, 0.0025
10, 0.1, 19, 0.2, 7549, 0.0025
10, 0.1, 19, 0.2, 7550, 0.0025
10, 0.1, 19, 0.2, 7551, 0.0025
10, 0.1, 19, 0.2, 7552, 0.0025
10, 0.1, 19, 0.2, 7553, 0.0025
10, 0.1, 18, 0.2, 7555, 0.0025
10, 0.1, 18, 0.2, 7556, 0.0025
10, 0.1, 18, 0.2, 7557, 0.0025
10, 0.1, 18, 0.2, 7558, 0.0025
10, 0.1, 18, 0.2, 7559, 0.0025
10, 0.1, 14, 0.1275000000000097, 7679, 0.0025
10, 0.1, 14, 0.1275000000000097, 7680, 0.0025
10, 0.1, 14, 0.1275000000000097, 7681, 0.0025
10, 0.1, 19, 0.2, 7684, 0.0025
10, 0.1, 19, 0.2, 7685, 0.0025
10, 0.1, 19, 0.2, 7686, 0.0025
10, 0.1, 19, 0.2, 7687, 0.0025
10, 0.1, 19, 0.2, 7688, 0.0025
10, 0.1, 19, 0.2, 7689, 0.0025
10, 0.1, 19, 0.2, 7690, 0.0025
10, 0.1, 18, 0.2, 7693, 0.0025
10, 0.1, 18, 0.2, 7694, 0.0025
10, 0.1, 18, 0.2, 7695, 0.0025
10, 0.1, 18, 0.2, 7696, 0.0025
10, 0.1, 19, 0.2, 7824, 0.0025
10, 0.1, 18, 0.2, 7832, 0.0025
10, 0.1, 18, 0.2, 7833, 0.0025
10, 0.1, 18, 0.2, 7834, 0.0025
10, 0.1, 18, 0.2, 7835, 0.0025
10, 0.1, 18, 0.2, 7971, 0.0025
10, 0.1, 18, 0.2, 7972, 0.0025
10, 0.1, 18, 0.2, 7973, 0.0025
10, 0.1, 18, 0.2, 7974, 0.0025
10, 0.1, 18, 0.2, 8111, 0.0025
10, 0.1, 18, 0.2, 8112, 0.0025
10, 0.1, 18, 0.2, 8113, 0.0025
10, 0.1, 18, 0.2, 8252, 0.0025
10, 0.1, 18, 0.2, 8253, 0.0025
10, 0.1, 25, 0.09749999999999848, 9428, 0.0025
10, 0.1, 25, 0.09749999999999848, 9577, 0.0025
10, 0.1, 25, 0.09749999999999848, 9578, 0.0025
10, 0.1, 25, 0.09749999999999848, 9717, 0.0025
10, 0.1, 25, 0.09749999999999848, 9718, 0.0025
10, 0.1, 25, 0.09749999999999848, 9719, 0.0025
10, 0.1, 25, 0.09749999999999848, 9720, 0.0025
10, 0.1, 25, 0.09749999999999848, 9847, 0.0025
10, 0.1, 25, 0.09749999999999848, 9849, 0.0025
10, 0.1, 25, 0.09749999999999848, 9850, 0.0025
10, 0.1, 25, 0.09749999999999848, 9851, 0.0025
10, 0.1, 25, 0.09749999999999848, 9852, 0.0025
10, 0.1, 25, 0.09749999999999848, 9975, 0.0025
10, 0.1, 25, 0.09749999999999848, 9976, 0.0025
10, 0.1, 25, 0.09749999999999848, 9977, 0.0025
10, 0.1, 25, 0.09749999999999848, 10090, 0.0025
10, 0.1, 25, 0.09749999999999848, 10093, 0.0025
10, 0.1, 25, 0.09749999999999848, 10095, 0.0025
10, 0.1, 25, 0.09749999999999848, 10096, 0.0025
10, 0.1, 25, 0.09749999999999848, 10097, 0.0025
10, 0.1, 25, 0.09749999999999848, 10203, 0.0025
10, 0.1, 25, 0.09749999999999848, 10204, 0.0025
10, 0.1, 25, 0.09749999999999848, 10205, 0.0025
10, 0.1, 25, 0.09749999999999848, 10206, 0.0025
10, 0.1, 25, 0.09749999999999848, 10210, 0.0025
10, 0.1, 25, 0.09749999999999848, 10211, 0.0025
10, 0.1, 25, 0.09749999999999848, 10212, 0.0025
10, 0.1, 25, 0.09749999999999848, 10213, 0.0025
10, 0.1, 25, 0.09749999999999848, 10319, 0.0025
10, 0.1, 25, 0.09749999999999848, 10321, 0.0025
10, 0.1, 25, 0.09749999999999848, 10322, 0.0025
10, 0.1, 25, 0.09749999999999848, 10323, 0.0025
10, 0.1, 25, 0.09749999999999848, 10324, 0.0025
10, 0.1, 25, 0.09749999999999848, 10436, 0.0025
10, 0.1, 25, 0.09749999999999848, 10437, 0.0025
10, 0.1, 25, 0.09749999999999848, 10438, 0.0025
10, 0.1, 25, 0.09749999999999848, 10439, 0.0025
10, 0.1, 25, 0.09749999999999848, 10440, 0.0025
10, 0.1, 25, 0.09749999999999848, 10441, 0.0025
10, 0.1, 25, 0.09749999999999848, 10557, 0.0025
10, 0.1, 41, 0.0449999999999999, 17087, 0.0025
10, 0.1, 41, 0.0449999999999999, 17092, 0.0025
10, 0.1, 41, 0.0449999999999999, 17190, 0.0025
10, 0.1, 41, 0.0449999999999999, 17197, 0.0025
10, 0.1, 41, 0.0449999999999999, 17295, 0.0025
10, 0.1, 41, 0.0449999999999999, 17299, 0.0025
10, 0.1, 41, 0.0449999999999999, 17395, 0.0025
10, 0.1, 41, 0.0449999999999999, 17401, 0.0025
10, 0.1, 41, 0.0449999999999999, 17402, 0.0025
10, 0.1, 41, 0.0449999999999999, 17503, 0.0025
10, 0.1, 41, 0.0449999999999999, 17504, 0.0025
10, 0.1, 41, 0.0449999999999999, 17505, 0.0025
10, 0.1, 41, 0.0449999999999999, 17506, 0.0025
10, 0.1, 41, 0.0449999999999999, 17509, 0.0025
10, 0.1, 41, 0.0449999999999999, 17602, 0.0025
10, 0.1, 41, 0.0449999999999999, 17603, 0.0025
10, 0.1, 41, 0.0449999999999999, 17605, 0.0025
10, 0.1, 41, 0.0449999999999999, 17700, 0.0025
10, 0.1, 41, 0.0449999999999999, 17795, 0.0025
10, 0.15000000000000002, 1, 0.0325, 1408, 0.0025
10, 0.15000000000000002, 1, 0.0325, 1409, 0.0025
10, 0.15000000000000002, 1, 0.0325, 1410, 0.0025
10, 0.15000000000000002, 1, 0.0325, 1483, 0.0025
10, 0.15000000000000002, 1, 0.0325, 1484, 0.0025
10, 0.15000000000000002, 1, 0.0325, 1485, 0.0025
10, 0.15000000000000002, 1, 0.0325, 1486, 0.0025
10, 0.15000000000000002, 1, 0.0325, 1560, 0.0025
10, 0.15000000000000002, 1, 0.0325, 1561, 0.0025
10, 0.15000000000000002, 1, 0.0325, 1562, 0.0025
10, 0.15000000000000002, 1, 0.0325, 1563, 0.0025
10, 0.15000000000000002, 1, 0.0325, 1641, 0.0025
10, 0.15000000000000002, 1, 0.0325, 1642, 0.0025
10, 0.15000000000000002, 1, 0.0325, 1724, 0.0025
10, 0.15000000000000002, 5, 0.0325, 2535, 0.0025
10, 0.15000000000000002, 5, 0.0325, 2536, 0.0025
10, 0.15000000000000002, 5, 0.0325, 2537, 0.0025
10, 0.15000000000000002, 5, 0.0325, 3273, 0.0025
10, 0.15000000000000002, 5, 0.0325, 3274, 0.0025
10, 0.15000000000000002, 5, 0.0325, 3275, 0.0025
10, 0.15000000000000002, 4, 0.0325, 3322, 0.0025
10, 0.15000000000000002, 4, 0.0325, 3325, 0.0025
10, 0.15000000000000002, 4, 0.0325, 3326, 0.0025
10, 0.15000000000000002, 5, 0.0325, 3382, 0.0025
10, 0.15000000000000002, 5, 0.0325, 3383, 0.0025
10, 0.15000000000000002, 5, 0.0325, 3493, 0.0025
10, 0.15000000000000002, 5, 0.0325, 3494, 0.0025
10, 0.15000000000000002, 4, 0.0325, 3544, 0.0025
10, 0.15000000000000002, 4, 0.0325, 3545, 0.0025
10, 0.15000000000000002, 5, 0.0325, 3604, 0.0025
10, 0.15000000000000002, 4, 0.0325, 3651, 0.0025
10, 0.15000000000000002, 4, 0.0325, 3653, 0.0025
10, 0.15000000000000002, 5, 0.0325, 3715, 0.0025
10, 0.15000000000000002, 5, 0.0325, 3716, 0.0025
10, 0.15000000000000002, 4, 0.0325, 3765, 0.0025
10, 0.15000000000000002, 4, 0.0325, 3767, 0.0025
10, 0.15000000000000002, 4, 0.0325, 3877, 0.0025
10, 0.15000000000000002, 4, 0.0325, 3880, 0.0025
10, 0.15000000000000002, 5, 0.0325, 3943, 0.0025
10, 0.15000000000000002, 4, 0.0325, 3992, 0.0025
10, 0.15000000000000002, 4, 0.0325, 3993, 0.0025
10, 0.15000000000000002, 4, 0.0325, 3997, 0.0025
10, 0.15000000000000002, 16, 0.0325, 5678, 0.0025
10, 0.15000000000000002, 9, 0.165, 5696, 0.0025
10, 0.15000000000000002, 9, 0.165, 5697, 0.0025
10, 0.15000000000000002, 9, 0.165, 5698, 0.0025
10, 0.15000000000000002, 9, 0.165, 5699, 0.0025
10, 0.15000000000000002, 9, 0.165, 5700, 0.0025
10, 0.15000000000000002, 9, 0.165, 5701, 0.0025
10, 0.15000000000000002, 9, 0.165, 5702, 0.0025
10, 0.15000000000000002, 9, 0.165, 5703, 0.0025
10, 0.15000000000000002, 9, 0.165, 5704, 0.0025
10, 0.15000000000000002, 16, 0.0325, 5806, 0.0025
10, 0.15000000000000002, 9, 0.165, 5823, 0.0025
10, 0.15000000000000002, 9, 0.165, 5824, 0.0025
10, 0.15000000000000002, 9, 0.165, 5825, 0.0025
10, 0.15000000000000002, 9, 0.165, 5826, 0.0025
10, 0.15000000000000002, 9, 0.165, 5827, 0.0025
10, 0.15000000000000002, 9, 0.165, 5828, 0.0025
10, 0.15000000000000002, 9, 0.165, 5829, 0.0025
10, 0.15000000000000002, 9, 0.165, 5830, 0.0025
10, 0.15000000000000002, 9, 0.165, 5831, 0.0025
10, 0.15000000000000002, 9, 0.165, 5832, 0.0025
10, 0.15000000000000002, 9, 0.165, 5833, 0.0025
10, 0.15000000000000002, 16, 0.0325, 5934, 0.0025
10, 0.15000000000000002, 9, 0.165, 5950, 0.0025
10, 0.15000000000000002, 9, 0.165, 5951, 0.0025
10, 0.15000000000000002, 9, 0.165, 5952, 0.0025
10, 0.15000000000000002, 9, 0.165, 5953, 0.0025
10, 0.15000000000000002, 9, 0.165, 5954, 0.0025
10, 0.15000000000000002, 9, 0.165, 5955, 0.0025
10, 0.15000000000000002, 9, 0.165, 5956, 0.0025
10, 0.15000000000000002, 9, 0.165, 5957, 0.0025
10, 0.15000000000000002, 9, 0.165, 5958, 0.0025
10, 0.15000000000000002, 9, 0.165, 5959, 0.0025
10, 0.15000000000000002, 9, 0.165, 5960, 0.0025
10, 0.15000000000000002, 9, 0.165, 5961, 0.0025
10, 0.15000000000000002, 16, 0.0325, 6063, 0.0025
10, 0.15000000000000002, 14, 0.1, 6078, 0.0025
10, 0.15000000000000002, 9, 0.165, 6079, 0.0025
10, 0.15000000000000002, 9, 0.165, 6080, 0.0025
10, 0.15000000000000002, 9, 0.165, 6081, 0.0025
10, 0.15000000000000002, 9, 0.165, 6082, 0.0025
10, 0.15000000000000002, 9, 0.165, 6083, 0.0025
10, 0.15000000000000002, 9, 0.165, 6084, 0.0025
10, 0.15000000000000002, 9, 0.165, 6085, 0.0025
10, 0.15000000000000002, 9, 0.165, 6086, 0.0025
10, 0.15000000000000002, 9, 0.165, 6087, 0.0025
10, 0.15000000000000002, 9, 0.165, 6088, 0.0025
10, 0.15000000000000002, 9, 0.165, 6089, 0.0025
10, 0.15000000000000002, 9, 0.165, 6090, 0.0025
10, 0.15000000000000002, 16, 0.0325, 6192, 0.0025
10, 0.15000000000000002, 14, 0.1, 6206, 0.0025
10, 0.15000000000000002, 14, 0.1, 6207, 0.0025
10, 0.15000000000000002, 9, 0.165, 6209, 0.0025
10, 0.15000000000000002, 9, 0.165, 6210, 0.0025
10, 0.15000000000000002, 9, 0.165, 6211, 0.0025
10, 0.15000000000000002, 9, 0.165, 6212, 0.0025
10, 0.15000000000000002, 9, 0.165, 6213, 0.0025
10, 0.15000000000000002, 9, 0.165, 6214, 0.0025
10, 0.15000000000000002, 9, 0.165, 6215, 0.0025
10, 0.15000000000000002, 9, 0.165, 6216, 0.0025
10, 0.15000000000000002, 9, 0.165, 6217, 0.0025
10, 0.15000000000000002, 9, 0.165, 6218, 0.0025
10, 0.15000000000000002, 18, 0.13, 6219, 0.0025
10, 0.15000000000000002, 16, 0.0325, 6323, 0.0025
10, 0.15000000000000002, 14, 0.1, 6337, 0.0025
10, 0.15000000000000002, 14, 0.1, 6338, 0.0025
10, 0.15000000000000002, 9, 0.165, 6342, 0.0025
10, 0.15000000000000002, 9, 0.165, 6343, 0.0025
10, 0.15000000000000002, 9, 0.165, 6344, 0.0025
10, 0.15000000000000002, 9, 0.165, 6345, 0.0025
10, 0.15000000000000002, 9, 0.165, 6346, 0.0025
10, 0.15000000000000002, 9, 0.165, 6347, 0.0025
10, 0.15000000000000002, 9, 0.165, 6348, 0.0025
10, 0.15000000000000002, 9, 0.165, 6349, 0.0025
10, 0.15000000000000002, 18, 0.13, 6350, 0.0025
10, 0.15000000000000002, 18, 0.13, 6351, 0.0025
10, 0.15000000000000002, 18, 0.13, 6352, 0.0025
10, 0.15000000000000002, 18, 0.13, 6353, 0.0025
10, 0.15000000000000002, 16, 0.0325, 6454, 0.0025
10, 0.15000000000000002, 14, 0.1, 6467, 0.0025
10, 0.15000000000000002, 14, 0.1, 6468, 0.0025
10, 0.15000000000000002, 14, 0.1, 6469, 0.0025
10, 0.15000000000000002, 19, 0.2, 6472, 0.0025
10, 0.15000000000000002, 19, 0.2, 6473, 0.0025
10, 0.15000000000000002, 19, 0.2, 6474, 0.0025
10, 0.15000000000000002, 19, 0.2, 6475, 0.0025
10, 0.15000000000000002, 9, 0.165, 6476, 0.0025
10, 0.15000000000000002, 9, 0.165, 6477, 0.0025
10, 0.15000000000000002, 9, 0.165, 6478, 0.0025
10, 0.15000000000000002, 9, 0.165, 6479, 0.0025
10, 0.15000000000000002, 18, 0.13, 6480, 0.0025
10, 0.15000000000000002, 18, 0.13, 6481, 0.0025
10, 0.15000000000000002, 18, 0.13, 6482, 0.0025
10, 0.15000000000000002, 18, 0.13, 6483, 0.0025
10, 0.15000000000000002, 18, 0.13, 6484, 0.0025
10, 0.15000000000000002, 16, 0.0325, 6586, 0.0025
10, 0.15000000000000002, 14, 0.1, 6598, 0.0025
10, 0.15000000000000002, 14, 0.1, 6599, 0.0025
10, 0.15000000000000002, 14, 0.1, 6600, 0.0025
10, 0.15000000000000002, 14, 0.1, 6601, 0.0025
10, 0.15000000000000002, 19, 0.2, 6603, 0.0025
10, 0.15000000000000002, 19, 0.2, 6604, 0.0025
10, 0.15000000000000002, 19, 0.2, 6605, 0.0025
10, 0.15000000000000002, 19, 0.2, 6606, 0.0025
10, 0.15000000000000002, 19, 0.2, 6607, 0.0025
10, 0.15000000000000002, 19, 0.2, 6608, 0.0025
10, 0.15000000000000002, 19, 0.2, 6609, 0.0025
10, 0.15000000000000002, 9, 0.165, 6611, 0.0025
10, 0.15000000000000002, 18, 0.13, 6612, 0.0025
10, 0.15000000000000002, 18, 0.13, 6613, 0.0025
10, 0.15000000000000002, 18, 0.13, 6614, 0.0025
10, 0.15000000000000002, 18, 0.13, 6615, 0.0025
10, 0.15000000000000002, 18, 0.13, 6616, 0.0025
10, 0.15000000000000002, 16, 0.0325, 6719, 0.0025
10, 0.15000000000000002, 14, 0.1, 6730, 0.0025
10, 0.15000000000000002, 14, 0.1, 6731, 0.0025
10, 0.15000000000000002, 14, 0.1, 6732, 0.0025
10, 0.15000000000000002, 14, 0.1, 6733, 0.0025
10, 0.15000000000000002, 14, 0.1, 6734, 0.0025
10, 0.15000000000000002, 19, 0.2, 6736, 0.0025
10, 0.15000000000000002, 19, 0.2, 6737, 0.0025
10, 0.15000000000000002, 19, 0.2, 6738, 0.0025
10, 0.15000000000000002, 19, 0.2, 6739, 0.0025
10, 0.15000000000000002, 19, 0.2, 6740, 0.0025
10, 0.15000000000000002, 19, 0.2, 6741, 0.0025
10, 0.15000000000000002, 19, 0.2, 6742, 0.0025
10, 0.15000000000000002, 18, 0.13, 6745, 0.0025
10, 0.15000000000000002, 18, 0.13, 6746, 0.0025
10, 0.15000000000000002, 18, 0.13, 6747, 0.0025
10, 0.15000000000000002, 16, 0.0325, 6852, 0.0025
10, 0.15000000000000002, 14, 0.1, 6863, 0.0025
10, 0.15000000000000002, 14, 0.1, 6864, 0.0025
10, 0.15000000000000002, 14, 0.1, 6865, 0.0025
10, 0.15000000000000002, 14, 0.1, 6866, 0.0025
10, 0.15000000000000002, 14, 0.1, 6867, 0.0025
10, 0.15000000000000002, 19, 0.2, 6869, 0.0025
10, 0.15000000000000002, 19, 0.2, 6870, 0.0025
10, 0.15000000000000002, 19, 0.2, 6871, 0.0025
10, 0.15000000000000002, 19, 0.2, 6872, 0.0025
10, 0.15000000000000002, 19, 0.2, 6873, 0.0025
10, 0.15000000000000002, 19, 0.2, 6874, 0.0025
10, 0.15000000000000002, 19, 0.2, 6875, 0.0025
10, 0.15000000000000002, 19, 0.2, 6876, 0.0025
10, 0.15000000000000002, 18, 0.13, 6878, 0.0025
10, 0.15000000000000002, 18, 0.13, 6879, 0.0025
10, 0.15000000000000002, 18, 0.13, 6880, 0.0025
10, 0.15000000000000002, 16, 0.0325, 6986, 0.0025
10, 0.15000000000000002, 14, 0.1, 6997, 0.0025
10, 0.15000000000000002, 14, 0.1, 6998, 0.0025
10, 0.15000000000000002, 14, 0.1, 6999, 0.0025
10, 0.15000000000000002, 14, 0.1, 7000, 0.0025
10, 0.15000000000000002, 19, 0.2, 7003, 0.0025
10, 0.15000000000000002, 19, 0.2, 7004, 0.0025
10, 0.15000000000000002, 19, 0.2, 7005, 0.0025
10, 0.15000000000000002, 19, 0.2, 7006, 0.0025
10, 0.15000000000000002, 19, 0.2, 7007, 0.0025
10, 0.15000000000000002, 19, 0.2, 7008, 0.0025
10, 0.15000000000000002, 19, 0.2, 7009, 0.0025
10, 0.15000000000000002, 19, 0.2, 7010, 0.0025
10, 0.15000000000000002, 18, 0.13, 7012, 0.0025
10, 0.15000000000000002, 18, 0.13, 7013, 0.0025
10, 0.15000000000000002, 18, 0.13, 7014, 0.0025
10, 0.15000000000000002, 16, 0.0325, 7119, 0.0025
10, 0.15000000000000002, 16, 0.0325, 7120, 0.0025
10, 0.15000000000000002, 14, 0.1, 7131, 0.0025
10, 0.15000000000000002, 14, 0.1, 7132, 0.0025
10, 0.15000000000000002, 14, 0.1, 7133, 0.0025
10, 0.15000000000000002, 14, 0.1, 7134, 0.0025
10, 0.15000000000000002, 19, 0.2, 7136, 0.0025
10, 0.15000000000000002, 19, 0.2, 7137, 0.0025
10, 0.15000000000000002, 19, 0.2, 7138, 0.0025
10, 0.15000000000000002, 19, 0.2, 7139, 0.0025
10, 0.15000000000000002, 19, 0.2, 7140, 0.0025
10, 0.15000000000000002, 19, 0.2, 7141, 0.0025
10, 0.15000000000000002, 19, 0.2, 7142, 0.0025
10, 0.15000000000000002, 19, 0.2, 7143, 0.0025
10, 0.15000000000000002, 19, 0.2, 7144, 0.0025
10, 0.15000000000000002, 18, 0.13, 7146, 0.0025
10, 0.15000000000000002, 18, 0.13, 7147, 0.0025
10, 0.15000000000000002, 18, 0.13, 7148, 0.0025
10, 0.15000000000000002, 18, 0.13, 7149, 0.0025
10, 0.15000000000000002, 16, 0.0325, 7256, 0.0025
10, 0.15000000000000002, 14, 0.1, 7267, 0.0025
10, 0.15000000000000002, 14, 0.1, 7269, 0.0025
10, 0.15000000000000002, 14, 0.1, 7270, 0.0025
10, 0.15000000000000002, 19, 0.2, 7271, 0.0025
10, 0.15000000000000002, 19, 0.2, 7272, 0.0025
10, 0.15000000000000002, 19, 0.2, 7273, 0.0025
10, 0.15000000000000002, 19, 0.2, 7274, 0.0025
10, 0.15000000000000002, 19, 0.2, 7275, 0.0025
10, 0.15000000000000002, 19, 0.2, 7276, 0.0025
10, 0.15000000000000002, 19, 0.2, 7277, 0.0025
10, 0.15000000000000002, 19, 0.2, 7278, 0.0025
10, 0.15000000000000002, 19, 0.2, 7279, 0.0025
10, 0.15000000000000002, 19, 0.2, 7280, 0.0025
10, 0.15000000000000002, 19, 0.2, 7281, 0.0025
10, 0.15000000000000002, 18, 0.13, 7282, 0.0025
10, 0.15000000000000002, 18, 0.13, 7283, 0.0025
10, 0.15000000000000002, 18, 0.13, 7284, 0.0025
10, 0.15000000000000002, 18, 0.13, 7286, 0.0025
10, 0.15000000000000002, 14, 0.1, 7404, 0.0025
10, 0.15000000000000002, 19, 0.2, 7407, 0.0025
10, 0.15000000000000002, 19, 0.2, 7408, 0.0025
10, 0.15000000000000002, 19, 0.2, 7409, 0.0025
10, 0.15000000000000002, 19, 0.2, 7410, 0.0025
10, 0.15000000000000002, 19, 0.2, 7411, 0.0025
10, 0.15000000000000002, 19, 0.2, 7412, 0.0025
10, 0.15000000000000002, 19, 0.2, 7413, 0.0025
10, 0.15000000000000002, 19, 0.2, 7414, 0.0025
10, 0.15000000000000002, 19, 0.2, 7415, 0.0025
10, 0.15000000000000002, 19, 0.2, 7416, 0.0025
10, 0.15000000000000002, 18, 0.13, 7418, 0.0025
10, 0.15000000000000002, 18, 0.13, 7419, 0.0025
10, 0.15000000000000002, 18, 0.13, 7420, 0.0025
10, 0.15000000000000002, 18, 0.13, 7421, 0.0025
10, 0.15000000000000002, 14, 0.1, 7540, 0.0025
10, 0.15000000000000002, 14, 0.1, 7541, 0.0025
10, 0.15000000000000002, 14, 0.1, 7542, 0.0025
10, 0.15000000000000002, 14, 0.1, 7543, 0.0025
10, 0.15000000000000002, 19, 0.2, 7545, 0.0025
10, 0.15000000000000002, 19, 0.2, 7546, 0.0025
10, 0.15000000000000002, 19, 0.2, 7547, 0.0025
10, 0.15000000000000002, 19, 0.2, 7548, 0.0025
10, 0.15000000000000002, 19, 0.2, 7549, 0.0025
10, 0.15000000000000002, 19, 0.2, 7550, 0.0025
10, 0.15000000000000002, 19, 0.2, 7551, 0.0025
10, 0.15000000000000002, 19, 0.2, 7552, 0.0025
10, 0.15000000000000002, 19, 0.2, 7553, 0.0025
10, 0.15000000000000002, 18, 0.13, 7555, 0.0025
10, 0.15000000000000002, 18, 0.13, 7556, 0.0025
10, 0.15000000000000002, 18, 0.13, 7557, 0.0025
10, 0.15000000000000002, 18, 0.13, 7558, 0.0025
10, 0.15000000000000002, 14, 0.1, 7679, 0.0025
10, 0.15000000000000002, 14, 0.1, 7680, 0.0025
10, 0.15000000000000002, 14, 0.1, 7681, 0.0025
10, 0.15000000000000002, 19, 0.2, 7684, 0.0025
10, 0.15000000000000002, 19, 0.2, 7685, 0.0025
10, 0.15000000000000002, 19, 0.2, 7686, 0.0025
10, 0.15000000000000002, 19, 0.2, 7687, 0.0025
10, 0.15000000000000002, 19, 0.2, 7688, 0.0025
10, 0.15000000000000002, 19, 0.2, 7689, 0.0025
10, 0.15000000000000002, 19, 0.2, 7690, 0.0025
10, 0.15000000000000002, 18, 0.13, 7693, 0.0025
10, 0.15000000000000002, 18, 0.13, 7694, 0.0025
10, 0.15000000000000002, 18, 0.13, 7695, 0.0025
10, 0.15000000000000002, 19, 0.2, 7824, 0.0025
10, 0.15000000000000002, 18, 0.13, 7832, 0.0025
10, 0.15000000000000002, 18, 0.13, 7833, 0.0025
10, 0.15000000000000002, 18, 0.13, 7834, 0.0025
10, 0.15000000000000002, 18, 0.13, 7971, 0.0025
10, 0.15000000000000002, 18, 0.13, 7972, 0.0025
10, 0.15000000000000002, 18, 0.13, 7973, 0.0025
10, 0.15000000000000002, 18, 0.13, 8111, 0.0025
10, 0.15000000000000002, 18, 0.13, 8112, 0.0025
10, 0.15000000000000002, 18, 0.13, 8113, 0.0025
10, 0.15000000000000002, 18, 0.13, 8252, 0.0025
10, 0.15000000000000002, 25, 0.1225000000000007, 9428, 0.0025
10, 0.15000000000000002, 25, 0.1225000000000007, 9577, 0.0025
10, 0.15000000000000002, 25, 0.1225000000000007, 9578, 0.0025
10, 0.15000000000000002, 25, 0.1225000000000007, 9717, 0.0025
10, 0.15000000000000002, 25, 0.1225000000000007, 9718, 0.0025
10, 0.15000000000000002, 25, 0.1225000000000007, 9719, 0.0025
10, 0.15000000000000002, 25, 0.1225000000000007, 9720, 0.0025
10, 0.15000000000000002, 25, 0.1225000000000007, 9847, 0.0025
10, 0.15000000000000002, 25, 0.1225000000000007, 9849, 0.0025
10, 0.15000000000000002, 25, 0.1225000000000007, 9850, 0.0025
10, 0.15000000000000002, 25, 0.1225000000000007, 9851, 0.0025
10, 0.15000000000000002, 25, 0.1225000000000007, 9852, 0.0025
10, 0.15000000000000002, 25, 0.1225000000000007, 9975, 0.0025
10, 0.15000000000000002, 25, 0.1225000000000007, 9976, 0.0025
10, 0.15000000000000002, 25, 0.1225000000000007, 9977, 0.0025
10, 0.15000000000000002, 25, 0.1225000000000007, 10090, 0.0025
10, 0.15000000000000002, 25, 0.1225000000000007, 10093, 0.0025
10, 0.15000000000000002, 25, 0.1225000000000007, 10095, 0.0025
10, 0.15000000000000002, 25, 0.1225000000000007, 10096, 0.0025
10, 0.15000000000000002, 25, 0.1225000000000007, 10097, 0.0025
10, 0.15000000000000002, 25, 0.1225000000000007, 10203, 0.0025
10, 0.15000000000000002, 25, 0.1225000000000007, 10204, 0.0025
10, 0.15000000000000002, 25, 0.1225000000000007, 10205, 0.0025
10, 0.15000000000000002, 25, 0.1225000000000007, 10206, 0.0025
10, 0.15000000000000002, 25, 0.1225000000000007, 10210, 0.0025
10, 0.15000000000000002, 25, 0.1225000000000007, 10211, 0.0025
10, 0.15000000000000002, 25, 0.1225000000000007, 10212, 0.0025
10, 0.15000000000000002, 25, 0.1225000000000007, 10213, 0.0025
10, 0.15000000000000002, 25, 0.1225000000000007, 10319, 0.0025
10, 0.15000000000000002, 25, 0.1225000000000007, 10321, 0.0025
10, 0.15000000000000002, 25, 0.1225000000000007, 10322, 0.0025
10, 0.15000000000000002, 25, 0.1225000000000007, 10323, 0.0025
10, 0.15000000000000002, 25, 0.1225000000000007, 10324, 0.0025
10, 0.15000000000000002, 25, 0.1225000000000007, 10328, 0.0025
10, 0.15000000000000002, 25, 0.1225000000000007, 10329, 0.0025
10, 0.15000000000000002, 25, 0.1225000000000007, 10330, 0.0025
10, 0.15000000000000002, 25, 0.1225000000000007, 10435, 0.0025
10, 0.15000000000000002, 25, 0.1225000000000007, 10436, 0.0025
10, 0.15000000000000002, 25, 0.1225000000000007, 10437, 0.0025
10, 0.15000000000000002, 25, 0.1225000000000007, 10438, 0.0025
10, 0.15000000000000002, 25, 0.1225000000000007, 10439, 0.0025
10, 0.15000000000000002, 25, 0.1225000000000007, 10440, 0.0025
10, 0.15000000000000002, 25, 0.1225000000000007, 10441, 0.0025
10, 0.15000000000000002, 25, 0.1225000000000007, 10442, 0.0025
10, 0.15000000000000002, 25, 0.1225000000000007, 10555, 0.0025
10, 0.15000000000000002, 25, 0.1225000000000007, 10556, 0.0025
10, 0.15000000000000002, 25, 0.1225000000000007, 10557, 0.0025
10, 0.15000000000000002, 25, 0.1225000000000007, 10558, 0.0025
10, 0.15000000000000002, 25, 0.1225000000000007, 10559, 0.0025
10, 0.15000000000000002, 25, 0.1225000000000007, 10560, 0.0025
10, 0.15000000000000002, 41, 0.1524999999999994, 16755, 0.0025
10, 0.15000000000000002, 41, 0.1524999999999994, 16870, 0.0025
10, 0.15000000000000002, 41, 0.1524999999999994, 16986, 0.0025
10, 0.15000000000000002, 41, 0.1524999999999994, 17087, 0.0025
10, 0.15000000000000002, 41, 0.1524999999999994, 17091, 0.0025
10, 0.15000000000000002, 41, 0.1524999999999994, 17092, 0.0025
10, 0.15000000000000002, 41, 0.1524999999999994, 17093, 0.0025
10, 0.15000000000000002, 41, 0.1524999999999994, 17094, 0.0025
10, 0.15000000000000002, 41, 0.1524999999999994, 17190, 0.0025
10, 0.15000000000000002, 41, 0.1524999999999994, 17197, 0.0025
10, 0.15000000000000002, 41, 0.1524999999999994, 17198, 0.0025
10, 0.15000000000000002, 41, 0.1524999999999994, 17200, 0.0025
10, 0.15000000000000002, 41, 0.1524999999999994, 17293, 0.0025
10, 0.15000000000000002, 41, 0.1524999999999994, 17295, 0.0025
10, 0.15000000000000002, 41, 0.1524999999999994, 17299, 0.0025
10, 0.15000000000000002, 41, 0.1524999999999994, 17301, 0.0025
10, 0.15000000000000002, 41, 0.1524999999999994, 17303, 0.0025
10, 0.15000000000000002, 41, 0.1524999999999994, 17395, 0.0025
10, 0.15000000000000002, 41, 0.1524999999999994, 17401, 0.0025
10, 0.15000000000000002, 41, 0.1524999999999994, 17402, 0.0025
10, 0.15000000000000002, 41, 0.1524999999999994, 17404, 0.0025
10, 0.15000000000000002, 41, 0.1524999999999994, 17405, 0.0025
10, 0.15000000000000002, 41, 0.1524999999999994, 17503, 0.0025
10, 0.15000000000000002, 41, 0.1524999999999994, 17504, 0.0025
10, 0.15000000000000002, 41, 0.1524999999999994, 17505, 0.0025
10, 0.15000000000000002, 41, 0.1524999999999994, 17506, 0.0025
10, 0.15000000000000002, 41, 0.1524999999999994, 17508, 0.0025
10, 0.15000000000000002, 41, 0.1524999999999994, 17509, 0.0025
10, 0.15000000000000002, 41, 0.1524999999999994, 17602, 0.0025
10, 0.15000000000000002, 41, 0.1524999999999994, 17603, 0.0025
10, 0.15000000000000002, 41, 0.1524999999999994, 17604, 0.0025
10, 0.15000000000000002, 41, 0.1524999999999994, 17605, 0.0025
10, 0.15000000000000002, 41, 0.1524999999999994, 17606, 0.0025
10, 0.15000000000000002, 41, 0.1524999999999994, 17607, 0.0025
10, 0.15000000000000002, 41, 0.1524999999999994, 17608, 0.0025
10, 0.15000000000000002, 41, 0.1524999999999994, 17609, 0.0025
10, 0.15000000000000002, 41, 0.1524999999999994, 17696, 0.0025
10, 0.15000000000000002, 41, 0.1524999999999994, 17697, 0.0025
10, 0.15000000000000002, 41, 0.1524999999999994, 17698, 0.0025
10, 0.15000000000000002, 41, 0.1524999999999994, 17699, 0.0025
10, 0.15000000000000002, 41, 0.1524999999999994, 17700, 0.0025
10, 0.15000000000000002, 41, 0.1524999999999994, 17702, 0.0025
10, 0.15000000000000002, 41, 0.1524999999999994, 17703, 0.0025
10, 0.15000000000000002, 41, 0.1524999999999994, 17704, 0.0025
10, 0.15000000000000002, 41, 0.1524999999999994, 17790, 0.0025
10, 0.15000000000000002, 41, 0.1524999999999994, 17791, 0.0025
10, 0.15000000000000002, 41, 0.1524999999999994, 17792, 0.0025
10, 0.15000000000000002, 41, 0.1524999999999994, 17793, 0.0025
10, 0.15000000000000002, 41, 0.1524999999999994, 17794, 0.0025
10, 0.15000000000000002, 41, 0.1524999999999994, 17795, 0.0025
10, 0.15000000000000002, 41, 0.1524999999999994, 17797, 0.0025
10, 0.15000000000000002, 41, 0.1524999999999994, 17885, 0.0025
10, 0.15000000000000002, 41, 0.1524999999999994, 17889, 0.0025
10, 0.15000000000000002, 41, 0.1524999999999994, 17976, 0.0025
10, 0.15000000000000002, 41, 0.1524999999999994, 17978, 0.0025
10, 0.15000000000000002, 41, 0.1524999999999994, 17980, 0.0025
10, 0.15000000000000002, 41, 0.1524999999999994, 17982, 0.0025
10, 0.15000000000000002, 41, 0.1524999999999994, 18060, 0.0025
10, 0.15000000000000002, 41, 0.1524999999999994, 18062, 0.0025
10, 0.15000000000000002, 41, 0.1524999999999994, 18064, 0.0025
10, 0.15000000000000002, 41, 0.1524999999999994, 18066, 0.0025
10, 0.15000000000000002, 41, 0.1524999999999994, 18149, 0.0025
10, 0.2, 1, 0.06249999999999988, 876, 0.0025
10, 0.2, 1, 0.06249999999999988, 877, 0.0025
10, 0.2, 1, 0.06249999999999988, 936, 0.0025
10, 0.2, 1, 0.06249999999999988, 937, 0.0025
10, 0.2, 1, 0.06249999999999988, 938, 0.0025
10, 0.2, 1, 0.06249999999999988, 1331, 0.0025
10, 0.2, 1, 0.06249999999999988, 1332, 0.0025
10, 0.2, 1, 0.06249999999999988, 1333, 0.0025
10, 0.2, 1, 0.06249999999999988, 1334, 0.0025
10, 0.2, 1, 0.06249999999999988, 1406, 0.0025
10, 0.2, 1, 0.06249999999999988, 1407, 0.0025
10, 0.2, 1, 0.06249999999999988, 1408, 0.0025
10, 0.2, 1, 0.06249999999999988, 1409, 0.0025
10, 0.2, 1, 0.06249999999999988, 1410, 0.0025
10, 0.2, 1, 0.06249999999999988, 1482, 0.0025
10, 0.2, 1, 0.06249999999999988, 1483, 0.0025
10, 0.2, 1, 0.06249999999999988, 1484, 0.0025
10, 0.2, 1, 0.06249999999999988, 1485, 0.0025
10, 0.2, 1, 0.06249999999999988, 1486, 0.0025
10, 0.2, 1, 0.06249999999999988, 1560, 0.0025
10, 0.2, 1, 0.06249999999999988, 1561, 0.0025
10, 0.2, 1, 0.06249999999999988, 1562, 0.0025
10, 0.2, 1, 0.06249999999999988, 1563, 0.0025
10, 0.2, 1, 0.06249999999999988, 1641, 0.0025
10, 0.2, 1, 0.06249999999999988, 1642, 0.0025
10, 0.2, 1, 0.06249999999999988, 1724, 0.0025
10, 0.2, 5, 0.05250000000000034, 2535, 0.0025
10, 0.2, 5, 0.05250000000000034, 2536, 0.0025
10, 0.2, 5, 0.05250000000000034, 2537, 0.0025
10, 0.2, 5, 0.05250000000000034, 2742, 0.0025
10, 0.2, 5, 0.05250000000000034, 2953, 0.0025
10, 0.2, 5, 0.05250000000000034, 3058, 0.0025
10, 0.2, 5, 0.05250000000000034, 3059, 0.0025
10, 0.2, 5, 0.05250000000000034, 3167, 0.0025
10, 0.2, 5, 0.05250000000000034, 3272, 0.0025
10, 0.2, 5, 0.05250000000000034, 3273, 0.0025
10, 0.2, 5, 0.05250000000000034, 3274, 0.0025
10, 0.2, 5, 0.05250000000000034, 3275, 0.0025
10, 0.2, 5, 0.05250000000000034, 3381, 0.0025
10, 0.2, 5, 0.05250000000000034, 3382, 0.0025
10, 0.2, 5, 0.05250000000000034, 3383, 0.0025
10, 0.2, 5, 0.05250000000000034, 3492, 0.0025
10, 0.2, 5, 0.05250000000000034, 3493, 0.0025
10, 0.2, 5, 0.05250000000000034, 3494, 0.0025
10, 0.2, 5, 0.05250000000000034, 3604, 0.0025
10, 0.2, 5, 0.05250000000000034, 3715, 0.0025
10, 0.2, 5, 0.05250000000000034, 3716, 0.0025
10, 0.2, 5, 0.05250000000000034, 3943, 0.0025
10, 0.2, 9, 0.1450000000000019, 5697, 0.0025
10, 0.2, 9, 0.1450000000000019, 5698, 0.0025
10, 0.2, 9, 0.1450000000000019, 5699, 0.0025
10, 0.2, 9, 0.1450000000000019, 5700, 0.0025
10, 0.2, 9, 0.1450000000000019, 5701, 0.0025
10, 0.2, 9, 0.1450000000000019, 5824, 0.0025
10, 0.2, 9, 0.1450000000000019, 5825, 0.0025
10, 0.2, 9, 0.1450000000000019, 5826, 0.0025
10, 0.2, 9, 0.1450000000000019, 5827, 0.0025
10, 0.2, 9, 0.1450000000000019, 5828, 0.0025
10, 0.2, 9, 0.1450000000000019, 5829, 0.0025
10, 0.2, 9, 0.1450000000000019, 5830, 0.0025
10, 0.2, 9, 0.1450000000000019, 5831, 0.0025
10, 0.2, 9, 0.1450000000000019, 5950, 0.0025
10, 0.2, 9, 0.1450000000000019, 5951, 0.0025
10, 0.2, 9, 0.1450000000000019, 5952, 0.0025
10, 0.2, 9, 0.1450000000000019, 5953, 0.0025
10, 0.2, 9, 0.1450000000000019, 5954, 0.0025
10, 0.2, 9, 0.1450000000000019, 5955, 0.0025
10, 0.2, 9, 0.1450000000000019, 5956, 0.0025
10, 0.2, 9, 0.1450000000000019, 5957, 0.0025
10, 0.2, 9, 0.1450000000000019, 5958, 0.0025
10, 0.2, 9, 0.1450000000000019, 5959, 0.0025
10, 0.2, 9, 0.1450000000000019, 5960, 0.0025
10, 0.2, 14, 0.1025, 6078, 0.0025
10, 0.2, 9, 0.1450000000000019, 6079, 0.0025
10, 0.2, 9, 0.1450000000000019, 6080, 0.0025
10, 0.2, 9, 0.1450000000000019, 6081, 0.0025
10, 0.2, 9, 0.1450000000000019, 6082, 0.0025
10, 0.2, 9, 0.1450000000000019, 6083, 0.0025
10, 0.2, 9, 0.1450000000000019, 6084, 0.0025
10, 0.2, 9, 0.1450000000000019, 6085, 0.0025
10, 0.2, 9, 0.1450000000000019, 6086, 0.0025
10, 0.2, 9, 0.1450000000000019, 6087, 0.0025
10, 0.2, 9, 0.1450000000000019, 6088, 0.0025
10, 0.2, 9, 0.1450000000000019, 6089, 0.0025
10, 0.2, 9, 0.1450000000000019, 6090, 0.0025
10, 0.2, 14, 0.1025, 6206, 0.0025
10, 0.2, 14, 0.1025, 6207, 0.0025
10, 0.2, 9, 0.1450000000000019, 6209, 0.0025
10, 0.2, 9, 0.1450000000000019, 6210, 0.0025
10, 0.2, 9, 0.1450000000000019, 6211, 0.0025
10, 0.2, 9, 0.1450000000000019, 6212, 0.0025
10, 0.2, 9, 0.1450000000000019, 6213, 0.0025
10, 0.2, 9, 0.1450000000000019, 6214, 0.0025
10, 0.2, 9, 0.1450000000000019, 6215, 0.0025
10, 0.2, 9, 0.1450000000000019, 6216, 0.0025
10, 0.2, 9, 0.1450000000000019, 6217, 0.0025
10, 0.2, 9, 0.1450000000000019, 6218, 0.0025
10, 0.2, 14, 0.1025, 6337, 0.0025
10, 0.2, 14, 0.1025, 6338, 0.0025
10, 0.2, 9, 0.1450000000000019, 6342, 0.0025
10, 0.2, 9, 0.1450000000000019, 6343, 0.0025
10, 0.2, 9, 0.1450000000000019, 6344, 0.0025
10, 0.2, 9, 0.1450000000000019, 6345, 0.0025
10, 0.2, 9, 0.1450000000000019, 6346, 0.0025
10, 0.2, 9, 0.1450000000000019, 6347, 0.0025
10, 0.2, 9, 0.1450000000000019, 6348, 0.0025
10, 0.2, 9, 0.1450000000000019, 6349, 0.0025
10, 0.2, 14, 0.1025, 6467, 0.0025
10, 0.2, 14, 0.1025, 6468, 0.0025
10, 0.2, 14, 0.1025, 6469, 0.0025
10, 0.2, 19, 0.2, 6472, 0.0025
10, 0.2, 19, 0.2, 6473, 0.0025
10, 0.2, 19, 0.2, 6474, 0.0025
10, 0.2, 19, 0.2, 6475, 0.0025
10, 0.2, 9, 0.1450000000000019, 6476, 0.0025
10, 0.2, 9, 0.1450000000000019, 6477, 0.0025
10, 0.2, 9, 0.1450000000000019, 6478, 0.0025
10, 0.2, 9, 0.1450000000000019, 6479, 0.0025
10, 0.2, 18, 0.06999999999999999, 6480, 0.0025
10, 0.2, 14, 0.1025, 6598, 0.0025
10, 0.2, 14, 0.1025, 6599, 0.0025
10, 0.2, 14, 0.1025, 6600, 0.0025
10, 0.2, 14, 0.1025, 6601, 0.0025
10, 0.2, 19, 0.2, 6603, 0.0025
10, 0.2, 19, 0.2, 6604, 0.0025
10, 0.2, 19, 0.2, 6605, 0.0025
10, 0.2, 19, 0.2, 6606, 0.0025
10, 0.2, 19, 0.2, 6607, 0.0025
10, 0.2, 19, 0.2, 6608, 0.0025
10, 0.2, 19, 0.2, 6609, 0.0025
10, 0.2, 9, 0.1450000000000019, 6611, 0.0025
10, 0.2, 18, 0.06999999999999999, 6612, 0.0025
10, 0.2, 18, 0.06999999999999999, 6613, 0.0025
10, 0.2, 18, 0.06999999999999999, 6614, 0.0025
10, 0.2, 18, 0.06999999999999999, 6615, 0.0025
10, 0.2, 14, 0.1025, 6730, 0.0025
10, 0.2, 14, 0.1025, 6731, 0.0025
10, 0.2, 14, 0.1025, 6732, 0.0025
10, 0.2, 14, 0.1025, 6733, 0.0025
10, 0.2, 14, 0.1025, 6734, 0.0025
10, 0.2, 19, 0.2, 6736, 0.0025
10, 0.2, 19, 0.2, 6737, 0.0025
10, 0.2, 19, 0.2, 6738, 0.0025
10, 0.2, 19, 0.2, 6739, 0.0025
10, 0.2, 19, 0.2, 6740, 0.0025
10, 0.2, 19, 0.2, 6741, 0.0025
10, 0.2, 19, 0.2, 6742, 0.0025
10, 0.2, 18, 0.06999999999999999, 6745, 0.0025
10, 0.2, 18, 0.06999999999999999, 6746, 0.0025
10, 0.2, 14, 0.1025, 6863, 0.0025
10, 0.2, 14, 0.1025, 6864, 0.0025
10, 0.2, 14, 0.1025, 6865, 0.0025
10, 0.2, 14, 0.1025, 6866, 0.0025
10, 0.2, 14, 0.1025, 6867, 0.0025
10, 0.2, 19, 0.2, 6869, 0.0025
10, 0.2, 19, 0.2, 6870, 0.0025
10, 0.2, 19, 0.2, 6871, 0.0025
10, 0.2, 19, 0.2, 6872, 0.0025
10, 0.2, 19, 0.2, 6873, 0.0025
10, 0.2, 19, 0.2, 6874, 0.0025
10, 0.2, 19, 0.2, 6875, 0.0025
10, 0.2, 19, 0.2, 6876, 0.0025
10, 0.2, 18, 0.06999999999999999, 6878, 0.0025
10, 0.2, 18, 0.06999999999999999, 6879, 0.0025
10, 0.2, 14, 0.1025, 6996, 0.0025
10, 0.2, 14, 0.1025, 6997, 0.0025
10, 0.2, 14, 0.1025, 6998, 0.0025
10, 0.2, 14, 0.1025, 6999, 0.0025
10, 0.2, 14, 0.1025, 7000, 0.0025
10, 0.2, 19, 0.2, 7003, 0.0025
10, 0.2, 19, 0.2, 7004, 0.0025
10, 0.2, 19, 0.2, 7005, 0.0025
10, 0.2, 19, 0.2, 7006, 0.0025
10, 0.2, 19, 0.2, 7007, 0.0025
10, 0.2, 19, 0.2, 7008, 0.0025
10, 0.2, 19, 0.2, 7009, 0.0025
10, 0.2, 19, 0.2, 7010, 0.0025
10, 0.2, 18, 0.06999999999999999, 7012, 0.0025
10, 0.2, 18, 0.06999999999999999, 7013, 0.0025
10, 0.2, 14, 0.1025, 7131, 0.0025
10, 0.2, 14, 0.1025, 7132, 0.0025
10, 0.2, 14, 0.1025, 7133, 0.0025
10, 0.2, 14, 0.1025, 7134, 0.0025
10, 0.2, 19, 0.2, 7136, 0.0025
10, 0.2, 19, 0.2, 7137, 0.0025
10, 0.2, 19, 0.2, 7138, 0.0025
10, 0.2, 19, 0.2, 7139, 0.0025
10, 0.2, 19, 0.2, 7140, 0.0025
10, 0.2, 19, 0.2, 7141, 0.0025
10, 0.2, 19, 0.2, 7142, 0.0025
10, 0.2, 19, 0.2, 7143, 0.0025
10, 0.2, 19, 0.2, 7144, 0.0025
10, 0.2, 18, 0.06999999999999999, 7146, 0.0025
10, 0.2, 18, 0.06999999999999999, 7147, 0.0025
10, 0.2, 14, 0.1025, 7267, 0.0025
10, 0.2, 14, 0.1025, 7269, 0.0025
10, 0.2, 14, 0.1025, 7270, 0.0025
10, 0.2, 19, 0.2, 7271, 0.0025
10, 0.2, 19, 0.2, 7272, 0.0025
10, 0.2, 19, 0.2, 7273, 0.0025
10, 0.2, 19, 0.2, 7274, 0.0025
10, 0.2, 19, 0.2, 7275, 0.0025
10, 0.2, 19, 0.2, 7276, 0.0025
10, 0.2, 19, 0.2, 7277, 0.0025
10, 0.2, 19, 0.2, 7278, 0.0025
10, 0.2, 19, 0.2, 7279, 0.0025
10, 0.2, 19, 0.2, 7280, 0.0025
10, 0.2, 19, 0.2, 7281, 0.0025
10, 0.2, 18, 0.06999999999999999, 7282, 0.0025
10, 0.2, 18, 0.06999999999999999, 7283, 0.0025
10, 0.2, 14, 0.1025, 7404, 0.0025
10, 0.2, 19, 0.2, 7407, 0.0025
10, 0.2, 19, 0.2, 7408, 0.0025
10, 0.2, 19, 0.2, 7409, 0.0025
10, 0.2, 19, 0.2, 7410, 0.0025
10, 0.2, 19, 0.2, 7411, 0.0025
10, 0.2, 19, 0.2, 7412, 0.0025
10, 0.2, 19, 0.2, 7413, 0.0025
10, 0.2, 19, 0.2, 7414, 0.0025
10, 0.2, 19, 0.2, 7415, 0.0025
10, 0.2, 19, 0.2, 7416, 0.0025
10, 0.2, 18, 0.06999999999999999, 7418, 0.0025
10, 0.2, 18, 0.06999999999999999, 7419, 0.0025
10, 0.2, 18, 0.06999999999999999, 7420, 0.0025
10, 0.2, 14, 0.1025, 7540, 0.0025
10, 0.2, 14, 0.1025, 7541, 0.0025
10, 0.2, 14, 0.1025, 7542, 0.0025
10, 0.2, 14, 0.1025, 7543, 0.0025
10, 0.2, 19, 0.2, 7545, 0.0025
10, 0.2, 19, 0.2, 7546, 0.0025
10, 0.2, 19, 0.2, 7547, 0.0025
10, 0.2, 19, 0.2, 7548, 0.0025
10, 0.2, 19, 0.2, 7549, 0.0025
10, 0.2, 19, 0.2, 7550, 0.0025
10, 0.2, 19, 0.2, 7551, 0.0025
10, 0.2, 19, 0.2, 7552, 0.0025
10, 0.2, 19, 0.2, 7553, 0.0025
10, 0.2, 18, 0.06999999999999999, 7555, 0.0025
10, 0.2, 18, 0.06999999999999999, 7556, 0.0025
10, 0.2, 14, 0.1025, 7679, 0.0025
10, 0.2, 14, 0.1025, 7680, 0.0025
10, 0.2, 14, 0.1025, 7681, 0.0025
10, 0.2, 19, 0.2, 7684, 0.0025
10, 0.2, 19, 0.2, 7685, 0.0025
10, 0.2, 19, 0.2, 7686, 0.0025
10, 0.2, 19, 0.2, 7687, 0.0025
10, 0.2, 19, 0.2, 7688, 0.0025
10, 0.2, 19, 0.2, 7689, 0.0025
10, 0.2, 19, 0.2, 7690, 0.0025
10, 0.2, 18, 0.06999999999999999, 7693, 0.0025
10, 0.2, 18, 0.06999999999999999, 7694, 0.0025
10, 0.2, 18, 0.06999999999999999, 7695, 0.0025
10, 0.2, 19, 0.2, 7824, 0.0025
10, 0.2, 18, 0.06999999999999999, 7832, 0.0025
10, 0.2, 18, 0.06999999999999999, 7833, 0.0025
10, 0.2, 18, 0.06999999999999999, 7834, 0.0025
10, 0.2, 18, 0.06999999999999999, 7971, 0.0025
10, 0.2, 18, 0.06999999999999999, 7972, 0.0025
10, 0.2, 18, 0.06999999999999999, 7973, 0.0025
10, 0.2, 25, 0.1349999999999992, 9428, 0.0025
10, 0.2, 25, 0.1349999999999992, 9577, 0.0025
10, 0.2, 25, 0.1349999999999992, 9578, 0.0025
10, 0.2, 25, 0.1349999999999992, 9717, 0.0025
10, 0.2, 25, 0.1349999999999992, 9718, 0.0025
10, 0.2, 25, 0.1349999999999992, 9719, 0.0025
10, 0.2, 25, 0.1349999999999992, 9720, 0.0025
10, 0.2, 25, 0.1349999999999992, 9847, 0.0025
10, 0.2, 25, 0.1349999999999992, 9849, 0.0025
10, 0.2, 25, 0.1349999999999992, 9850, 0.0025
10, 0.2, 25, 0.1349999999999992, 9851, 0.0025
10, 0.2, 25, 0.1349999999999992, 9852, 0.0025
10, 0.2, 25, 0.1349999999999992, 9975, 0.0025
10, 0.2, 25, 0.1349999999999992, 9976, 0.0025
10, 0.2, 25, 0.1349999999999992, 9977, 0.0025
10, 0.2, 25, 0.1349999999999992, 10090, 0.0025
10, 0.2, 25, 0.1349999999999992, 10093, 0.0025
10, 0.2, 25, 0.1349999999999992, 10095, 0.0025
10, 0.2, 25, 0.1349999999999992, 10096, 0.0025
10, 0.2, 25, 0.1349999999999992, 10097, 0.0025
10, 0.2, 25, 0.1349999999999992, 10203, 0.0025
10, 0.2, 25, 0.1349999999999992, 10204, 0.0025
10, 0.2, 25, 0.1349999999999992, 10205, 0.0025
10, 0.2, 25, 0.1349999999999992, 10206, 0.0025
10, 0.2, 25, 0.1349999999999992, 10210, 0.0025
10, 0.2, 25, 0.1349999999999992, 10211, 0.0025
10, 0.2, 25, 0.1349999999999992, 10212, 0.0025
10, 0.2, 25, 0.1349999999999992, 10213, 0.0025
10, 0.2, 25, 0.1349999999999992, 10319, 0.0025
10, 0.2, 25, 0.1349999999999992, 10321, 0.0025
10, 0.2, 25, 0.1349999999999992, 10322, 0.0025
10, 0.2, 25, 0.1349999999999992, 10323, 0.0025
10, 0.2, 25, 0.1349999999999992, 10324, 0.0025
10, 0.2, 25, 0.1349999999999992, 10328, 0.0025
10, 0.2, 25, 0.1349999999999992, 10329, 0.0025
10, 0.2, 25, 0.1349999999999992, 10330, 0.0025
10, 0.2, 25, 0.1349999999999992, 10435, 0.0025
10, 0.2, 25, 0.1349999999999992, 10436, 0.0025
10, 0.2, 25, 0.1349999999999992, 10437, 0.0025
10, 0.2, 25, 0.1349999999999992, 10438, 0.0025
10, 0.2, 25, 0.1349999999999992, 10439, 0.0025
10, 0.2, 25, 0.1349999999999992, 10440, 0.0025
10, 0.2, 25, 0.1349999999999992, 10441, 0.0025
10, 0.2, 25, 0.1349999999999992, 10442, 0.0025
10, 0.2, 25, 0.1349999999999992, 10445, 0.0025
10, 0.2, 25, 0.1349999999999992, 10446, 0.0025
10, 0.2, 25, 0.1349999999999992, 10447, 0.0025
10, 0.2, 25, 0.1349999999999992, 10555, 0.0025
10, 0.2, 25, 0.1349999999999992, 10556, 0.0025
10, 0.2, 25, 0.1349999999999992, 10557, 0.0025
10, 0.2, 25, 0.1349999999999992, 10558, 0.0025
10, 0.2, 25, 0.1349999999999992, 10559, 0.0025
10, 0.2, 25, 0.1349999999999992, 10560, 0.0025
10, 0.2, 25, 0.1349999999999992, 10674, 0.0025
10, 0.2, 25, 0.1349999999999992, 10675, 0.0025
10, 0.2, 41, 0.1624999999999988, 16754, 0.0025
10, 0.2, 41, 0.1624999999999988, 16755, 0.0025
10, 0.2, 41, 0.1624999999999988, 16870, 0.0025
10, 0.2, 38, 0.03500000000000004, 16879, 0.0025
10, 0.2, 41, 0.1624999999999988, 16986, 0.0025
10, 0.2, 41, 0.1624999999999988, 16987, 0.0025
10, 0.2, 38, 0.03500000000000004, 16990, 0.0025
10, 0.2, 38, 0.03500000000000004, 16991, 0.0025
10, 0.2, 41, 0.1624999999999988, 17087, 0.0025
10, 0.2, 41, 0.1624999999999988, 17091, 0.0025
10, 0.2, 41, 0.1624999999999988, 17092, 0.0025
10, 0.2, 41, 0.1624999999999988, 17093, 0.0025
10, 0.2, 41, 0.1624999999999988, 17094, 0.0025
10, 0.2, 41, 0.1624999999999988, 17095, 0.0025
10, 0.2, 38, 0.03500000000000004, 17098, 0.0025
10, 0.2, 41, 0.1624999999999988, 17190, 0.0025
10, 0.2, 41, 0.1624999999999988, 17197, 0.0025
10, 0.2, 41, 0.1624999999999988, 17198, 0.0025
10, 0.2, 41, 0.1624999999999988, 17200, 0.0025
10, 0.2, 38, 0.03500000000000004, 17201, 0.0025
10, 0.2, 38, 0.03500000000000004, 17203, 0.0025
10, 0.2, 41, 0.1624999999999988, 17293, 0.0025
10, 0.2, 41, 0.1624999999999988, 17295, 0.0025
10, 0.2, 41, 0.1624999999999988, 17299, 0.0025
10, 0.2, 41, 0.1624999999999988, 17301, 0.0025
10, 0.2, 41, 0.1624999999999988, 17303, 0.0025
10, 0.2, 38, 0.03500000000000004, 17304, 0.0025
10, 0.2, 38, 0.03500000000000004, 17305, 0.0025
10, 0.2, 38, 0.03500000000000004, 17306, 0.0025
10, 0.2, 41, 0.1624999999999988, 17395, 0.0025
10, 0.2, 41, 0.1624999999999988, 17401, 0.0025
10, 0.2, 41, 0.1624999999999988, 17402, 0.0025
10, 0.2, 41, 0.1624999999999988, 17404, 0.0025
10, 0.2, 41, 0.1624999999999988, 17405, 0.0025
10, 0.2, 38, 0.03500000000000004, 17407, 0.0025
10, 0.2, 38, 0.03500000000000004, 17408, 0.0025
10, 0.2, 38, 0.03500000000000004, 17409, 0.0025
10, 0.2, 41, 0.1624999999999988, 17503, 0.0025
10, 0.2, 41, 0.1624999999999988, 17504, 0.0025
10, 0.2, 41, 0.1624999999999988, 17505, 0.0025
10, 0.2, 41, 0.1624999999999988, 17506, 0.0025
10, 0.2, 41, 0.1624999999999988, 17508, 0.0025
10, 0.2, 41, 0.1624999999999988, 17509, 0.0025
10, 0.2, 38, 0.03500000000000004, 17512, 0.0025
10, 0.2, 41, 0.1624999999999988, 17602, 0.0025
10, 0.2, 41, 0.1624999999999988, 17603, 0.0025
10, 0.2, 41, 0.1624999999999988, 17604, 0.0025
10, 0.2, 41, 0.1624999999999988, 17605, 0.0025
10, 0.2, 41, 0.1624999999999988, 17606, 0.0025
10, 0.2, 41, 0.1624999999999988, 17607, 0.0025
10, 0.2, 41, 0.1624999999999988, 17608, 0.0025
10, 0.2, 41, 0.1624999999999988, 17609, 0.0025
10, 0.2, 38, 0.03500000000000004, 17612, 0.0025
10, 0.2, 41, 0.1624999999999988, 17696, 0.0025
10, 0.2, 41, 0.1624999999999988, 17697, 0.0025
10, 0.2, 41, 0.1624999999999988, 17698, 0.0025
10, 0.2, 41, 0.1624999999999988, 17699, 0.0025
10, 0.2, 41, 0.1624999999999988, 17700, 0.0025
10, 0.2, 41, 0.1624999999999988, 17702, 0.0025
10, 0.2, 41, 0.1624999999999988, 17703, 0.0025
10, 0.2, 41, 0.1624999999999988, 17704, 0.0025
10, 0.2, 38, 0.03500000000000004, 17708, 0.0025
10, 0.2, 41, 0.1624999999999988, 17790, 0.0025
10, 0.2, 41, 0.1624999999999988, 17791, 0.0025
10, 0.2, 41, 0.1624999999999988, 17792, 0.0025
10, 0.2, 41, 0.1624999999999988, 17793, 0.0025
10, 0.2, 41, 0.1624999999999988, 17794, 0.0025
10, 0.2, 41, 0.1624999999999988, 17795, 0.0025
10, 0.2, 41, 0.1624999999999988, 17797, 0.0025
10, 0.2, 41, 0.1624999999999988, 17885, 0.0025
10, 0.2, 41, 0.1624999999999988, 17889, 0.0025
10, 0.2, 41, 0.1624999999999988, 17976, 0.0025
10, 0.2, 41, 0.1624999999999988, 17978, 0.0025
10, 0.2, 41, 0.1624999999999988, 17980, 0.0025
10, 0.2, 41, 0.1624999999999988, 17982, 0.0025
10, 0.2, 41, 0.1624999999999988, 18060, 0.0025
10, 0.2, 41, 0.1624999999999988, 18062, 0.0025
10, 0.2, 41, 0.1624999999999988, 18064, 0.0025
10, 0.2, 41, 0.1624999999999988, 18066, 0.0025
10, 0.2, 41, 0.1624999999999988, 18149, 0.0025
10, 0.2, 41, 0.1624999999999988, 18232, 0.0025
10, 0.2, 144, 0.03499999999999991, 65837, 0.0025
10, 0.2, 144, 0.03499999999999991, 65978, 0.0025
10, 0.2, 144, 0.03499999999999991, 66118, 0.0025
10, 0.2, 144, 0.03499999999999991, 66249, 0.0025
10, 0.2, 144, 0.03499999999999991, 66251, 0.0025
10, 0.2, 144, 0.03499999999999991, 66258, 0.0025
10, 0.2, 144, 0.03499999999999991, 66259, 0.0025
10, 0.2, 144, 0.03499999999999991, 66387, 0.0025
10, 0.2, 144, 0.03499999999999991, 66390, 0.0025
10, 0.2, 144, 0.03499999999999991, 66393, 0.0025
10, 0.2, 144, 0.03499999999999991, 66523, 0.0025
10, 0.2, 144, 0.03499999999999991, 66524, 0.0025
10, 0.2, 144, 0.03499999999999991, 66787, 0.0025
10, 0.2, 144, 0.03499999999999991, 66788, 0.0025
10, 0.2, 144, 0.03499999999999991, 66915, 0.0025
10, 0.25, 1, 0.0775, 761, 0.0025
10, 0.25, 1, 0.0775, 762, 0.0025
10, 0.25, 1, 0.0775, 817, 0.0025
10, 0.25, 1, 0.0775, 818, 0.0025
10, 0.25, 1, 0.0775, 875, 0.0025
10, 0.25, 1, 0.0775, 876, 0.0025
10, 0.25, 1, 0.0775, 877, 0.0025
10, 0.25, 1, 0.0775, 936, 0.0025
10, 0.25, 1, 0.0775, 937, 0.0025
10, 0.25, 1, 0.0775, 938, 0.0025
10, 0.25, 1, 0.0775, 1330, 0.0025
10, 0.25, 1, 0.0775, 1331, 0.0025
10, 0.25, 1, 0.0775, 1332, 0.0025
10, 0.25, 1, 0.0775, 1333, 0.0025
10, 0.25, 1, 0.0775, 1334, 0.0025
10, 0.25, 1, 0.0775, 1406, 0.0025
10, 0.25, 1, 0.0775, 1407, 0.0025
10, 0.25, 1, 0.0775, 1408, 0.0025
10, 0.25, 1, 0.0775, 1409, 0.0025
10, 0.25, 1, 0.0775, 1410, 0.0025
10, 0.25, 1, 0.0775, 1482, 0.0025
10, 0.25, 1, 0.0775, 1483, 0.0025
10, 0.25, 1, 0.0775, 1484, 0.0025
10, 0.25, 1, 0.0775, 1485, 0.0025
10, 0.25, 1, 0.0775, 1486, 0.0025
10, 0.25, 1, 0.0775, 1560, 0.0025
10, 0.25, 1, 0.0775, 1561, 0.0025
10, 0.25, 1, 0.0775, 1562, 0.0025
10, 0.25, 1, 0.0775, 1563, 0.0025
10, 0.25, 1, 0.0775, 1641, 0.0025
10, 0.25, 1, 0.0775, 1642, 0.0025
10, 0.25, 1, 0.0775, 1724, 0.0025
10, 0.25, 5, 0.0625, 2535, 0.0025
10, 0.25, 5, 0.0625, 2536, 0.0025
10, 0.25, 5, 0.0625, 2537, 0.0025
10, 0.25, 5, 0.0625, 2742, 0.0025
10, 0.25, 5, 0.0625, 2953, 0.0025
10, 0.25, 5, 0.0625, 3058, 0.0025
10, 0.25, 5, 0.0625, 3059, 0.0025
10, 0.25, 5, 0.0625, 3166, 0.0025
10, 0.25, 5, 0.0625, 3167, 0.0025
10, 0.25, 5, 0.0625, 3272, 0.0025
10, 0.25, 5, 0.0625, 3273, 0.0025
10, 0.25, 5, 0.0625, 3274, 0.0025
10, 0.25, 5, 0.0625, 3275, 0.0025
10, 0.25, 5, 0.0625, 3380, 0.0025
10, 0.25, 5, 0.0625, 3381, 0.0025
10, 0.25, 5, 0.0625, 3382, 0.0025
10, 0.25, 5, 0.0625, 3383, 0.0025
10, 0.25, 5, 0.0625, 3492, 0.0025
10, 0.25, 5, 0.0625, 3493, 0.0025
10, 0.25, 5, 0.0625, 3494, 0.0025
10, 0.25, 5, 0.0625, 3602, 0.0025
10, 0.25, 5, 0.0625, 3604, 0.0025
10, 0.25, 5, 0.0625, 3714, 0.0025
10, 0.25, 5, 0.0625, 3715, 0.0025
10, 0.25, 5, 0.0625, 3716, 0.0025
10, 0.25, 5, 0.0625, 3943, 0.0025
10, 0.25, 9, 0.105, 5826, 0.0025
10, 0.25, 9, 0.105, 5827, 0.0025
10, 0.25, 9, 0.105, 5829, 0.0025
10, 0.25, 9, 0.105, 5952, 0.0025
10, 0.25, 9, 0.105, 5953, 0.0025
10, 0.25, 9, 0.105, 5954, 0.0025
10, 0.25, 9, 0.105, 5955, 0.0025
10, 0.25, 9, 0.105, 5956, 0.0025
10, 0.25, 9, 0.105, 5957, 0.0025
10, 0.25, 9, 0.105, 5958, 0.0025
10, 0.25, 9, 0.105, 5959, 0.0025
10, 0.25, 9, 0.105, 6079, 0.0025
10, 0.25, 9, 0.105, 6080, 0.0025
10, 0.25, 9, 0.105, 6081, 0.0025
10, 0.25, 9, 0.105, 6082, 0.0025
10, 0.25, 9, 0.105, 6083, 0.0025
10, 0.25, 9, 0.105, 6084, 0.0025
10, 0.25, 9, 0.105, 6085, 0.0025
10, 0.25, 9, 0.105, 6086, 0.0025
10, 0.25, 9, 0.105, 6087, 0.0025
10, 0.25, 9, 0.105, 6088, 0.0025
10, 0.25, 14, 0.085, 6207, 0.0025
10, 0.25, 9, 0.105, 6209, 0.0025
10, 0.25, 9, 0.105, 6210, 0.0025
10, 0.25, 9, 0.105, 6211, 0.0025
10, 0.25, 9, 0.105, 6212, 0.0025
10, 0.25, 9, 0.105, 6213, 0.0025
10, 0.25, 9, 0.105, 6214, 0.0025
10, 0.25, 9, 0.105, 6215, 0.0025
10, 0.25, 9, 0.105, 6216, 0.0025
10, 0.25, 9, 0.105, 6217, 0.0025
10, 0.25, 14, 0.085, 6337, 0.0025
10, 0.25, 14, 0.085, 6338, 0.0025
10, 0.25, 9, 0.105, 6342, 0.0025
10, 0.25, 9, 0.105, 6343, 0.0025
10, 0.25, 9, 0.105, 6344, 0.0025
10, 0.25, 9, 0.105, 6345, 0.0025
10, 0.25, 9, 0.105, 6346, 0.0025
10, 0.25, 9, 0.105, 6347, 0.0025
10, 0.25, 9, 0.105, 6348, 0.0025
10, 0.25, 9, 0.105, 6349, 0.0025
10, 0.25, 14, 0.085, 6467, 0.0025
10, 0.25, 14, 0.085, 6468, 0.0025
10, 0.25, 14, 0.085, 6469, 0.0025
10, 0.25, 19, 0.2, 6472, 0.0025
10, 0.25, 19, 0.2, 6473, 0.0025
10, 0.25, 19, 0.2, 6474, 0.0025
10, 0.25, 19, 0.2, 6475, 0.0025
10, 0.25, 9, 0.105, 6476, 0.0025
10, 0.25, 9, 0.105, 6477, 0.0025
10, 0.25, 9, 0.105, 6478, 0.0025
10, 0.25, 9, 0.105, 6479, 0.0025
10, 0.25, 14, 0.085, 6599, 0.0025
10, 0.25, 14, 0.085, 6600, 0.0025
10, 0.25, 14, 0.085, 6601, 0.0025
10, 0.25, 19, 0.2, 6603, 0.0025
10, 0.25, 19, 0.2, 6604, 0.0025
10, 0.25, 19, 0.2, 6605, 0.0025
10, 0.25, 19, 0.2, 6606, 0.0025
10, 0.25, 19, 0.2, 6607, 0.0025
10, 0.25, 19, 0.2, 6608, 0.0025
10, 0.25, 19, 0.2, 6609, 0.0025
10, 0.25, 9, 0.105, 6611, 0.0025
10, 0.25, 14, 0.085, 6731, 0.0025
10, 0.25, 14, 0.085, 6732, 0.0025
10, 0.25, 14, 0.085, 6733, 0.0025
10, 0.25, 14, 0.085, 6734, 0.0025
10, 0.25, 19, 0.2, 6736, 0.0025
10, 0.25, 19, 0.2, 6737, 0.0025
10, 0.25, 19, 0.2, 6738, 0.0025
10, 0.25, 19, 0.2, 6739, 0.0025
10, 0.25, 19, 0.2, 6740, 0.0025
10, 0.25, 19, 0.2, 6741, 0.0025
10, 0.25, 19, 0.2, 6742, 0.0025
10, 0.25, 14, 0.085, 6864, 0.0025
10, 0.25, 14, 0.085, 6865, 0.0025
10, 0.25, 14, 0.085, 6866, 0.0025
10, 0.25, 14, 0.085, 6867, 0.0025
10, 0.25, 19, 0.2, 6869, 0.0025
10, 0.25, 19, 0.2, 6870, 0.0025
10, 0.25, 19, 0.2, 6871, 0.0025
10, 0.25, 19, 0.2, 6872, 0.0025
10, 0.25, 19, 0.2, 6873, 0.0025
10, 0.25, 19, 0.2, 6874, 0.0025
10, 0.25, 19, 0.2, 6875, 0.0025
10, 0.25, 19, 0.2, 6876, 0.0025
10, 0.25, 18, 0.03500000000000131, 6878, 0.0025
10, 0.25, 14, 0.085, 6997, 0.0025
10, 0.25, 14, 0.085, 6998, 0.0025
10, 0.25, 14, 0.085, 6999, 0.0025
10, 0.25, 14, 0.085, 7000, 0.0025
10, 0.25, 19, 0.2, 7003, 0.0025
10, 0.25, 19, 0.2, 7004, 0.0025
10, 0.25, 19, 0.2, 7005, 0.0025
10, 0.25, 19, 0.2, 7006, 0.0025
10, 0.25, 19, 0.2, 7007, 0.0025
10, 0.25, 19, 0.2, 7008, 0.0025
10, 0.25, 19, 0.2, 7009, 0.0025
10, 0.25, 19, 0.2, 7010, 0.0025
10, 0.25, 18, 0.03500000000000131, 7012, 0.0025
10, 0.25, 14, 0.085, 7131, 0.0025
10, 0.25, 14, 0.085, 7132, 0.0025
10, 0.25, 14, 0.085, 7133, 0.0025
10, 0.25, 14, 0.085, 7134, 0.0025
10, 0.25, 19, 0.2, 7136, 0.0025
10, 0.25, 19, 0.2, 7137, 0.0025
10, 0.25, 19, 0.2, 7138, 0.0025
10, 0.25, 19, 0.2, 7139, 0.0025
10, 0.25, 19, 0.2, 7140, 0.0025
10, 0.25, 19, 0.2, 7141, 0.0025
10, 0.25, 19, 0.2, 7142, 0.0025
10, 0.25, 19, 0.2, 7143, 0.0025
10, 0.25, 19, 0.2, 7144, 0.0025
10, 0.25, 18, 0.03500000000000131, 7146, 0.0025
10, 0.25, 18, 0.03500000000000131, 7147, 0.0025
10, 0.25, 14, 0.085, 7269, 0.0025
10, 0.25, 14, 0.085, 7270, 0.0025
10, 0.25, 19, 0.2, 7271, 0.0025
10, 0.25, 19, 0.2, 7272, 0.0025
10, 0.25, 19, 0.2, 7273, 0.0025
10, 0.25, 19, 0.2, 7274, 0.0025
10, 0.25, 19, 0.2, 7275, 0.0025
10, 0.25, 19, 0.2, 7276, 0.0025
10, 0.25, 19, 0.2, 7277, 0.0025
10, 0.25, 19, 0.2, 7278, 0.0025
10, 0.25, 19, 0.2, 7279, 0.0025
10, 0.25, 19, 0.2, 7280, 0.0025
10, 0.25, 19, 0.2, 7281, 0.0025
10, 0.25, 18, 0.03500000000000131, 7282, 0.0025
10, 0.25, 18, 0.03500000000000131, 7283, 0.0025
10, 0.25, 14, 0.085, 7404, 0.0025
10, 0.25, 19, 0.2, 7407, 0.0025
10, 0.25, 19, 0.2, 7408, 0.0025
10, 0.25, 19, 0.2, 7409, 0.0025
10, 0.25, 19, 0.2, 7410, 0.0025
10, 0.25, 19, 0.2, 7411, 0.0025
10, 0.25, 19, 0.2, 7412, 0.0025
10, 0.25, 19, 0.2, 7413, 0.0025
10, 0.25, 19, 0.2, 7414, 0.0025
10, 0.25, 19, 0.2, 7415, 0.0025
10, 0.25, 19, 0.2, 7416, 0.0025
10, 0.25, 18, 0.03500000000000131, 7418, 0.0025
10, 0.25, 14, 0.085, 7540, 0.0025
10, 0.25, 14, 0.085, 7541, 0.0025
10, 0.25, 14, 0.085, 7542, 0.0025
10, 0.25, 14, 0.085, 7543, 0.0025
10, 0.25, 19, 0.2, 7545, 0.0025
10, 0.25, 19, 0.2, 7546, 0.0025
10, 0.25, 19, 0.2, 7547, 0.0025
10, 0.25, 19, 0.2, 7548, 0.0025
10, 0.25, 19, 0.2, 7549, 0.0025
10, 0.25, 19, 0.2, 7550, 0.0025
10, 0.25, 19, 0.2, 7551, 0.0025
10, 0.25, 19, 0.2, 7552, 0.0025
10, 0.25, 19, 0.2, 7553, 0.0025
10, 0.25, 18, 0.03500000000000131, 7555, 0.0025
10, 0.25, 18, 0.03500000000000131, 7556, 0.0025
10, 0.25, 14, 0.085, 7679, 0.0025
10, 0.25, 14, 0.085, 7680, 0.0025
10, 0.25, 14, 0.085, 7681, 0.0025
10, 0.25, 19, 0.2, 7684, 0.0025
10, 0.25, 19, 0.2, 7685, 0.0025
10, 0.25, 19, 0.2, 7686, 0.0025
10, 0.25, 19, 0.2, 7687, 0.0025
10, 0.25, 19, 0.2, 7688, 0.0025
10, 0.25, 19, 0.2, 7689, 0.0025
10, 0.25, 19, 0.2, 7690, 0.0025
10, 0.25, 18, 0.03500000000000131, 7693, 0.0025
10, 0.25, 18, 0.03500000000000131, 7694, 0.0025
10, 0.25, 19, 0.2, 7824, 0.0025
10, 0.25, 18, 0.03500000000000131, 7832, 0.0025
10, 0.25, 18, 0.03500000000000131, 7833, 0.0025
10, 0.25, 18, 0.03500000000000131, 7971, 0.0025
10, 0.25, 18, 0.03500000000000131, 7972, 0.0025
10, 0.25, 25, 0.135, 9428, 0.0025
10, 0.25, 25, 0.135, 9577, 0.0025
10, 0.25, 25, 0.135, 9578, 0.0025
10, 0.25, 25, 0.135, 9717, 0.0025
10, 0.25, 25, 0.135, 9718, 0.0025
10, 0.25, 25, 0.135, 9719, 0.0025
10, 0.25, 25, 0.135, 9720, 0.0025
10, 0.25, 25, 0.135, 9847, 0.0025
10, 0.25, 25, 0.135, 9849, 0.0025
10, 0.25, 25, 0.135, 9850, 0.0025
10, 0.25, 25, 0.135, 9851, 0.0025
10, 0.25, 25, 0.135, 9852, 0.0025
10, 0.25, 25, 0.135, 9975, 0.0025
10, 0.25, 25, 0.135, 9976, 0.0025
10, 0.25, 25, 0.135, 9977, 0.0025
10, 0.25, 25, 0.135, 10090, 0.0025
10, 0.25, 25, 0.135, 10093, 0.0025
10, 0.25, 25, 0.135, 10095, 0.0025
10, 0.25, 25, 0.135, 10096, 0.0025
10, 0.25, 25, 0.135, 10097, 0.0025
10, 0.25, 25, 0.135, 10203, 0.0025
10, 0.25, 25, 0.135, 10204, 0.0025
10, 0.25, 25, 0.135, 10205, 0.0025
10, 0.25, 25, 0.135, 10206, 0.0025
10, 0.25, 25, 0.135, 10210, 0.0025
10, 0.25, 25, 0.135, 10211, 0.0025
10, 0.25, 25, 0.135, 10212, 0.0025
10, 0.25, 25, 0.135, 10213, 0.0025
10, 0.25, 25, 0.135, 10319, 0.0025
10, 0.25, 25, 0.135, 10321, 0.0025
10, 0.25, 25, 0.135, 10322, 0.0025
10, 0.25, 25, 0.135, 10323, 0.0025
10, 0.25, 25, 0.135, 10324, 0.0025
10, 0.25, 25, 0.135, 10328, 0.0025
10, 0.25, 25, 0.135, 10329, 0.0025
10, 0.25, 25, 0.135, 10330, 0.0025
10, 0.25, 25, 0.135, 10435, 0.0025
10, 0.25, 25, 0.135, 10436, 0.0025
10, 0.25, 25, 0.135, 10437, 0.0025
10, 0.25, 25, 0.135, 10438, 0.0025
10, 0.25, 25, 0.135, 10439, 0.0025
10, 0.25, 25, 0.135, 10440, 0.0025
10, 0.25, 25, 0.135, 10441, 0.0025
10, 0.25, 25, 0.135, 10442, 0.0025
10, 0.25, 25, 0.135, 10445, 0.0025
10, 0.25, 25, 0.135, 10446, 0.0025
10, 0.25, 25, 0.135, 10447, 0.0025
10, 0.25, 25, 0.135, 10555, 0.0025
10, 0.25, 25, 0.135, 10556, 0.0025
10, 0.25, 25, 0.135, 10557, 0.0025
10, 0.25, 25, 0.135, 10558, 0.0025
10, 0.25, 25, 0.135, 10559, 0.0025
10, 0.25, 25, 0.135, 10560, 0.0025
10, 0.25, 25, 0.135, 10674, 0.0025
10, 0.25, 25, 0.135, 10675, 0.0025
10, 0.25, 41, 0.1975, 16651, 0.0025
10, 0.25, 41, 0.1975, 16653, 0.0025
10, 0.25, 41, 0.1975, 16754, 0.0025
10, 0.25, 41, 0.1975, 16755, 0.0025
10, 0.25, 41, 0.1975, 16870, 0.0025
10, 0.25, 41, 0.1975, 16876, 0.0025
10, 0.25, 41, 0.1975, 16877, 0.0025
10, 0.25, 41, 0.1975, 16986, 0.0025
10, 0.25, 41, 0.1975, 16987, 0.0025
10, 0.25, 41, 0.1975, 17087, 0.0025
10, 0.25, 41, 0.1975, 17091, 0.0025
10, 0.25, 41, 0.1975, 17092, 0.0025
10, 0.25, 41, 0.1975, 17093, 0.0025
10, 0.25, 41, 0.1975, 17094, 0.0025
10, 0.25, 41, 0.1975, 17095, 0.0025
10, 0.25, 41, 0.1975, 17190, 0.0025
10, 0.25, 41, 0.1975, 17197, 0.0025
10, 0.25, 41, 0.1975, 17198, 0.0025
10, 0.25, 41, 0.1975, 17200, 0.0025
10, 0.25, 41, 0.1975, 17293, 0.0025
10, 0.25, 41, 0.1975, 17295, 0.0025
10, 0.25, 41, 0.1975, 17299, 0.0025
10, 0.25, 41, 0.1975, 17301, 0.0025
10, 0.25, 41, 0.1975, 17303, 0.0025
10, 0.25, 41, 0.1975, 17395, 0.0025
10, 0.25, 41, 0.1975, 17401, 0.0025
10, 0.25, 41, 0.1975, 17402, 0.0025
10, 0.25, 41, 0.1975, 17404, 0.0025
10, 0.25, 41, 0.1975, 17405, 0.0025
10, 0.25, 41, 0.1975, 17503, 0.0025
10, 0.25, 41, 0.1975, 17504, 0.0025
10, 0.25, 41, 0.1975, 17505, 0.0025
10, 0.25, 41, 0.1975, 17506, 0.0025
10, 0.25, 41, 0.1975, 17508, 0.0025
10, 0.25, 41, 0.1975, 17509, 0.0025
10, 0.25, 41, 0.1975, 17602, 0.0025
10, 0.25, 41, 0.1975, 17603, 0.0025
10, 0.25, 41, 0.1975, 17604, 0.0025
10, 0.25, 41, 0.1975, 17605, 0.0025
10, 0.25, 41, 0.1975, 17606, 0.0025
10, 0.25, 41, 0.1975, 17607, 0.0025
10, 0.25, 41, 0.1975, 17608, 0.0025
10, 0.25, 41, 0.1975, 17609, 0.0025
10, 0.25, 41, 0.1975, 17696, 0.0025
10, 0.25, 41, 0.1975, 17697, 0.0025
10, 0.25, 41, 0.1975, 17698, 0.0025
10, 0.25, 41, 0.1975, 17699, 0.0025
10, 0.25, 41, 0.1975, 17700, 0.0025
10, 0.25, 41, 0.1975, 17702, 0.0025
10, 0.25, 41, 0.1975, 17703, 0.0025
10, 0.25, 41, 0.1975, 17704, 0.0025
10, 0.25, 41, 0.1975, 17790, 0.0025
10, 0.25, 41, 0.1975, 17791, 0.0025
10, 0.25, 41, 0.1975, 17792, 0.0025
10, 0.25, 41, 0.1975, 17793, 0.0025
10, 0.25, 41, 0.1975, 17794, 0.0025
10, 0.25, 41, 0.1975, 17795, 0.0025
10, 0.25, 41, 0.1975, 17797, 0.0025
10, 0.25, 41, 0.1975, 17885, 0.0025
10, 0.25, 41, 0.1975, 17888, 0.0025
10, 0.25, 41, 0.1975, 17889, 0.0025
10, 0.25, 41, 0.1975, 17890, 0.0025
10, 0.25, 41, 0.1975, 17892, 0.0025
10, 0.25, 41, 0.1975, 17976, 0.0025
10, 0.25, 41, 0.1975, 17977, 0.0025
10, 0.25, 41, 0.1975, 17978, 0.0025
10, 0.25, 41, 0.1975, 17979, 0.0025
10, 0.25, 41, 0.1975, 17980, 0.0025
10, 0.25, 41, 0.1975, 17982, 0.0025
10, 0.25, 41, 0.1975, 18060, 0.0025
10, 0.25, 41, 0.1975, 18062, 0.0025
10, 0.25, 41, 0.1975, 18064, 0.0025
10, 0.25, 41, 0.1975, 18066, 0.0025
10, 0.25, 41, 0.1975, 18149, 0.0025
10, 0.25, 41, 0.1975, 18150, 0.0025
10, 0.25, 41, 0.1975, 18157, 0.0025
10, 0.25, 41, 0.1975, 18230, 0.0025
10, 0.25, 41, 0.1975, 18232, 0.0025
10, 0.25, 41, 0.1975, 18233, 0.0025
10, 0.25, 41, 0.1975, 18234, 0.0025
10, 0.25, 131, 0.0525, 63886, 0.0025
10, 0.25, 131, 0.0525, 63888, 0.0025
10, 0.25, 131, 0.0525, 64047, 0.0025
10, 0.25, 131, 0.0525, 64048, 0.0025
10, 0.25, 131, 0.0525, 64049, 0.0025
10, 0.25, 131, 0.0525, 64050, 0.0025
10, 0.25, 131, 0.0525, 64051, 0.0025
10, 0.25, 131, 0.0525, 64052, 0.0025
10, 0.25, 131, 0.0525, 64207, 0.0025
10, 0.25, 131, 0.0525, 64208, 0.0025
10, 0.25, 131, 0.0525, 64209, 0.0025
10, 0.25, 131, 0.0525, 64211, 0.0025
10, 0.25, 131, 0.0525, 64212, 0.0025
10, 0.25, 131, 0.0525, 64213, 0.0025
10, 0.25, 131, 0.0525, 64368, 0.0025
10, 0.25, 131, 0.0525, 64369, 0.0025
10, 0.25, 131, 0.0525, 64370, 0.0025
10, 0.25, 131, 0.0525, 64371, 0.0025
10, 0.25, 131, 0.0525, 64526, 0.0025
10, 0.25, 131, 0.0525, 64527, 0.0025
10, 0.25, 131, 0.0525, 64677, 0.0025
10, 0.25, 131, 0.0525, 64678, 0.0025
10, 0.25, 144, 0.05, 65835, 0.0025
10, 0.25, 144, 0.05, 65836, 0.0025
10, 0.25, 144, 0.05, 65837, 0.0025
10, 0.25, 144, 0.05, 65975, 0.0025
10, 0.25, 144, 0.05, 65976, 0.0025
10, 0.25, 144, 0.05, 65977, 0.0025
10, 0.25, 144, 0.05, 65978, 0.0025
10, 0.25, 144, 0.05, 66113, 0.0025
10, 0.25, 144, 0.05, 66118, 0.0025
10, 0.25, 144, 0.05, 66249, 0.0025
10, 0.25, 144, 0.05, 66251, 0.0025
10, 0.25, 144, 0.05, 66258, 0.0025
10, 0.25, 144, 0.05, 66259, 0.0025
10, 0.25, 144, 0.05, 66387, 0.0025
10, 0.25, 144, 0.05, 66390, 0.0025
10, 0.25, 144, 0.05, 66393, 0.0025
10, 0.25, 144, 0.05, 66523, 0.0025
10, 0.25, 144, 0.05, 66524, 0.0025
10, 0.25, 144, 0.05, 66787, 0.0025
10, 0.25, 144, 0.05, 66788, 0.0025
10, 0.25, 144, 0.05, 66915, 0.0025
10, 0.30000000000000004, 1, 0.0875, 760, 0.0025
10, 0.30000000000000004, 1, 0.0875, 761, 0.0025
10, 0.30000000000000004, 1, 0.0875, 762, 0.0025
10, 0.30000000000000004, 1, 0.0875, 816, 0.0025
10, 0.30000000000000004, 1, 0.0875, 817, 0.0025
10, 0.30000000000000004, 1, 0.0875, 818, 0.0025
10, 0.30000000000000004, 1, 0.0875, 874, 0.0025
10, 0.30000000000000004, 1, 0.0875, 875, 0.0025
10, 0.30000000000000004, 1, 0.0875, 876, 0.0025
10, 0.30000000000000004, 1, 0.0875, 877, 0.0025
10, 0.30000000000000004, 1, 0.0875, 936, 0.0025
10, 0.30000000000000004, 1, 0.0875, 937, 0.0025
10, 0.30000000000000004, 1, 0.0875, 938, 0.0025
10, 0.30000000000000004, 1, 0.0875, 1258, 0.0025
10, 0.30000000000000004, 1, 0.0875, 1330, 0.0025
10, 0.30000000000000004, 1, 0.0875, 1331, 0.0025
10, 0.30000000000000004, 1, 0.0875, 1332, 0.0025
10, 0.30000000000000004, 1, 0.0875, 1333, 0.0025
10, 0.30000000000000004, 1, 0.0875, 1334, 0.0025
10, 0.30000000000000004, 1, 0.0875, 1406, 0.0025
10, 0.30000000000000004, 1, 0.0875, 1407, 0.0025
10, 0.30000000000000004, 1, 0.0875, 1408, 0.0025
10, 0.30000000000000004, 1, 0.0875, 1409, 0.0025
10, 0.30000000000000004, 1, 0.0875, 1410, 0.0025
10, 0.30000000000000004, 1, 0.0875, 1482, 0.0025
10, 0.30000000000000004, 1, 0.0875, 1483, 0.0025
10, 0.30000000000000004, 1, 0.0875, 1484, 0.0025
10, 0.30000000000000004, 1, 0.0875, 1485, 0.0025
10, 0.30000000000000004, 1, 0.0875, 1486, 0.0025
10, 0.30000000000000004, 1, 0.0875, 1560, 0.0025
10, 0.30000000000000004, 1, 0.0875, 1561, 0.0025
10, 0.30000000000000004, 1, 0.0875, 1562, 0.0025
10, 0.30000000000000004, 1, 0.0875, 1563, 0.0025
10, 0.30000000000000004, 1, 0.0875, 1641, 0.0025
10, 0.30000000000000004, 1, 0.0875, 1642, 0.0025
10, 0.30000000000000004, 1, 0.0875, 1724, 0.0025
10, 0.30000000000000004, 5, 0.05999999999999986, 2535, 0.0025
10, 0.30000000000000004, 5, 0.05999999999999986, 2536, 0.0025
10, 0.30000000000000004, 5, 0.05999999999999986, 2537, 0.0025
10, 0.30000000000000004, 5, 0.05999999999999986, 2742, 0.0025
10, 0.30000000000000004, 5, 0.05999999999999986, 2953, 0.0025
10, 0.30000000000000004, 5, 0.05999999999999986, 3058, 0.0025
10, 0.30000000000000004, 5, 0.05999999999999986, 3059, 0.0025
10, 0.30000000000000004, 5, 0.05999999999999986, 3166, 0.0025
10, 0.30000000000000004, 5, 0.05999999999999986, 3167, 0.0025
10, 0.30000000000000004, 5, 0.05999999999999986, 3272, 0.0025
10, 0.30000000000000004, 5, 0.05999999999999986, 3273, 0.0025
10, 0.30000000000000004, 5, 0.05999999999999986, 3274, 0.0025
10, 0.30000000000000004, 5, 0.05999999999999986, 3275, 0.0025
10, 0.30000000000000004, 5, 0.05999999999999986, 3380, 0.0025
10, 0.30000000000000004, 5, 0.05999999999999986, 3381, 0.0025
10, 0.30000000000000004, 5, 0.05999999999999986, 3382, 0.0025
10, 0.30000000000000004, 5, 0.05999999999999986, 3383, 0.0025
10, 0.30000000000000004, 5, 0.05999999999999986, 3492, 0.0025
10, 0.30000000000000004, 5, 0.05999999999999986, 3493, 0.0025
10, 0.30000000000000004, 5, 0.05999999999999986, 3494, 0.0025
10, 0.30000000000000004, 5, 0.05999999999999986, 3604, 0.0025
10, 0.30000000000000004, 5, 0.05999999999999986, 3714, 0.0025
10, 0.30000000000000004, 5, 0.05999999999999986, 3715, 0.0025
10, 0.30000000000000004, 5, 0.05999999999999986, 3716, 0.0025
10, 0.30000000000000004, 5, 0.05999999999999986, 3943, 0.0025
10, 0.30000000000000004, 9, 0.07999999999999996, 5827, 0.0025
10, 0.30000000000000004, 9, 0.07999999999999996, 5953, 0.0025
10, 0.30000000000000004, 9, 0.07999999999999996, 5954, 0.0025
10, 0.30000000000000004, 9, 0.07999999999999996, 5955, 0.0025
10, 0.30000000000000004, 9, 0.07999999999999996, 5956, 0.0025
10, 0.30000000000000004, 9, 0.07999999999999996, 6080, 0.0025
10, 0.30000000000000004, 9, 0.07999999999999996, 6081, 0.0025
10, 0.30000000000000004, 9, 0.07999999999999996, 6082, 0.0025
10, 0.30000000000000004, 9, 0.07999999999999996, 6083, 0.0025
10, 0.30000000000000004, 9, 0.07999999999999996, 6084, 0.0025
10, 0.30000000000000004, 9, 0.07999999999999996, 6085, 0.0025
10, 0.30000000000000004, 9, 0.07999999999999996, 6086, 0.0025
10, 0.30000000000000004, 9, 0.07999999999999996, 6087, 0.0025
10, 0.30000000000000004, 14, 0.0775, 6207, 0.0025
10, 0.30000000000000004, 9, 0.07999999999999996, 6209, 0.0025
10, 0.30000000000000004, 9, 0.07999999999999996, 6210, 0.0025
10, 0.30000000000000004, 9, 0.07999999999999996, 6211, 0.0025
10, 0.30000000000000004, 9, 0.07999999999999996, 6212, 0.0025
10, 0.30000000000000004, 9, 0.07999999999999996, 6213, 0.0025
10, 0.30000000000000004, 9, 0.07999999999999996, 6214, 0.0025
10, 0.30000000000000004, 9, 0.07999999999999996, 6215, 0.0025
10, 0.30000000000000004, 9, 0.07999999999999996, 6216, 0.0025
10, 0.30000000000000004, 14, 0.0775, 6337, 0.0025
10, 0.30000000000000004, 14, 0.0775, 6338, 0.0025
10, 0.30000000000000004, 9, 0.07999999999999996, 6342, 0.0025
10, 0.30000000000000004, 9, 0.07999999999999996, 6343, 0.0025
10, 0.30000000000000004, 9, 0.07999999999999996, 6344, 0.0025
10, 0.30000000000000004, 9, 0.07999999999999996, 6345, 0.0025
10, 0.30000000000000004, 9, 0.07999999999999996, 6346, 0.0025
10, 0.30000000000000004, 9, 0.07999999999999996, 6347, 0.0025
10, 0.30000000000000004, 9, 0.07999999999999996, 6348, 0.0025
10, 0.30000000000000004, 14, 0.0775, 6467, 0.0025
10, 0.30000000000000004, 14, 0.0775, 6468, 0.0025
10, 0.30000000000000004, 14, 0.0775, 6469, 0.0025
10, 0.30000000000000004, 19, 0.2, 6472, 0.0025
10, 0.30000000000000004, 19, 0.2, 6473, 0.0025
10, 0.30000000000000004, 19, 0.2, 6474, 0.0025
10, 0.30000000000000004, 19, 0.2, 6475, 0.0025
10, 0.30000000000000004, 9, 0.07999999999999996, 6476, 0.0025
10, 0.30000000000000004, 9, 0.07999999999999996, 6477, 0.0025
10, 0.30000000000000004, 9, 0.07999999999999996, 6478, 0.0025
10, 0.30000000000000004, 9, 0.07999999999999996, 6479, 0.0025
10, 0.30000000000000004, 14, 0.0775, 6599, 0.0025
10, 0.30000000000000004, 14, 0.0775, 6600, 0.0025
10, 0.30000000000000004, 14, 0.0775, 6601, 0.0025
10, 0.30000000000000004, 19, 0.2, 6603, 0.0025
10, 0.30000000000000004, 19, 0.2, 6604, 0.0025
10, 0.30000000000000004, 19, 0.2, 6605, 0.0025
10, 0.30000000000000004, 19, 0.2, 6606, 0.0025
10, 0.30000000000000004, 19, 0.2, 6607, 0.0025
10, 0.30000000000000004, 19, 0.2, 6608, 0.0025
10, 0.30000000000000004, 19, 0.2, 6609, 0.0025
10, 0.30000000000000004, 9, 0.07999999999999996, 6611, 0.0025
10, 0.30000000000000004, 14, 0.0775, 6731, 0.0025
10, 0.30000000000000004, 14, 0.0775, 6732, 0.0025
10, 0.30000000000000004, 14, 0.0775, 6733, 0.0025
10, 0.30000000000000004, 14, 0.0775, 6734, 0.0025
10, 0.30000000000000004, 19, 0.2, 6736, 0.0025
10, 0.30000000000000004, 19, 0.2, 6737, 0.0025
10, 0.30000000000000004, 19, 0.2, 6738, 0.0025
10, 0.30000000000000004, 19, 0.2, 6739, 0.0025
10, 0.30000000000000004, 19, 0.2, 6740, 0.0025
10, 0.30000000000000004, 19, 0.2, 6741, 0.0025
10, 0.30000000000000004, 19, 0.2, 6742, 0.0025
10, 0.30000000000000004, 14, 0.0775, 6864, 0.0025
10, 0.30000000000000004, 14, 0.0775, 6865, 0.0025
10, 0.30000000000000004, 14, 0.0775, 6866, 0.0025
10, 0.30000000000000004, 14, 0.0775, 6867, 0.0025
10, 0.30000000000000004, 19, 0.2, 6869, 0.0025
10, 0.30000000000000004, 19, 0.2, 6870, 0.0025
10, 0.30000000000000004, 19, 0.2, 6871, 0.0025
10, 0.30000000000000004, 19, 0.2, 6872, 0.0025
10, 0.30000000000000004, 19, 0.2, 6873, 0.0025
10, 0.30000000000000004, 19, 0.2, 6874, 0.0025
10, 0.30000000000000004, 19, 0.2, 6875, 0.0025
10, 0.30000000000000004, 19, 0.2, 6876, 0.0025
10, 0.30000000000000004, 14, 0.0775, 6998, 0.0025
10, 0.30000000000000004, 14, 0.0775, 6999, 0.0025
10, 0.30000000000000004, 14, 0.0775, 7000, 0.0025
10, 0.30000000000000004, 19, 0.2, 7003, 0.0025
10, 0.30000000000000004, 19, 0.2, 7004, 0.0025
10, 0.30000000000000004, 19, 0.2, 7005, 0.0025
10, 0.30000000000000004, 19, 0.2, 7006, 0.0025
10, 0.30000000000000004, 19, 0.2, 7007, 0.0025
10, 0.30000000000000004, 19, 0.2, 7008, 0.0025
10, 0.30000000000000004, 19, 0.2, 7009, 0.0025
10, 0.30000000000000004, 19, 0.2, 7010, 0.0025
10, 0.30000000000000004, 14, 0.0775, 7131, 0.0025
10, 0.30000000000000004, 14, 0.0775, 7132, 0.0025
10, 0.30000000000000004, 14, 0.0775, 7133, 0.0025
10, 0.30000000000000004, 14, 0.0775, 7134, 0.0025
10, 0.30000000000000004, 19, 0.2, 7136, 0.0025
10, 0.30000000000000004, 19, 0.2, 7137, 0.0025
10, 0.30000000000000004, 19, 0.2, 7138, 0.0025
10, 0.30000000000000004, 19, 0.2, 7139, 0.0025
10, 0.30000000000000004, 19, 0.2, 7140, 0.0025
10, 0.30000000000000004, 19, 0.2, 7141, 0.0025
10, 0.30000000000000004, 19, 0.2, 7142, 0.0025
10, 0.30000000000000004, 19, 0.2, 7143, 0.0025
10, 0.30000000000000004, 19, 0.2, 7144, 0.0025
10, 0.30000000000000004, 14, 0.0775, 7269, 0.0025
10, 0.30000000000000004, 14, 0.0775, 7270, 0.0025
10, 0.30000000000000004, 19, 0.2, 7271, 0.0025
10, 0.30000000000000004, 19, 0.2, 7272, 0.0025
10, 0.30000000000000004, 19, 0.2, 7273, 0.0025
10, 0.30000000000000004, 19, 0.2, 7274, 0.0025
10, 0.30000000000000004, 19, 0.2, 7275, 0.0025
10, 0.30000000000000004, 19, 0.2, 7276, 0.0025
10, 0.30000000000000004, 19, 0.2, 7277, 0.0025
10, 0.30000000000000004, 19, 0.2, 7278, 0.0025
10, 0.30000000000000004, 19, 0.2, 7279, 0.0025
10, 0.30000000000000004, 19, 0.2, 7280, 0.0025
10, 0.30000000000000004, 19, 0.2, 7281, 0.0025
10, 0.30000000000000004, 14, 0.0775, 7404, 0.0025
10, 0.30000000000000004, 19, 0.2, 7407, 0.0025
10, 0.30000000000000004, 19, 0.2, 7408, 0.0025
10, 0.30000000000000004, 19, 0.2, 7409, 0.0025
10, 0.30000000000000004, 19, 0.2, 7410, 0.0025
10, 0.30000000000000004, 19, 0.2, 7411, 0.0025
10, 0.30000000000000004, 19, 0.2, 7412, 0.0025
10, 0.30000000000000004, 19, 0.2, 7413, 0.0025
10, 0.30000000000000004, 19, 0.2, 7414, 0.0025
10, 0.30000000000000004, 19, 0.2, 7415, 0.0025
10, 0.30000000000000004, 19, 0.2, 7416, 0.0025
10, 0.30000000000000004, 14, 0.0775, 7541, 0.0025
10, 0.30000000000000004, 14, 0.0775, 7542, 0.0025
10, 0.30000000000000004, 14, 0.0775, 7543, 0.0025
10, 0.30000000000000004, 19, 0.2, 7545, 0.0025
10, 0.30000000000000004, 19, 0.2, 7546, 0.0025
10, 0.30000000000000004, 19, 0.2, 7547, 0.0025
10, 0.30000000000000004, 19, 0.2, 7548, 0.0025
10, 0.30000000000000004, 19, 0.2, 7549, 0.0025
10, 0.30000000000000004, 19, 0.2, 7550, 0.0025
10, 0.30000000000000004, 19, 0.2, 7551, 0.0025
10, 0.30000000000000004, 19, 0.2, 7552, 0.0025
10, 0.30000000000000004, 19, 0.2, 7553, 0.0025
10, 0.30000000000000004, 14, 0.0775, 7680, 0.0025
10, 0.30000000000000004, 14, 0.0775, 7681, 0.0025
10, 0.30000000000000004, 19, 0.2, 7684, 0.0025
10, 0.30000000000000004, 19, 0.2, 7685, 0.0025
10, 0.30000000000000004, 19, 0.2, 7686, 0.0025
10, 0.30000000000000004, 19, 0.2, 7687, 0.0025
10, 0.30000000000000004, 19, 0.2, 7688, 0.0025
10, 0.30000000000000004, 19, 0.2, 7689, 0.0025
10, 0.30000000000000004, 19, 0.2, 7690, 0.0025
10, 0.30000000000000004, 19, 0.2, 7824, 0.0025
10, 0.30000000000000004, 25, 0.135, 9428, 0.0025
10, 0.30000000000000004, 25, 0.135, 9577, 0.0025
10, 0.30000000000000004, 25, 0.135, 9578, 0.0025
10, 0.30000000000000004, 25, 0.135, 9717, 0.0025
10, 0.30000000000000004, 25, 0.135, 9718, 0.0025
10, 0.30000000000000004, 25, 0.135, 9719, 0.0025
10, 0.30000000000000004, 25, 0.135, 9720, 0.0025
10, 0.30000000000000004, 25, 0.135, 9847, 0.0025
10, 0.30000000000000004, 25, 0.135, 9849, 0.0025
10, 0.30000000000000004, 25, 0.135, 9850, 0.0025
10, 0.30000000000000004, 25, 0.135, 9851, 0.0025
10, 0.30000000000000004, 25, 0.135, 9852, 0.0025
10, 0.30000000000000004, 25, 0.135, 9975, 0.0025
10, 0.30000000000000004, 25, 0.135, 9976, 0.0025
10, 0.30000000000000004, 25, 0.135, 9977, 0.0025
10, 0.30000000000000004, 25, 0.135, 10090, 0.0025
10, 0.30000000000000004, 25, 0.135, 10093, 0.0025
10, 0.30000000000000004, 25, 0.135, 10095, 0.0025
10, 0.30000000000000004, 25, 0.135, 10096, 0.0025
10, 0.30000000000000004, 25, 0.135, 10097, 0.0025
10, 0.30000000000000004, 25, 0.135, 10203, 0.0025
10, 0.30000000000000004, 25, 0.135, 10204, 0.0025
10, 0.30000000000000004, 25, 0.135, 10205, 0.0025
10, 0.30000000000000004, 25, 0.135, 10206, 0.0025
10, 0.30000000000000004, 25, 0.135, 10210, 0.0025
10, 0.30000000000000004, 25, 0.135, 10211, 0.0025
10, 0.30000000000000004, 25, 0.135, 10212, 0.0025
10, 0.30000000000000004, 25, 0.135, 10213, 0.0025
10, 0.30000000000000004, 25, 0.135, 10319, 0.0025
10, 0.30000000000000004, 25, 0.135, 10321, 0.0025
10, 0.30000000000000004, 25, 0.135, 10322, 0.0025
10, 0.30000000000000004, 25, 0.135, 10323, 0.0025
10, 0.30000000000000004, 25, 0.135, 10324, 0.0025
10, 0.30000000000000004, 25, 0.135, 10328, 0.0025
10, 0.30000000000000004, 25, 0.135, 10329, 0.0025
10, 0.30000000000000004, 25, 0.135, 10330, 0.0025
10, 0.30000000000000004, 25, 0.135, 10435, 0.0025
10, 0.30000000000000004, 25, 0.135, 10436, 0.0025
10, 0.30000000000000004, 25, 0.135, 10437, 0.0025
10, 0.30000000000000004, 25, 0.135, 10438, 0.0025
10, 0.30000000000000004, 25, 0.135, 10439, 0.0025
10, 0.30000000000000004, 25, 0.135, 10440, 0.0025
10, 0.30000000000000004, 25, 0.135, 10441, 0.0025
10, 0.30000000000000004, 25, 0.135, 10442, 0.0025
10, 0.30000000000000004, 25, 0.135, 10445, 0.0025
10, 0.30000000000000004, 25, 0.135, 10446, 0.0025
10, 0.30000000000000004, 25, 0.135, 10447, 0.0025
10, 0.30000000000000004, 25, 0.135, 10555, 0.0025
10, 0.30000000000000004, 25, 0.135, 10556, 0.0025
10, 0.30000000000000004, 25, 0.135, 10557, 0.0025
10, 0.30000000000000004, 25, 0.135, 10558, 0.0025
10, 0.30000000000000004, 25, 0.135, 10559, 0.0025
10, 0.30000000000000004, 25, 0.135, 10560, 0.0025
10, 0.30000000000000004, 25, 0.135, 10674, 0.0025
10, 0.30000000000000004, 25, 0.135, 10675, 0.0025
10, 0.30000000000000004, 41, 0.1950000000000001, 16651, 0.0025
10, 0.30000000000000004, 41, 0.1950000000000001, 16653, 0.0025
10, 0.30000000000000004, 41, 0.1950000000000001, 16754, 0.0025
10, 0.30000000000000004, 41, 0.1950000000000001, 16755, 0.0025
10, 0.30000000000000004, 41, 0.1950000000000001, 16870, 0.0025
10, 0.30000000000000004, 41, 0.1950000000000001, 16876, 0.0025
10, 0.30000000000000004, 41, 0.1950000000000001, 16877, 0.0025
10, 0.30000000000000004, 41, 0.1950000000000001, 16986, 0.0025
10, 0.30000000000000004, 41, 0.1950000000000001, 16987, 0.0025
10, 0.30000000000000004, 41, 0.1950000000000001, 17087, 0.0025
10, 0.30000000000000004, 41, 0.1950000000000001, 17091, 0.0025
10, 0.30000000000000004, 41, 0.1950000000000001, 17092, 0.0025
10, 0.30000000000000004, 41, 0.1950000000000001, 17093, 0.0025
10, 0.30000000000000004, 41, 0.1950000000000001, 17094, 0.0025
10, 0.30000000000000004, 41, 0.1950000000000001, 17095, 0.0025
10, 0.30000000000000004, 41, 0.1950000000000001, 17190, 0.0025
10, 0.30000000000000004, 41, 0.1950000000000001, 17197, 0.0025
10, 0.30000000000000004, 41, 0.1950000000000001, 17198, 0.0025
10, 0.30000000000000004, 41, 0.1950000000000001, 17200, 0.0025
10, 0.30000000000000004, 41, 0.1950000000000001, 17293, 0.0025
10, 0.30000000000000004, 41, 0.1950000000000001, 17295, 0.0025
10, 0.30000000000000004, 41, 0.1950000000000001, 17299, 0.0025
10, 0.30000000000000004, 41, 0.1950000000000001, 17301, 0.0025
10, 0.30000000000000004, 41, 0.1950000000000001, 17303, 0.0025
10, 0.30000000000000004, 41, 0.1950000000000001, 17395, 0.0025
10, 0.30000000000000004, 41, 0.1950000000000001, 17401, 0.0025
10, 0.30000000000000004, 41, 0.1950000000000001, 17402, 0.0025
10, 0.30000000000000004, 41, 0.1950000000000001, 17404, 0.0025
10, 0.30000000000000004, 41, 0.1950000000000001, 17405, 0.0025
10, 0.30000000000000004, 41, 0.1950000000000001, 17503, 0.0025
10, 0.30000000000000004, 41, 0.1950000000000001, 17504, 0.0025
10, 0.30000000000000004, 41, 0.1950000000000001, 17505, 0.0025
10, 0.30000000000000004, 41, 0.1950000000000001, 17506, 0.0025
10, 0.30000000000000004, 41, 0.1950000000000001, 17508, 0.0025
10, 0.30000000000000004, 41, 0.1950000000000001, 17509, 0.0025
10, 0.30000000000000004, 41, 0.1950000000000001, 17602, 0.0025
10, 0.30000000000000004, 41, 0.1950000000000001, 17603, 0.0025
10, 0.30000000000000004, 41, 0.1950000000000001, 17604, 0.0025
10, 0.30000000000000004, 41, 0.1950000000000001, 17605, 0.0025
10, 0.30000000000000004, 41, 0.1950000000000001, 17606, 0.0025
10, 0.30000000000000004, 41, 0.1950000000000001, 17607, 0.0025
10, 0.30000000000000004, 41, 0.1950000000000001, 17608, 0.0025
10, 0.30000000000000004, 41, 0.1950000000000001, 17609, 0.0025
10, 0.30000000000000004, 41, 0.1950000000000001, 17696, 0.0025
10, 0.30000000000000004, 41, 0.1950000000000001, 17697, 0.0025
10, 0.30000000000000004, 41, 0.1950000000000001, 17698, 0.0025
10, 0.30000000000000004, 41, 0.1950000000000001, 17699, 0.0025
10, 0.30000000000000004, 41, 0.1950000000000001, 17700, 0.0025
10, 0.30000000000000004, 41, 0.1950000000000001, 17702, 0.0025
10, 0.30000000000000004, 41, 0.1950000000000001, 17703, 0.0025
10, 0.30000000000000004, 41, 0.1950000000000001, 17704, 0.0025
10, 0.30000000000000004, 41, 0.1950000000000001, 17790, 0.0025
10, 0.30000000000000004, 41, 0.1950000000000001, 17791, 0.0025
10, 0.30000000000000004, 41, 0.1950000000000001, 17792, 0.0025
10, 0.30000000000000004, 41, 0.1950000000000001, 17793, 0.0025
10, 0.30000000000000004, 41, 0.1950000000000001, 17794, 0.0025
10, 0.30000000000000004, 41, 0.1950000000000001, 17795, 0.0025
10, 0.30000000000000004, 41, 0.1950000000000001, 17797, 0.0025
10, 0.30000000000000004, 41, 0.1950000000000001, 17885, 0.0025
10, 0.30000000000000004, 41, 0.1950000000000001, 17888, 0.0025
10, 0.30000000000000004, 41, 0.1950000000000001, 17889, 0.0025
10, 0.30000000000000004, 41, 0.1950000000000001, 17890, 0.0025
10, 0.30000000000000004, 41, 0.1950000000000001, 17976, 0.0025
10, 0.30000000000000004, 41, 0.1950000000000001, 17977, 0.0025
10, 0.30000000000000004, 41, 0.1950000000000001, 17978, 0.0025
10, 0.30000000000000004, 41, 0.1950000000000001, 17979, 0.0025
10, 0.30000000000000004, 41, 0.1950000000000001, 17980, 0.0025
10, 0.30000000000000004, 41, 0.1950000000000001, 17982, 0.0025
10, 0.30000000000000004, 41, 0.1950000000000001, 18060, 0.0025
10, 0.30000000000000004, 41, 0.1950000000000001, 18062, 0.0025
10, 0.30000000000000004, 41, 0.1950000000000001, 18064, 0.0025
10, 0.30000000000000004, 41, 0.1950000000000001, 18066, 0.0025
10, 0.30000000000000004, 41, 0.1950000000000001, 18149, 0.0025
10, 0.30000000000000004, 41, 0.1950000000000001, 18150, 0.0025
10, 0.30000000000000004, 41, 0.1950000000000001, 18157, 0.0025
10, 0.30000000000000004, 41, 0.1950000000000001, 18230, 0.0025
10, 0.30000000000000004, 41, 0.1950000000000001, 18232, 0.0025
10, 0.30000000000000004, 41, 0.1950000000000001, 18233, 0.0025
10, 0.30000000000000004, 41, 0.1950000000000001, 18234, 0.0025
10, 0.30000000000000004, 98, 0.04499999999999996, 48978, 0.0025
10, 0.30000000000000004, 98, 0.04499999999999996, 49250, 0.0025
10, 0.30000000000000004, 98, 0.04499999999999996, 49251, 0.0025
10, 0.30000000000000004, 98, 0.04499999999999996, 49377, 0.0025
10, 0.30000000000000004, 98, 0.04499999999999996, 49511, 0.0025
10, 0.30000000000000004, 98, 0.04499999999999996, 49516, 0.0025
10, 0.30000000000000004, 98, 0.04499999999999996, 49650, 0.0025
10, 0.30000000000000004, 98, 0.04499999999999996, 49651, 0.0025
10, 0.30000000000000004, 98, 0.04499999999999996, 49785, 0.0025
10, 0.30000000000000004, 98, 0.04499999999999996, 49920, 0.0025
10, 0.30000000000000004, 98, 0.04499999999999996, 49921, 0.0025
10, 0.30000000000000004, 98, 0.04499999999999996, 50062, 0.0025
10, 0.30000000000000004, 98, 0.04499999999999996, 50063, 0.0025
10, 0.30000000000000004, 98, 0.04499999999999996, 50064, 0.0025
10, 0.30000000000000004, 98, 0.04499999999999996, 50065, 0.0025
10, 0.30000000000000004, 98, 0.04499999999999996, 50066, 0.0025
10, 0.30000000000000004, 98, 0.04499999999999996, 50208, 0.0025
10, 0.30000000000000004, 98, 0.04499999999999996, 50350, 0.0025
10, 0.30000000000000004, 98, 0.04499999999999996, 50627, 0.0025
10, 0.30000000000000004, 131, 0.07000000000000016, 63050, 0.0025
10, 0.30000000000000004, 131, 0.07000000000000016, 63052, 0.0025
10, 0.30000000000000004, 131, 0.07000000000000016, 63220, 0.0025
10, 0.30000000000000004, 131, 0.07000000000000016, 63721, 0.0025
10, 0.30000000000000004, 131, 0.07000000000000016, 63885, 0.0025
10, 0.30000000000000004, 131, 0.07000000000000016, 63886, 0.0025
10, 0.30000000000000004, 131, 0.07000000000000016, 63888, 0.0025
10, 0.30000000000000004, 131, 0.07000000000000016, 63892, 0.0025
10, 0.30000000000000004, 131, 0.07000000000000016, 64047, 0.0025
10, 0.30000000000000004, 131, 0.07000000000000016, 64048, 0.0025
10, 0.30000000000000004, 131, 0.07000000000000016, 64049, 0.0025
10, 0.30000000000000004, 131, 0.07000000000000016, 64050, 0.0025
10, 0.30000000000000004, 131, 0.07000000000000016, 64051, 0.0025
10, 0.30000000000000004, 131, 0.07000000000000016, 64052, 0.0025
10, 0.30000000000000004, 131, 0.07000000000000016, 64053, 0.0025
10, 0.30000000000000004, 131, 0.07000000000000016, 64207, 0.0025
10, 0.30000000000000004, 131, 0.07000000000000016, 64208, 0.0025
10, 0.30000000000000004, 131, 0.07000000000000016, 64209, 0.0025
10, 0.30000000000000004, 131, 0.07000000000000016, 64211, 0.0025
10, 0.30000000000000004, 131, 0.07000000000000016, 64212, 0.0025
10, 0.30000000000000004, 131, 0.07000000000000016, 64213, 0.0025
10, 0.30000000000000004, 131, 0.07000000000000016, 64368, 0.0025
10, 0.30000000000000004, 131, 0.07000000000000016, 64369, 0.0025
10, 0.30000000000000004, 131, 0.07000000000000016, 64370, 0.0025
10, 0.30000000000000004, 131, 0.07000000000000016, 64371, 0.0025
10, 0.30000000000000004, 131, 0.07000000000000016, 64526, 0.0025
10, 0.30000000000000004, 131, 0.07000000000000016, 64527, 0.0025
10, 0.30000000000000004, 131, 0.07000000000000016, 64677, 0.0025
10, 0.30000000000000004, 131, 0.07000000000000016, 64678, 0.0025
10, 0.30000000000000004, 144, 0.05, 65835, 0.0025
10, 0.30000000000000004, 144, 0.05, 65836, 0.0025
10, 0.30000000000000004, 144, 0.05, 65837, 0.0025
10, 0.30000000000000004, 144, 0.05, 65975, 0.0025
10, 0.30000000000000004, 144, 0.05, 65976, 0.0025
10, 0.30000000000000004, 144, 0.05, 65977, 0.0025
10, 0.30000000000000004, 144, 0.05, 65978, 0.0025
10, 0.30000000000000004, 144, 0.05, 66113, 0.0025
10, 0.30000000000000004, 144, 0.05, 66118, 0.0025
10, 0.30000000000000004, 144, 0.05, 66249, 0.0025
10, 0.30000000000000004, 144, 0.05, 66251, 0.0025
10, 0.30000000000000004, 144, 0.05, 66258, 0.0025
10, 0.30000000000000004, 144, 0.05, 66259, 0.0025
10, 0.30000000000000004, 144, 0.05, 66387, 0.0025
10, 0.30000000000000004, 144, 0.05, 66390, 0.0025
10, 0.30000000000000004, 144, 0.05, 66393, 0.0025
10, 0.30000000000000004, 144, 0.05, 66523, 0.0025
10, 0.30000000000000004, 144, 0.05, 66524, 0.0025
10, 0.30000000000000004, 144, 0.05, 66787, 0.0025
10, 0.30000000000000004, 144, 0.05, 66788, 0.0025
10, 0.30000000000000004, 144, 0.05, 66915, 0.0025
10, 0.35000000000000003, 1, 0.1124999999999999, 704, 0.0025
10, 0.35000000000000003, 1, 0.1124999999999999, 705, 0.0025
10, 0.35000000000000003, 1, 0.1124999999999999, 706, 0.0025
10, 0.35000000000000003, 1, 0.1124999999999999, 707, 0.0025
10, 0.35000000000000003, 1, 0.1124999999999999, 757, 0.0025
10, 0.35000000000000003, 1, 0.1124999999999999, 758, 0.0025
10, 0.35000000000000003, 1, 0.1124999999999999, 759, 0.0025
10, 0.35000000000000003, 1, 0.1124999999999999, 760, 0.0025
10, 0.35000000000000003, 1, 0.1124999999999999, 761, 0.0025
10, 0.35000000000000003, 1, 0.1124999999999999, 762, 0.0025
10, 0.35000000000000003, 1, 0.1124999999999999, 814, 0.0025
10, 0.35000000000000003, 1, 0.1124999999999999, 815, 0.0025
10, 0.35000000000000003, 1, 0.1124999999999999, 816, 0.0025
10, 0.35000000000000003, 1, 0.1124999999999999, 817, 0.0025
10, 0.35000000000000003, 1, 0.1124999999999999, 818, 0.0025
10, 0.35000000000000003, 1, 0.1124999999999999, 874, 0.0025
10, 0.35000000000000003, 1, 0.1124999999999999, 875, 0.0025
10, 0.35000000000000003, 1, 0.1124999999999999, 876, 0.0025
10, 0.35000000000000003, 1, 0.1124999999999999, 877, 0.0025
10, 0.35000000000000003, 1, 0.1124999999999999, 936, 0.0025
10, 0.35000000000000003, 1, 0.1124999999999999, 937, 0.0025
10, 0.35000000000000003, 1, 0.1124999999999999, 938, 0.0025
10, 0.35000000000000003, 1, 0.1124999999999999, 1188, 0.0025
10, 0.35000000000000003, 1, 0.1124999999999999, 1258, 0.0025
10, 0.35000000000000003, 1, 0.1124999999999999, 1330, 0.0025
10, 0.35000000000000003, 1, 0.1124999999999999, 1331, 0.0025
10, 0.35000000000000003, 1, 0.1124999999999999, 1332, 0.0025
10, 0.35000000000000003, 1, 0.1124999999999999, 1333, 0.0025
10, 0.35000000000000003, 1, 0.1124999999999999, 1334, 0.0025
10, 0.35000000000000003, 1, 0.1124999999999999, 1406, 0.0025
10, 0.35000000000000003, 1, 0.1124999999999999, 1407, 0.0025
10, 0.35000000000000003, 1, 0.1124999999999999, 1408, 0.0025
10, 0.35000000000000003, 1, 0.1124999999999999, 1409, 0.0025
10, 0.35000000000000003, 1, 0.1124999999999999, 1410, 0.0025
10, 0.35000000000000003, 1, 0.1124999999999999, 1482, 0.0025
10, 0.35000000000000003, 1, 0.1124999999999999, 1483, 0.0025
10, 0.35000000000000003, 1, 0.1124999999999999, 1484, 0.0025
10, 0.35000000000000003, 1, 0.1124999999999999, 1485, 0.0025
10, 0.35000000000000003, 1, 0.1124999999999999, 1486, 0.0025
10, 0.35000000000000003, 1, 0.1124999999999999, 1560, 0.0025
10, 0.35000000000000003, 1, 0.1124999999999999, 1561, 0.0025
10, 0.35000000000000003, 1, 0.1124999999999999, 1562, 0.0025
10, 0.35000000000000003, 1, 0.1124999999999999, 1563, 0.0025
10, 0.35000000000000003, 1, 0.1124999999999999, 1641, 0.0025
10, 0.35000000000000003, 1, 0.1124999999999999, 1642, 0.0025
10, 0.35000000000000003, 1, 0.1124999999999999, 1724, 0.0025
10, 0.35000000000000003, 5, 0.0599999999999998, 2535, 0.0025
10, 0.35000000000000003, 5, 0.0599999999999998, 2536, 0.0025
10, 0.35000000000000003, 5, 0.0599999999999998, 2537, 0.0025
10, 0.35000000000000003, 5, 0.0599999999999998, 2742, 0.0025
10, 0.35000000000000003, 5, 0.0599999999999998, 2953, 0.0025
10, 0.35000000000000003, 5, 0.0599999999999998, 3058, 0.0025
10, 0.35000000000000003, 5, 0.0599999999999998, 3059, 0.0025
10, 0.35000000000000003, 5, 0.0599999999999998, 3166, 0.0025
10, 0.35000000000000003, 5, 0.0599999999999998, 3167, 0.0025
10, 0.35000000000000003, 5, 0.0599999999999998, 3272, 0.0025
10, 0.35000000000000003, 5, 0.0599999999999998, 3273, 0.0025
10, 0.35000000000000003, 5, 0.0599999999999998, 3274, 0.0025
10, 0.35000000000000003, 5, 0.0599999999999998, 3275, 0.0025
10, 0.35000000000000003, 5, 0.0599999999999998, 3380, 0.0025
10, 0.35000000000000003, 5, 0.0599999999999998, 3381, 0.0025
10, 0.35000000000000003, 5, 0.0599999999999998, 3382, 0.0025
10, 0.35000000000000003, 5, 0.0599999999999998, 3383, 0.0025
10, 0.35000000000000003, 5, 0.0599999999999998, 3492, 0.0025
10, 0.35000000000000003, 5, 0.0599999999999998, 3493, 0.0025
10, 0.35000000000000003, 5, 0.0599999999999998, 3494, 0.0025
10, 0.35000000000000003, 5, 0.0599999999999998, 3604, 0.0025
10, 0.35000000000000003, 5, 0.0599999999999998, 3714, 0.0025
10, 0.35000000000000003, 5, 0.0599999999999998, 3715, 0.0025
10, 0.35000000000000003, 5, 0.0599999999999998, 3716, 0.0025
10, 0.35000000000000003, 5, 0.0599999999999998, 3943, 0.0025
10, 0.35000000000000003, 14, 0.0975, 6078, 0.0025
10, 0.35000000000000003, 14, 0.0975, 6206, 0.0025
10, 0.35000000000000003, 14, 0.0975, 6207, 0.0025
10, 0.35000000000000003, 14, 0.0975, 6337, 0.0025
10, 0.35000000000000003, 14, 0.0975, 6338, 0.0025
10, 0.35000000000000003, 14, 0.0975, 6467, 0.0025
10, 0.35000000000000003, 14, 0.0975, 6468, 0.0025
10, 0.35000000000000003, 14, 0.0975, 6469, 0.0025
10, 0.35000000000000003, 19, 0.2, 6472, 0.0025
10, 0.35000000000000003, 19, 0.2, 6473, 0.0025
10, 0.35000000000000003, 19, 0.2, 6474, 0.0025
10, 0.35000000000000003, 19, 0.2, 6475, 0.0025
10, 0.35000000000000003, 14, 0.0975, 6599, 0.0025
10, 0.35000000000000003, 14, 0.0975, 6600, 0.0025
10, 0.35000000000000003, 14, 0.0975, 6601, 0.0025
10, 0.35000000000000003, 19, 0.2, 6603, 0.0025
10, 0.35000000000000003, 19, 0.2, 6604, 0.0025
10, 0.35000000000000003, 19, 0.2, 6605, 0.0025
10, 0.35000000000000003, 19, 0.2, 6606, 0.0025
10, 0.35000000000000003, 19, 0.2, 6607, 0.0025
10, 0.35000000000000003, 19, 0.2, 6608, 0.0025
10, 0.35000000000000003, 19, 0.2, 6609, 0.0025
10, 0.35000000000000003, 14, 0.0975, 6730, 0.0025
10, 0.35000000000000003, 14, 0.0975, 6731, 0.0025
10, 0.35000000000000003, 14, 0.0975, 6732, 0.0025
10, 0.35000000000000003, 14, 0.0975, 6733, 0.0025
10, 0.35000000000000003, 14, 0.0975, 6734, 0.0025
10, 0.35000000000000003, 19, 0.2, 6736, 0.0025
10, 0.35000000000000003, 19, 0.2, 6737, 0.0025
10, 0.35000000000000003, 19, 0.2, 6738, 0.0025
10, 0.35000000000000003, 19, 0.2, 6739, 0.0025
10, 0.35000000000000003, 19, 0.2, 6740, 0.0025
10, 0.35000000000000003, 19, 0.2, 6741, 0.0025
10, 0.35000000000000003, 19, 0.2, 6742, 0.0025
10, 0.35000000000000003, 14, 0.0975, 6863, 0.0025
10, 0.35000000000000003, 14, 0.0975, 6864, 0.0025
10, 0.35000000000000003, 14, 0.0975, 6865, 0.0025
10, 0.35000000000000003, 14, 0.0975, 6866, 0.0025
10, 0.35000000000000003, 14, 0.0975, 6867, 0.0025
10, 0.35000000000000003, 19, 0.2, 6869, 0.0025
10, 0.35000000000000003, 19, 0.2, 6870, 0.0025
10, 0.35000000000000003, 19, 0.2, 6871, 0.0025
10, 0.35000000000000003, 19, 0.2, 6872, 0.0025
10, 0.35000000000000003, 19, 0.2, 6873, 0.0025
10, 0.35000000000000003, 19, 0.2, 6874, 0.0025
10, 0.35000000000000003, 19, 0.2, 6875, 0.0025
10, 0.35000000000000003, 19, 0.2, 6876, 0.0025
10, 0.35000000000000003, 14, 0.0975, 6997, 0.0025
10, 0.35000000000000003, 14, 0.0975, 6998, 0.0025
10, 0.35000000000000003, 14, 0.0975, 6999, 0.0025
10, 0.35000000000000003, 14, 0.0975, 7000, 0.0025
10, 0.35000000000000003, 19, 0.2, 7003, 0.0025
10, 0.35000000000000003, 19, 0.2, 7004, 0.0025
10, 0.35000000000000003, 19, 0.2, 7005, 0.0025
10, 0.35000000000000003, 19, 0.2, 7006, 0.0025
10, 0.35000000000000003, 19, 0.2, 7007, 0.0025
10, 0.35000000000000003, 19, 0.2, 7008, 0.0025
10, 0.35000000000000003, 19, 0.2, 7009, 0.0025
10, 0.35000000000000003, 19, 0.2, 7010, 0.0025
10, 0.35000000000000003, 14, 0.0975, 7131, 0.0025
10, 0.35000000000000003, 14, 0.0975, 7132, 0.0025
10, 0.35000000000000003, 14, 0.0975, 7133, 0.0025
10, 0.35000000000000003, 14, 0.0975, 7134, 0.0025
10, 0.35000000000000003, 19, 0.2, 7136, 0.0025
10, 0.35000000000000003, 19, 0.2, 7137, 0.0025
10, 0.35000000000000003, 19, 0.2, 7138, 0.0025
10, 0.35000000000000003, 19, 0.2, 7139, 0.0025
10, 0.35000000000000003, 19, 0.2, 7140, 0.0025
10, 0.35000000000000003, 19, 0.2, 7141, 0.0025
10, 0.35000000000000003, 19, 0.2, 7142, 0.0025
10, 0.35000000000000003, 19, 0.2, 7143, 0.0025
10, 0.35000000000000003, 19, 0.2, 7144, 0.0025
10, 0.35000000000000003, 14, 0.0975, 7267, 0.0025
10, 0.35000000000000003, 14, 0.0975, 7269, 0.0025
10, 0.35000000000000003, 14, 0.0975, 7270, 0.0025
10, 0.35000000000000003, 19, 0.2, 7271, 0.0025
10, 0.35000000000000003, 19, 0.2, 7272, 0.0025
10, 0.35000000000000003, 19, 0.2, 7273, 0.0025
10, 0.35000000000000003, 19, 0.2, 7274, 0.0025
10, 0.35000000000000003, 19, 0.2, 7275, 0.0025
10, 0.35000000000000003, 19, 0.2, 7276, 0.0025
10, 0.35000000000000003, 19, 0.2, 7277, 0.0025
10, 0.35000000000000003, 19, 0.2, 7278, 0.0025
10, 0.35000000000000003, 19, 0.2, 7279, 0.0025
10, 0.35000000000000003, 19, 0.2, 7280, 0.0025
10, 0.35000000000000003, 19, 0.2, 7281, 0.0025
10, 0.35000000000000003, 14, 0.0975, 7404, 0.0025
10, 0.35000000000000003, 19, 0.2, 7407, 0.0025
10, 0.35000000000000003, 19, 0.2, 7408, 0.0025
10, 0.35000000000000003, 19, 0.2, 7409, 0.0025
10, 0.35000000000000003, 19, 0.2, 7410, 0.0025
10, 0.35000000000000003, 19, 0.2, 7411, 0.0025
10, 0.35000000000000003, 19, 0.2, 7412, 0.0025
10, 0.35000000000000003, 19, 0.2, 7413, 0.0025
10, 0.35000000000000003, 19, 0.2, 7414, 0.0025
10, 0.35000000000000003, 19, 0.2, 7415, 0.0025
10, 0.35000000000000003, 19, 0.2, 7416, 0.0025
10, 0.35000000000000003, 14, 0.0975, 7540, 0.0025
10, 0.35000000000000003, 14, 0.0975, 7541, 0.0025
10, 0.35000000000000003, 14, 0.0975, 7542, 0.0025
10, 0.35000000000000003, 14, 0.0975, 7543, 0.0025
10, 0.35000000000000003, 19, 0.2, 7545, 0.0025
10, 0.35000000000000003, 19, 0.2, 7546, 0.0025
10, 0.35000000000000003, 19, 0.2, 7547, 0.0025
10, 0.35000000000000003, 19, 0.2, 7548, 0.0025
10, 0.35000000000000003, 19, 0.2, 7549, 0.0025
10, 0.35000000000000003, 19, 0.2, 7550, 0.0025
10, 0.35000000000000003, 19, 0.2, 7551, 0.0025
10, 0.35000000000000003, 19, 0.2, 7552, 0.0025
10, 0.35000000000000003, 19, 0.2, 7553, 0.0025
10, 0.35000000000000003, 14, 0.0975, 7679, 0.0025
10, 0.35000000000000003, 14, 0.0975, 7680, 0.0025
10, 0.35000000000000003, 14, 0.0975, 7681, 0.0025
10, 0.35000000000000003, 19, 0.2, 7684, 0.0025
10, 0.35000000000000003, 19, 0.2, 7685, 0.0025
10, 0.35000000000000003, 19, 0.2, 7686, 0.0025
10, 0.35000000000000003, 19, 0.2, 7687, 0.0025
10, 0.35000000000000003, 19, 0.2, 7688, 0.0025
10, 0.35000000000000003, 19, 0.2, 7689, 0.0025
10, 0.35000000000000003, 19, 0.2, 7690, 0.0025
10, 0.35000000000000003, 19, 0.2, 7824, 0.0025
10, 0.35000000000000003, 25, 0.1325, 9428, 0.0025
10, 0.35000000000000003, 25, 0.1325, 9577, 0.0025
10, 0.35000000000000003, 25, 0.1325, 9578, 0.0025
10, 0.35000000000000003, 25, 0.1325, 9717, 0.0025
10, 0.35000000000000003, 25, 0.1325, 9718, 0.0025
10, 0.35000000000000003, 25, 0.1325, 9719, 0.0025
10, 0.35000000000000003, 25, 0.1325, 9720, 0.0025
10, 0.35000000000000003, 25, 0.1325, 9847, 0.0025
10, 0.35000000000000003, 25, 0.1325, 9849, 0.0025
10, 0.35000000000000003, 25, 0.1325, 9850, 0.0025
10, 0.35000000000000003, 25, 0.1325, 9851, 0.0025
10, 0.35000000000000003, 25, 0.1325, 9852, 0.0025
10, 0.35000000000000003, 25, 0.1325, 9975, 0.0025
10, 0.35000000000000003, 25, 0.1325, 9976, 0.0025
10, 0.35000000000000003, 25, 0.1325, 9977, 0.0025
10, 0.35000000000000003, 25, 0.1325, 10090, 0.0025
10, 0.35000000000000003, 25, 0.1325, 10093, 0.0025
10, 0.35000000000000003, 25, 0.1325, 10095, 0.0025
10, 0.35000000000000003, 25, 0.1325, 10096, 0.0025
10, 0.35000000000000003, 25, 0.1325, 10097, 0.0025
10, 0.35000000000000003, 25, 0.1325, 10203, 0.0025
10, 0.35000000000000003, 25, 0.1325, 10204, 0.0025
10, 0.35000000000000003, 25, 0.1325, 10205, 0.0025
10, 0.35000000000000003, 25, 0.1325, 10206, 0.0025
10, 0.35000000000000003, 25, 0.1325, 10210, 0.0025
10, 0.35000000000000003, 25, 0.1325, 10211, 0.0025
10, 0.35000000000000003, 25, 0.1325, 10212, 0.0025
10, 0.35000000000000003, 25, 0.1325, 10213, 0.0025
10, 0.35000000000000003, 25, 0.1325, 10319, 0.0025
10, 0.35000000000000003, 25, 0.1325, 10321, 0.0025
10, 0.35000000000000003, 25, 0.1325, 10322, 0.0025
10, 0.35000000000000003, 25, 0.1325, 10323, 0.0025
10, 0.35000000000000003, 25, 0.1325, 10324, 0.0025
10, 0.35000000000000003, 25, 0.1325, 10328, 0.0025
10, 0.35000000000000003, 25, 0.1325, 10329, 0.0025
10, 0.35000000000000003, 25, 0.1325, 10330, 0.0025
10, 0.35000000000000003, 25, 0.1325, 10435, 0.0025
10, 0.35000000000000003, 25, 0.1325, 10436, 0.0025
10, 0.35000000000000003, 25, 0.1325, 10437, 0.0025
10, 0.35000000000000003, 25, 0.1325, 10438, 0.0025
10, 0.35000000000000003, 25, 0.1325, 10439, 0.0025
10, 0.35000000000000003, 25, 0.1325, 10440, 0.0025
10, 0.35000000000000003, 25, 0.1325, 10441, 0.0025
10, 0.35000000000000003, 25, 0.1325, 10442, 0.0025
10, 0.35000000000000003, 25, 0.1325, 10445, 0.0025
10, 0.35000000000000003, 25, 0.1325, 10446, 0.0025
10, 0.35000000000000003, 25, 0.1325, 10555, 0.0025
10, 0.35000000000000003, 25, 0.1325, 10556, 0.0025
10, 0.35000000000000003, 25, 0.1325, 10557, 0.0025
10, 0.35000000000000003, 25, 0.1325, 10558, 0.0025
10, 0.35000000000000003, 25, 0.1325, 10559, 0.0025
10, 0.35000000000000003, 25, 0.1325, 10560, 0.0025
10, 0.35000000000000003, 25, 0.1325, 10674, 0.0025
10, 0.35000000000000003, 25, 0.1325, 10675, 0.0025
10, 0.35000000000000003, 38, 0.05999999999999994, 16659, 0.0025
10, 0.35000000000000003, 38, 0.05999999999999994, 16660, 0.0025
10, 0.35000000000000003, 41, 0.1475000000000002, 16755, 0.0025
10, 0.35000000000000003, 38, 0.05999999999999994, 16762, 0.0025
10, 0.35000000000000003, 41, 0.1475000000000002, 16870, 0.0025
10, 0.35000000000000003, 38, 0.05999999999999994, 16879, 0.0025
10, 0.35000000000000003, 41, 0.1475000000000002, 16986, 0.0025
10, 0.35000000000000003, 38, 0.05999999999999994, 16990, 0.0025
10, 0.35000000000000003, 38, 0.05999999999999994, 16991, 0.0025
10, 0.35000000000000003, 38, 0.05999999999999994, 16992, 0.0025
10, 0.35000000000000003, 41, 0.1475000000000002, 17087, 0.0025
10, 0.35000000000000003, 41, 0.1475000000000002, 17091, 0.0025
10, 0.35000000000000003, 41, 0.1475000000000002, 17092, 0.0025
10, 0.35000000000000003, 41, 0.1475000000000002, 17093, 0.0025
10, 0.35000000000000003, 41, 0.1475000000000002, 17094, 0.0025
10, 0.35000000000000003, 38, 0.05999999999999994, 17098, 0.0025
10, 0.35000000000000003, 41, 0.1475000000000002, 17190, 0.0025
10, 0.35000000000000003, 41, 0.1475000000000002, 17197, 0.0025
10, 0.35000000000000003, 41, 0.1475000000000002, 17198, 0.0025
10, 0.35000000000000003, 41, 0.1475000000000002, 17200, 0.0025
10, 0.35000000000000003, 38, 0.05999999999999994, 17201, 0.0025
10, 0.35000000000000003, 38, 0.05999999999999994, 17203, 0.0025
10, 0.35000000000000003, 38, 0.05999999999999994, 17204, 0.0025
10, 0.35000000000000003, 41, 0.1475000000000002, 17293, 0.0025
10, 0.35000000000000003, 41, 0.1475000000000002, 17295, 0.0025
10, 0.35000000000000003, 41, 0.1475000000000002, 17299, 0.0025
10, 0.35000000000000003, 41, 0.1475000000000002, 17301, 0.0025
10, 0.35000000000000003, 41, 0.1475000000000002, 17303, 0.0025
10, 0.35000000000000003, 38, 0.05999999999999994, 17304, 0.0025
10, 0.35000000000000003, 38, 0.05999999999999994, 17305, 0.0025
10, 0.35000000000000003, 38, 0.05999999999999994, 17306, 0.0025
10, 0.35000000000000003, 41, 0.1475000000000002, 17395, 0.0025
10, 0.35000000000000003, 41, 0.1475000000000002, 17401, 0.0025
10, 0.35000000000000003, 41, 0.1475000000000002, 17402, 0.0025
10, 0.35000000000000003, 41, 0.1475000000000002, 17404, 0.0025
10, 0.35000000000000003, 41, 0.1475000000000002, 17405, 0.0025
10, 0.35000000000000003, 38, 0.05999999999999994, 17407, 0.0025
10, 0.35000000000000003, 38, 0.05999999999999994, 17408, 0.0025
10, 0.35000000000000003, 38, 0.05999999999999994, 17409, 0.0025
10, 0.35000000000000003, 38, 0.05999999999999994, 17413, 0.0025
10, 0.35000000000000003, 41, 0.1475000000000002, 17503, 0.0025
10, 0.35000000000000003, 41, 0.1475000000000002, 17504, 0.0025
10, 0.35000000000000003, 41, 0.1475000000000002, 17505, 0.0025
10, 0.35000000000000003, 41, 0.1475000000000002, 17506, 0.0025
10, 0.35000000000000003, 41, 0.1475000000000002, 17508, 0.0025
10, 0.35000000000000003, 41, 0.1475000000000002, 17509, 0.0025
10, 0.35000000000000003, 38, 0.05999999999999994, 17512, 0.0025
10, 0.35000000000000003, 41, 0.1475000000000002, 17602, 0.0025
10, 0.35000000000000003, 41, 0.1475000000000002, 17603, 0.0025
10, 0.35000000000000003, 41, 0.1475000000000002, 17604, 0.0025
10, 0.35000000000000003, 41, 0.1475000000000002, 17605, 0.0025
10, 0.35000000000000003, 41, 0.1475000000000002, 17606, 0.0025
10, 0.35000000000000003, 41, 0.1475000000000002, 17607, 0.0025
10, 0.35000000000000003, 41, 0.1475000000000002, 17608, 0.0025
10, 0.35000000000000003, 41, 0.1475000000000002, 17609, 0.0025
10, 0.35000000000000003, 38, 0.05999999999999994, 17612, 0.0025
10, 0.35000000000000003, 38, 0.05999999999999994, 17613, 0.0025
10, 0.35000000000000003, 38, 0.05999999999999994, 17614, 0.0025
10, 0.35000000000000003, 41, 0.1475000000000002, 17696, 0.0025
10, 0.35000000000000003, 41, 0.1475000000000002, 17697, 0.0025
10, 0.35000000000000003, 41, 0.1475000000000002, 17698, 0.0025
10, 0.35000000000000003, 41, 0.1475000000000002, 17699, 0.0025
10, 0.35000000000000003, 41, 0.1475000000000002, 17700, 0.0025
10, 0.35000000000000003, 41, 0.1475000000000002, 17702, 0.0025
10, 0.35000000000000003, 41, 0.1475000000000002, 17703, 0.0025
10, 0.35000000000000003, 41, 0.1475000000000002, 17704, 0.0025
10, 0.35000000000000003, 38, 0.05999999999999994, 17708, 0.0025
10, 0.35000000000000003, 38, 0.05999999999999994, 17709, 0.0025
10, 0.35000000000000003, 41, 0.1475000000000002, 17791, 0.0025
10, 0.35000000000000003, 41, 0.1475000000000002, 17793, 0.0025
10, 0.35000000000000003, 41, 0.1475000000000002, 17794, 0.0025
10, 0.35000000000000003, 41, 0.1475000000000002, 17795, 0.0025
10, 0.35000000000000003, 41, 0.1475000000000002, 17797, 0.0025
10, 0.35000000000000003, 38, 0.05999999999999994, 17800, 0.0025
10, 0.35000000000000003, 41, 0.1475000000000002, 17885, 0.0025
10, 0.35000000000000003, 41, 0.1475000000000002, 17889, 0.0025
10, 0.35000000000000003, 41, 0.1475000000000002, 17976, 0.0025
10, 0.35000000000000003, 41, 0.1475000000000002, 17978, 0.0025
10, 0.35000000000000003, 41, 0.1475000000000002, 17980, 0.0025
10, 0.35000000000000003, 41, 0.1475000000000002, 17982, 0.0025
10, 0.35000000000000003, 41, 0.1475000000000002, 18060, 0.0025
10, 0.35000000000000003, 41, 0.1475000000000002, 18062, 0.0025
10, 0.35000000000000003, 41, 0.1475000000000002, 18064, 0.0025
10, 0.35000000000000003, 41, 0.1475000000000002, 18066, 0.0025
10, 0.35000000000000003, 41, 0.1475000000000002, 18149, 0.0025
10, 0.35000000000000003, 98, 0.05250000000000012, 48314, 0.0025
10, 0.35000000000000003, 98, 0.05250000000000012, 48978, 0.0025
10, 0.35000000000000003, 98, 0.05250000000000012, 48979, 0.0025
10, 0.35000000000000003, 98, 0.05250000000000012, 49250, 0.0025
10, 0.35000000000000003, 98, 0.05250000000000012, 49251, 0.0025
10, 0.35000000000000003, 98, 0.05250000000000012, 49253, 0.0025
10, 0.35000000000000003, 98, 0.05250000000000012, 49377, 0.0025
10, 0.35000000000000003, 98, 0.05250000000000012, 49511, 0.0025
10, 0.35000000000000003, 98, 0.05250000000000012, 49516, 0.0025
10, 0.35000000000000003, 98, 0.05250000000000012, 49650, 0.0025
10, 0.35000000000000003, 98, 0.05250000000000012, 49651, 0.0025
10, 0.35000000000000003, 98, 0.05250000000000012, 49785, 0.0025
10, 0.35000000000000003, 98, 0.05250000000000012, 49920, 0.0025
10, 0.35000000000000003, 98, 0.05250000000000012, 49921, 0.0025
10, 0.35000000000000003, 98, 0.05250000000000012, 50062, 0.0025
10, 0.35000000000000003, 98, 0.05250000000000012, 50063, 0.0025
10, 0.35000000000000003, 98, 0.05250000000000012, 50064, 0.0025
10, 0.35000000000000003, 98, 0.05250000000000012, 50065, 0.0025
10, 0.35000000000000003, 98, 0.05250000000000012, 50066, 0.0025
10, 0.35000000000000003, 98, 0.05250000000000012, 50208, 0.0025
10, 0.35000000000000003, 98, 0.05250000000000012, 50350, 0.0025
10, 0.35000000000000003, 98, 0.05250000000000012, 50627, 0.0025
10, 0.35000000000000003, 131, 0.08750000000000017, 61121, 0.0025
10, 0.35000000000000003, 131, 0.08750000000000017, 61299, 0.0025
10, 0.35000000000000003, 131, 0.08750000000000017, 62192, 0.0025
10, 0.35000000000000003, 131, 0.08750000000000017, 62707, 0.0025
10, 0.35000000000000003, 131, 0.08750000000000017, 62879, 0.0025
10, 0.35000000000000003, 131, 0.08750000000000017, 62880, 0.0025
10, 0.35000000000000003, 131, 0.08750000000000017, 63050, 0.0025
10, 0.35000000000000003, 131, 0.08750000000000017, 63051, 0.0025
10, 0.35000000000000003, 131, 0.08750000000000017, 63052, 0.0025
10, 0.35000000000000003, 131, 0.08750000000000017, 63220, 0.0025
10, 0.35000000000000003, 131, 0.08750000000000017, 63721, 0.0025
10, 0.35000000000000003, 131, 0.08750000000000017, 63885, 0.0025
10, 0.35000000000000003, 131, 0.08750000000000017, 63886, 0.0025
10, 0.35000000000000003, 131, 0.08750000000000017, 63888, 0.0025
10, 0.35000000000000003, 131, 0.08750000000000017, 63892, 0.0025
10, 0.35000000000000003, 131, 0.08750000000000017, 64047, 0.0025
10, 0.35000000000000003, 131, 0.08750000000000017, 64048, 0.0025
10, 0.35000000000000003, 131, 0.08750000000000017, 64049, 0.0025
10, 0.35000000000000003, 131, 0.08750000000000017, 64050, 0.0025
10, 0.35000000000000003, 131, 0.08750000000000017, 64051, 0.0025
10, 0.35000000000000003, 131, 0.08750000000000017, 64052, 0.0025
10, 0.35000000000000003, 131, 0.08750000000000017, 64053, 0.0025
10, 0.35000000000000003, 131, 0.08750000000000017, 64207, 0.0025
10, 0.35000000000000003, 131, 0.08750000000000017, 64208, 0.0025
10, 0.35000000000000003, 131, 0.08750000000000017, 64209, 0.0025
10, 0.35000000000000003, 131, 0.08750000000000017, 64211, 0.0025
10, 0.35000000000000003, 131, 0.08750000000000017, 64212, 0.0025
10, 0.35000000000000003, 131, 0.08750000000000017, 64213, 0.0025
10, 0.35000000000000003, 131, 0.08750000000000017, 64368, 0.0025
10, 0.35000000000000003, 131, 0.08750000000000017, 64369, 0.0025
10, 0.35000000000000003, 131, 0.08750000000000017, 64370, 0.0025
10, 0.35000000000000003, 131, 0.08750000000000017, 64371, 0.0025
10, 0.35000000000000003, 131, 0.08750000000000017, 64526, 0.0025
10, 0.35000000000000003, 131, 0.08750000000000017, 64527, 0.0025
10, 0.35000000000000003, 131, 0.08750000000000017, 64677, 0.0025
10, 0.35000000000000003, 131, 0.08750000000000017, 64678, 0.0025
10, 0.35000000000000003, 144, 0.05, 65835, 0.0025
10, 0.35000000000000003, 144, 0.05, 65836, 0.0025
10, 0.35000000000000003, 144, 0.05, 65837, 0.0025
10, 0.35000000000000003, 144, 0.05, 65975, 0.0025
10, 0.35000000000000003, 144, 0.05, 65976, 0.0025
10, 0.35000000000000003, 144, 0.05, 65977, 0.0025
10, 0.35000000000000003, 144, 0.05, 65978, 0.0025
10, 0.35000000000000003, 144, 0.05, 66113, 0.0025
10, 0.35000000000000003, 144, 0.05, 66118, 0.0025
10, 0.35000000000000003, 144, 0.05, 66249, 0.0025
10, 0.35000000000000003, 144, 0.05, 66251, 0.0025
10, 0.35000000000000003, 144, 0.05, 66258, 0.0025
10, 0.35000000000000003, 144, 0.05, 66259, 0.0025
10, 0.35000000000000003, 144, 0.05, 66387, 0.0025
10, 0.35000000000000003, 144, 0.05, 66390, 0.0025
10, 0.35000000000000003, 144, 0.05, 66393, 0.0025
10, 0.35000000000000003, 144, 0.05, 66523, 0.0025
10, 0.35000000000000003, 144, 0.05, 66524, 0.0025
10, 0.35000000000000003, 144, 0.05, 66787, 0.0025
10, 0.35000000000000003, 144, 0.05, 66788, 0.0025
10, 0.35000000000000003, 144, 0.05, 66915, 0.0025
10, 0.4, 1, 0.1575, 600, 0.0025
10, 0.4, 1, 0.1575, 601, 0.0025
10, 0.4, 1, 0.1575, 602, 0.0025
10, 0.4, 1, 0.1575, 603, 0.0025
10, 0.4, 1, 0.1575, 604, 0.0025
10, 0.4, 1, 0.1575, 648, 0.0025
10, 0.4, 1, 0.1575, 649, 0.0025
10, 0.4, 1, 0.1575, 650, 0.0025
10, 0.4, 1, 0.1575, 651, 0.0025
10, 0.4, 1, 0.1575, 652, 0.0025
10, 0.4, 1, 0.1575, 653, 0.0025
10, 0.4, 1, 0.1575, 654, 0.0025
10, 0.4, 1, 0.1575, 701, 0.0025
10, 0.4, 1, 0.1575, 702, 0.0025
10, 0.4, 1, 0.1575, 703, 0.0025
10, 0.4, 1, 0.1575, 704, 0.0025
10, 0.4, 1, 0.1575, 705, 0.0025
10, 0.4, 1, 0.1575, 706, 0.0025
10, 0.4, 1, 0.1575, 707, 0.0025
10, 0.4, 1, 0.1575, 756, 0.0025
10, 0.4, 1, 0.1575, 757, 0.0025
10, 0.4, 1, 0.1575, 758, 0.0025
10, 0.4, 1, 0.1575, 759, 0.0025
10, 0.4, 1, 0.1575, 760, 0.0025
10, 0.4, 1, 0.1575, 761, 0.0025
10, 0.4, 1, 0.1575, 762, 0.0025
10, 0.4, 1, 0.1575, 814, 0.0025
10, 0.4, 1, 0.1575, 815, 0.0025
10, 0.4, 1, 0.1575, 816, 0.0025
10, 0.4, 1, 0.1575, 817, 0.0025
10, 0.4, 1, 0.1575, 818, 0.0025
10, 0.4, 1, 0.1575, 874, 0.0025
10, 0.4, 1, 0.1575, 875, 0.0025
10, 0.4, 1, 0.1575, 876, 0.0025
10, 0.4, 1, 0.1575, 877, 0.0025
10, 0.4, 1, 0.1575, 936, 0.0025
10, 0.4, 1, 0.1575, 937, 0.0025
10, 0.4, 1, 0.1575, 938, 0.0025
10, 0.4, 1, 0.1575, 1053, 0.0025
10, 0.4, 1, 0.1575, 1119, 0.0025
10, 0.4, 1, 0.1575, 1188, 0.0025
10, 0.4, 1, 0.1575, 1258, 0.0025
10, 0.4, 1, 0.1575, 1330, 0.0025
10, 0.4, 1, 0.1575, 1331, 0.0025
10, 0.4, 1, 0.1575, 1332, 0.0025
10, 0.4, 1, 0.1575, 1333, 0.0025
10, 0.4, 1, 0.1575, 1334, 0.0025
10, 0.4, 1, 0.1575, 1406, 0.0025
10, 0.4, 1, 0.1575, 1407, 0.0025
10, 0.4, 1, 0.1575, 1408, 0.0025
10, 0.4, 1, 0.1575, 1409, 0.0025
10, 0.4, 1, 0.1575, 1410, 0.0025
10, 0.4, 1, 0.1575, 1482, 0.0025
10, 0.4, 1, 0.1575, 1483, 0.0025
10, 0.4, 1, 0.1575, 1484, 0.0025
10, 0.4, 1, 0.1575, 1485, 0.0025
10, 0.4, 1, 0.1575, 1486, 0.0025
10, 0.4, 1, 0.1575, 1560, 0.0025
10, 0.4, 1, 0.1575, 1561, 0.0025
10, 0.4, 1, 0.1575, 1562, 0.0025
10, 0.4, 1, 0.1575, 1563, 0.0025
10, 0.4, 1, 0.1575, 1641, 0.0025
10, 0.4, 1, 0.1575, 1642, 0.0025
10, 0.4, 1, 0.1575, 1724, 0.0025
10, 0.4, 14, 0.0775, 6207, 0.0025
10, 0.4, 14, 0.0775, 6337, 0.0025
10, 0.4, 14, 0.0775, 6338, 0.0025
10, 0.4, 14, 0.0775, 6467, 0.0025
10, 0.4, 14, 0.0775, 6468, 0.0025
10, 0.4, 14, 0.0775, 6469, 0.0025
10, 0.4, 19, 0.2, 6472, 0.0025
10, 0.4, 19, 0.2, 6473, 0.0025
10, 0.4, 19, 0.2, 6474, 0.0025
10, 0.4, 19, 0.2, 6475, 0.0025
10, 0.4, 14, 0.0775, 6599, 0.0025
10, 0.4, 14, 0.0775, 6600, 0.0025
10, 0.4, 14, 0.0775, 6601, 0.0025
10, 0.4, 19, 0.2, 6603, 0.0025
10, 0.4, 19, 0.2, 6604, 0.0025
10, 0.4, 19, 0.2, 6605, 0.0025
10, 0.4, 19, 0.2, 6606, 0.0025
10, 0.4, 19, 0.2, 6607, 0.0025
10, 0.4, 19, 0.2, 6608, 0.0025
10, 0.4, 19, 0.2, 6609, 0.0025
10, 0.4, 14, 0.0775, 6731, 0.0025
10, 0.4, 14, 0.0775, 6732, 0.0025
10, 0.4, 14, 0.0775, 6733, 0.0025
10, 0.4, 14, 0.0775, 6734, 0.0025
10, 0.4, 19, 0.2, 6736, 0.0025
10, 0.4, 19, 0.2, 6737, 0.0025
10, 0.4, 19, 0.2, 6738, 0.0025
10, 0.4, 19, 0.2, 6739, 0.0025
10, 0.4, 19, 0.2, 6740, 0.0025
10, 0.4, 19, 0.2, 6741, 0.0025
10, 0.4, 19, 0.2, 6742, 0.0025
10, 0.4, 14, 0.0775, 6864, 0.0025
10, 0.4, 14, 0.0775, 6865, 0.0025
10, 0.4, 14, 0.0775, 6866, 0.0025
10, 0.4, 14, 0.0775, 6867, 0.0025
10, 0.4, 19, 0.2, 6869, 0.0025
10, 0.4, 19, 0.2, 6870, 0.0025
10, 0.4, 19, 0.2, 6871, 0.0025
10, 0.4, 19, 0.2, 6872, 0.0025
10, 0.4, 19, 0.2, 6873, 0.0025
10, 0.4, 19, 0.2, 6874, 0.0025
10, 0.4, 19, 0.2, 6875, 0.0025
10, 0.4, 19, 0.2, 6876, 0.0025
10, 0.4, 14, 0.0775, 6998, 0.0025
10, 0.4, 14, 0.0775, 6999, 0.0025
10, 0.4, 14, 0.0775, 7000, 0.0025
10, 0.4, 19, 0.2, 7003, 0.0025
10, 0.4, 19, 0.2, 7004, 0.0025
10, 0.4, 19, 0.2, 7005, 0.0025
10, 0.4, 19, 0.2, 7006, 0.0025
10, 0.4, 19, 0.2, 7007, 0.0025
10, 0.4, 19, 0.2, 7008, 0.0025
10, 0.4, 19, 0.2, 7009, 0.0025
10, 0.4, 19, 0.2, 7010, 0.0025
10, 0.4, 14, 0.0775, 7131, 0.0025
10, 0.4, 14, 0.0775, 7132, 0.0025
10, 0.4, 14, 0.0775, 7133, 0.0025
10, 0.4, 14, 0.0775, 7134, 0.0025
10, 0.4, 19, 0.2, 7136, 0.0025
10, 0.4, 19, 0.2, 7137, 0.0025
10, 0.4, 19, 0.2, 7138, 0.0025
10, 0.4, 19, 0.2, 7139, 0.0025
10, 0.4, 19, 0.2, 7140, 0.0025
10, 0.4, 19, 0.2, 7141, 0.0025
10, 0.4, 19, 0.2, 7142, 0.0025
10, 0.4, 19, 0.2, 7143, 0.0025
10, 0.4, 19, 0.2, 7144, 0.0025
10, 0.4, 14, 0.0775, 7269, 0.0025
10, 0.4, 14, 0.0775, 7270, 0.0025
10, 0.4, 19, 0.2, 7271, 0.0025
10, 0.4, 19, 0.2, 7272, 0.0025
10, 0.4, 19, 0.2, 7273, 0.0025
10, 0.4, 19, 0.2, 7274, 0.0025
10, 0.4, 19, 0.2, 7275, 0.0025
10, 0.4, 19, 0.2, 7276, 0.0025
10, 0.4, 19, 0.2, 7277, 0.0025
10, 0.4, 19, 0.2, 7278, 0.0025
10, 0.4, 19, 0.2, 7279, 0.0025
10, 0.4, 19, 0.2, 7280, 0.0025
10, 0.4, 19, 0.2, 7281, 0.0025
10, 0.4, 14, 0.0775, 7404, 0.0025
10, 0.4, 19, 0.2, 7407, 0.0025
10, 0.4, 19, 0.2, 7408, 0.0025
10, 0.4, 19, 0.2, 7409, 0.0025
10, 0.4, 19, 0.2, 7410, 0.0025
10, 0.4, 19, 0.2, 7411, 0.0025
10, 0.4, 19, 0.2, 7412, 0.0025
10, 0.4, 19, 0.2, 7413, 0.0025
10, 0.4, 19, 0.2, 7414, 0.0025
10, 0.4, 19, 0.2, 7415, 0.0025
10, 0.4, 19, 0.2, 7416, 0.0025
10, 0.4, 14, 0.0775, 7541, 0.0025
10, 0.4, 14, 0.0775, 7542, 0.0025
10, 0.4, 14, 0.0775, 7543, 0.0025
10, 0.4, 19, 0.2, 7545, 0.0025
10, 0.4, 19, 0.2, 7546, 0.0025
10, 0.4, 19, 0.2, 7547, 0.0025
10, 0.4, 19, 0.2, 7548, 0.0025
10, 0.4, 19, 0.2, 7549, 0.0025
10, 0.4, 19, 0.2, 7550, 0.0025
10, 0.4, 19, 0.2, 7551, 0.0025
10, 0.4, 19, 0.2, 7552, 0.0025
10, 0.4, 19, 0.2, 7553, 0.0025
10, 0.4, 14, 0.0775, 7680, 0.0025
10, 0.4, 14, 0.0775, 7681, 0.0025
10, 0.4, 19, 0.2, 7684, 0.0025
10, 0.4, 19, 0.2, 7685, 0.0025
10, 0.4, 19, 0.2, 7686, 0.0025
10, 0.4, 19, 0.2, 7687, 0.0025
10, 0.4, 19, 0.2, 7688, 0.0025
10, 0.4, 19, 0.2, 7689, 0.0025
10, 0.4, 19, 0.2, 7690, 0.0025
10, 0.4, 19, 0.2, 7824, 0.0025
10, 0.4, 25, 0.1275, 9428, 0.0025
10, 0.4, 25, 0.1275, 9577, 0.0025
10, 0.4, 25, 0.1275, 9578, 0.0025
10, 0.4, 25, 0.1275, 9717, 0.0025
10, 0.4, 25, 0.1275, 9718, 0.0025
10, 0.4, 25, 0.1275, 9719, 0.0025
10, 0.4, 25, 0.1275, 9720, 0.0025
10, 0.4, 25, 0.1275, 9847, 0.0025
10, 0.4, 25, 0.1275, 9849, 0.0025
10, 0.4, 25, 0.1275, 9850, 0.0025
10, 0.4, 25, 0.1275, 9851, 0.0025
10, 0.4, 25, 0.1275, 9852, 0.0025
10, 0.4, 25, 0.1275, 9975, 0.0025
10, 0.4, 25, 0.1275, 9976, 0.0025
10, 0.4, 25, 0.1275, 9977, 0.0025
10, 0.4, 25, 0.1275, 10090, 0.0025
10, 0.4, 25, 0.1275, 10093, 0.0025
10, 0.4, 25, 0.1275, 10095, 0.0025
10, 0.4, 25, 0.1275, 10096, 0.0025
10, 0.4, 25, 0.1275, 10097, 0.0025
10, 0.4, 25, 0.1275, 10203, 0.0025
10, 0.4, 25, 0.1275, 10204, 0.0025
10, 0.4, 25, 0.1275, 10205, 0.0025
10, 0.4, 25, 0.1275, 10206, 0.0025
10, 0.4, 25, 0.1275, 10210, 0.0025
10, 0.4, 25, 0.1275, 10211, 0.0025
10, 0.4, 25, 0.1275, 10212, 0.0025
10, 0.4, 25, 0.1275, 10213, 0.0025
10, 0.4, 25, 0.1275, 10319, 0.0025
10, 0.4, 25, 0.1275, 10321, 0.0025
10, 0.4, 25, 0.1275, 10322, 0.0025
10, 0.4, 25, 0.1275, 10323, 0.0025
10, 0.4, 25, 0.1275, 10324, 0.0025
10, 0.4, 25, 0.1275, 10328, 0.0025
10, 0.4, 25, 0.1275, 10329, 0.0025
10, 0.4, 25, 0.1275, 10330, 0.0025
10, 0.4, 25, 0.1275, 10435, 0.0025
10, 0.4, 25, 0.1275, 10436, 0.0025
10, 0.4, 25, 0.1275, 10437, 0.0025
10, 0.4, 25, 0.1275, 10438, 0.0025
10, 0.4, 25, 0.1275, 10439, 0.0025
10, 0.4, 25, 0.1275, 10440, 0.0025
10, 0.4, 25, 0.1275, 10441, 0.0025
10, 0.4, 25, 0.1275, 10442, 0.0025
10, 0.4, 25, 0.1275, 10445, 0.0025
10, 0.4, 25, 0.1275, 10555, 0.0025
10, 0.4, 25, 0.1275, 10556, 0.0025
10, 0.4, 25, 0.1275, 10557, 0.0025
10, 0.4, 25, 0.1275, 10558, 0.0025
10, 0.4, 25, 0.1275, 10559, 0.0025
10, 0.4, 25, 0.1275, 10560, 0.0025
10, 0.4, 25, 0.1275, 10674, 0.0025
10, 0.4, 38, 0.07, 16550, 0.0025
10, 0.4, 38, 0.07, 16659, 0.0025
10, 0.4, 38, 0.07, 16660, 0.0025
10, 0.4, 38, 0.07, 16661, 0.0025
10, 0.4, 41, 0.145, 16755, 0.0025
10, 0.4, 38, 0.07, 16762, 0.0025
10, 0.4, 41, 0.145, 16870, 0.0025
10, 0.4, 38, 0.07, 16879, 0.0025
10, 0.4, 41, 0.145, 16986, 0.0025
10, 0.4, 38, 0.07, 16990, 0.0025
10, 0.4, 38, 0.07, 16991, 0.0025
10, 0.4, 38, 0.07, 16992, 0.0025
10, 0.4, 41, 0.145, 17087, 0.0025
10, 0.4, 41, 0.145, 17091, 0.0025
10, 0.4, 41, 0.145, 17092, 0.0025
10, 0.4, 41, 0.145, 17093, 0.0025
10, 0.4, 41, 0.145, 17094, 0.0025
10, 0.4, 38, 0.07, 17098, 0.0025
10, 0.4, 38, 0.07, 17101, 0.0025
10, 0.4, 41, 0.145, 17190, 0.0025
10, 0.4, 41, 0.145, 17197, 0.0025
10, 0.4, 41, 0.145, 17198, 0.0025
10, 0.4, 38, 0.07, 17201, 0.0025
10, 0.4, 38, 0.07, 17203, 0.0025
10, 0.4, 38, 0.07, 17204, 0.0025
10, 0.4, 41, 0.145, 17293, 0.0025
10, 0.4, 41, 0.145, 17295, 0.0025
10, 0.4, 41, 0.145, 17299, 0.0025
10, 0.4, 41, 0.145, 17301, 0.0025
10, 0.4, 41, 0.145, 17303, 0.0025
10, 0.4, 38, 0.07, 17304, 0.0025
10, 0.4, 38, 0.07, 17305, 0.0025
10, 0.4, 38, 0.07, 17306, 0.0025
10, 0.4, 38, 0.07, 17310, 0.0025
10, 0.4, 41, 0.145, 17395, 0.0025
10, 0.4, 41, 0.145, 17401, 0.0025
10, 0.4, 41, 0.145, 17402, 0.0025
10, 0.4, 41, 0.145, 17404, 0.0025
10, 0.4, 41, 0.145, 17405, 0.0025
10, 0.4, 38, 0.07, 17407, 0.0025
10, 0.4, 38, 0.07, 17408, 0.0025
10, 0.4, 38, 0.07, 17409, 0.0025
10, 0.4, 38, 0.07, 17413, 0.0025
10, 0.4, 41, 0.145, 17503, 0.0025
10, 0.4, 41, 0.145, 17504, 0.0025
10, 0.4, 41, 0.145, 17505, 0.0025
10, 0.4, 41, 0.145, 17506, 0.0025
10, 0.4, 41, 0.145, 17508, 0.0025
10, 0.4, 41, 0.145, 17509, 0.0025
10, 0.4, 38, 0.07, 17512, 0.0025
10, 0.4, 41, 0.145, 17602, 0.0025
10, 0.4, 41, 0.145, 17603, 0.0025
10, 0.4, 41, 0.145, 17604, 0.0025
10, 0.4, 41, 0.145, 17605, 0.0025
10, 0.4, 41, 0.145, 17606, 0.0025
10, 0.4, 41, 0.145, 17607, 0.0025
10, 0.4, 41, 0.145, 17608, 0.0025
10, 0.4, 41, 0.145, 17609, 0.0025
10, 0.4, 38, 0.07, 17612, 0.0025
10, 0.4, 38, 0.07, 17613, 0.0025
10, 0.4, 38, 0.07, 17614, 0.0025
10, 0.4, 41, 0.145, 17696, 0.0025
10, 0.4, 41, 0.145, 17697, 0.0025
10, 0.4, 41, 0.145, 17698, 0.0025
10, 0.4, 41, 0.145, 17699, 0.0025
10, 0.4, 41, 0.145, 17700, 0.0025
10, 0.4, 41, 0.145, 17702, 0.0025
10, 0.4, 41, 0.145, 17703, 0.0025
10, 0.4, 41, 0.145, 17704, 0.0025
10, 0.4, 38, 0.07, 17708, 0.0025
10, 0.4, 38, 0.07, 17709, 0.0025
10, 0.4, 41, 0.145, 17791, 0.0025
10, 0.4, 41, 0.145, 17793, 0.0025
10, 0.4, 41, 0.145, 17794, 0.0025
10, 0.4, 41, 0.145, 17795, 0.0025
10, 0.4, 41, 0.145, 17797, 0.0025
10, 0.4, 38, 0.07, 17800, 0.0025
10, 0.4, 41, 0.145, 17885, 0.0025
10, 0.4, 41, 0.145, 17889, 0.0025
10, 0.4, 41, 0.145, 17976, 0.0025
10, 0.4, 41, 0.145, 17978, 0.0025
10, 0.4, 41, 0.145, 17980, 0.0025
10, 0.4, 41, 0.145, 17982, 0.0025
10, 0.4, 41, 0.145, 18060, 0.0025
10, 0.4, 41, 0.145, 18062, 0.0025
10, 0.4, 41, 0.145, 18064, 0.0025
10, 0.4, 41, 0.145, 18066, 0.0025
10, 0.4, 41, 0.145, 18149, 0.0025
10, 0.4, 98, 0.0525, 48314, 0.0025
10, 0.4, 98, 0.0525, 48978, 0.0025
10, 0.4, 98, 0.0525, 48979, 0.0025
10, 0.4, 98, 0.0525, 49250, 0.0025
10, 0.4, 98, 0.0525, 49251, 0.0025
10, 0.4, 98, 0.0525, 49253, 0.0025
10, 0.4, 98, 0.0525, 49377, 0.0025
10, 0.4, 98, 0.0525, 49511, 0.0025
10, 0.4, 98, 0.0525, 49516, 0.0025
10, 0.4, 98, 0.0525, 49650, 0.0025
10, 0.4, 98, 0.0525, 49651, 0.0025
10, 0.4, 98, 0.0525, 49785, 0.0025
10, 0.4, 98, 0.0525, 49920, 0.0025
10, 0.4, 98, 0.0525, 49921, 0.0025
10, 0.4, 98, 0.0525, 50062, 0.0025
10, 0.4, 98, 0.0525, 50063, 0.0025
10, 0.4, 98, 0.0525, 50064, 0.0025
10, 0.4, 98, 0.0525, 50065, 0.0025
10, 0.4, 98, 0.0525, 50066, 0.0025
10, 0.4, 98, 0.0525, 50208, 0.0025
10, 0.4, 98, 0.0525, 50350, 0.0025
10, 0.4, 98, 0.0525, 50627, 0.0025
10, 0.4, 131, 0.0875, 61121, 0.0025
10, 0.4, 131, 0.0875, 61299, 0.0025
10, 0.4, 131, 0.0875, 62192, 0.0025
10, 0.4, 131, 0.0875, 62707, 0.0025
10, 0.4, 131, 0.0875, 62879, 0.0025
10, 0.4, 131, 0.0875, 62880, 0.0025
10, 0.4, 131, 0.0875, 63050, 0.0025
10, 0.4, 131, 0.0875, 63051, 0.0025
10, 0.4, 131, 0.0875, 63052, 0.0025
10, 0.4, 131, 0.0875, 63220, 0.0025
10, 0.4, 131, 0.0875, 63721, 0.0025
10, 0.4, 131, 0.0875, 63885, 0.0025
10, 0.4, 131, 0.0875, 63886, 0.0025
10, 0.4, 131, 0.0875, 63888, 0.0025
10, 0.4, 131, 0.0875, 63892, 0.0025
10, 0.4, 133, 0.0325, 63922, 0.0025
10, 0.4, 133, 0.0325, 63923, 0.0025
10, 0.4, 131, 0.0875, 64047, 0.0025
10, 0.4, 131, 0.0875, 64048, 0.0025
10, 0.4, 131, 0.0875, 64049, 0.0025
10, 0.4, 131, 0.0875, 64050, 0.0025
10, 0.4, 131, 0.0875, 64051, 0.0025
10, 0.4, 131, 0.0875, 64052, 0.0025
10, 0.4, 131, 0.0875, 64053, 0.0025
10, 0.4, 133, 0.0325, 64098, 0.0025
10, 0.4, 131, 0.0875, 64207, 0.0025
10, 0.4, 131, 0.0875, 64208, 0.0025
10, 0.4, 131, 0.0875, 64209, 0.0025
10, 0.4, 131, 0.0875, 64211, 0.0025
10, 0.4, 131, 0.0875, 64212, 0.0025
10, 0.4, 131, 0.0875, 64213, 0.0025
10, 0.4, 133, 0.0325, 64258, 0.0025
10, 0.4, 133, 0.0325, 64259, 0.0025
10, 0.4, 131, 0.0875, 64368, 0.0025
10, 0.4, 131, 0.0875, 64369, 0.0025
10, 0.4, 131, 0.0875, 64370, 0.0025
10, 0.4, 131, 0.0875, 64371, 0.0025
10, 0.4, 133, 0.0325, 64403, 0.0025
10, 0.4, 133, 0.0325, 64404, 0.0025
10, 0.4, 133, 0.0325, 64415, 0.0025
10, 0.4, 131, 0.0875, 64526, 0.0025
10, 0.4, 131, 0.0875, 64527, 0.0025
10, 0.4, 133, 0.0325, 64572, 0.0025
10, 0.4, 131, 0.0875, 64677, 0.0025
10, 0.4, 131, 0.0875, 64678, 0.0025
10, 0.4, 133, 0.0325, 64726, 0.0025
10, 0.4, 133, 0.0325, 64878, 0.0025
10, 0.4, 133, 0.0325, 65029, 0.0025
10, 0.4, 133, 0.0325, 65177, 0.0025
10, 0.4, 133, 0.0325, 65178, 0.0025
10, 0.4, 144, 0.05, 65835, 0.0025
10, 0.4, 144, 0.05, 65836, 0.0025
10, 0.4, 144, 0.05, 65837, 0.0025
10, 0.4, 144, 0.05, 65975, 0.0025
10, 0.4, 144, 0.05, 65976, 0.0025
10, 0.4, 144, 0.05, 65977, 0.0025
10, 0.4, 144, 0.05, 65978, 0.0025
10, 0.4, 144, 0.05, 66113, 0.0025
10, 0.4, 144, 0.05, 66118, 0.0025
10, 0.4, 144, 0.05, 66249, 0.0025
10, 0.4, 144, 0.05, 66251, 0.0025
10, 0.4, 144, 0.05, 66258, 0.0025
10, 0.4, 144, 0.05, 66259, 0.0025
10, 0.4, 144, 0.05, 66387, 0.0025
10, 0.4, 144, 0.05, 66390, 0.0025
10, 0.4, 144, 0.05, 66393, 0.0025
10, 0.4, 144, 0.05, 66523, 0.0025
10, 0.4, 144, 0.05, 66524, 0.0025
10, 0.4, 144, 0.05, 66787, 0.0025
10, 0.4, 144, 0.05, 66788, 0.0025
10, 0.4, 144, 0.05, 66915, 0.0025
10, 0.45, 1, 0.1550000000000022, 600, 0.0025
10, 0.45, 1, 0.1550000000000022, 601, 0.0025
10, 0.45, 1, 0.1550000000000022, 602, 0.0025
10, 0.45, 1, 0.1550000000000022, 604, 0.0025
10, 0.45, 1, 0.1550000000000022, 648, 0.0025
10, 0.45, 1, 0.1550000000000022, 649, 0.0025
10, 0.45, 1, 0.1550000000000022, 650, 0.0025
10, 0.45, 1, 0.1550000000000022, 651, 0.0025
10, 0.45, 1, 0.1550000000000022, 652, 0.0025
10, 0.45, 1, 0.1550000000000022, 653, 0.0025
10, 0.45, 1, 0.1550000000000022, 654, 0.0025
10, 0.45, 1, 0.1550000000000022, 701, 0.0025
10, 0.45, 1, 0.1550000000000022, 702, 0.0025
10, 0.45, 1, 0.1550000000000022, 703, 0.0025
10, 0.45, 1, 0.1550000000000022, 704, 0.0025
10, 0.45, 1, 0.1550000000000022, 705, 0.0025
10, 0.45, 1, 0.1550000000000022, 706, 0.0025
10, 0.45, 1, 0.1550000000000022, 707, 0.0025
10, 0.45, 1, 0.1550000000000022, 756, 0.0025
10, 0.45, 1, 0.1550000000000022, 757, 0.0025
10, 0.45, 1, 0.1550000000000022, 758, 0.0025
10, 0.45, 1, 0.1550000000000022, 759, 0.0025
10, 0.45, 1, 0.1550000000000022, 760, 0.0025
10, 0.45, 1, 0.1550000000000022, 761, 0.0025
10, 0.45, 1, 0.1550000000000022, 762, 0.0025
10, 0.45, 1, 0.1550000000000022, 814, 0.0025
10, 0.45, 1, 0.1550000000000022, 815, 0.0025
10, 0.45, 1, 0.1550000000000022, 816, 0.0025
10, 0.45, 1, 0.1550000000000022, 817, 0.0025
10, 0.45, 1, 0.1550000000000022, 818, 0.0025
10, 0.45, 1, 0.1550000000000022, 874, 0.0025
10, 0.45, 1, 0.1550000000000022, 875, 0.0025
10, 0.45, 1, 0.1550000000000022, 876, 0.0025
10, 0.45, 1, 0.1550000000000022, 877, 0.0025
10, 0.45, 1, 0.1550000000000022, 936, 0.0025
10, 0.45, 1, 0.1550000000000022, 937, 0.0025
10, 0.45, 1, 0.1550000000000022, 938, 0.0025
10, 0.45, 1, 0.1550000000000022, 1053, 0.0025
10, 0.45, 1, 0.1550000000000022, 1119, 0.0025
10, 0.45, 1, 0.1550000000000022, 1188, 0.0025
10, 0.45, 1, 0.1550000000000022, 1258, 0.0025
10, 0.45, 1, 0.1550000000000022, 1330, 0.0025
10, 0.45, 1, 0.1550000000000022, 1331, 0.0025
10, 0.45, 1, 0.1550000000000022, 1332, 0.0025
10, 0.45, 1, 0.1550000000000022, 1333, 0.0025
10, 0.45, 1, 0.1550000000000022, 1334, 0.0025
10, 0.45, 1, 0.1550000000000022, 1406, 0.0025
10, 0.45, 1, 0.1550000000000022, 1407, 0.0025
10, 0.45, 1, 0.1550000000000022, 1408, 0.0025
10, 0.45, 1, 0.1550000000000022, 1409, 0.0025
10, 0.45, 1, 0.1550000000000022, 1410, 0.0025
10, 0.45, 1, 0.1550000000000022, 1482, 0.0025
10, 0.45, 1, 0.1550000000000022, 1483, 0.0025
10, 0.45, 1, 0.1550000000000022, 1484, 0.0025
10, 0.45, 1, 0.1550000000000022, 1485, 0.0025
10, 0.45, 1, 0.1550000000000022, 1486, 0.0025
10, 0.45, 1, 0.1550000000000022, 1560, 0.0025
10, 0.45, 1, 0.1550000000000022, 1561, 0.0025
10, 0.45, 1, 0.1550000000000022, 1562, 0.0025
10, 0.45, 1, 0.1550000000000022, 1563, 0.0025
10, 0.45, 1, 0.1550000000000022, 1641, 0.0025
10, 0.45, 1, 0.1550000000000022, 1642, 0.0025
10, 0.45, 1, 0.1550000000000022, 1724, 0.0025
10, 0.45, 16, 0.05999999999999996, 5677, 0.0025
10, 0.45, 16, 0.05999999999999996, 5678, 0.0025
10, 0.45, 16, 0.05999999999999996, 5805, 0.0025
10, 0.45, 16, 0.05999999999999996, 5806, 0.0025
10, 0.45, 16, 0.05999999999999996, 5933, 0.0025
10, 0.45, 16, 0.05999999999999996, 5934, 0.0025
10, 0.45, 16, 0.05999999999999996, 6062, 0.0025
10, 0.45, 16, 0.05999999999999996, 6063, 0.0025
10, 0.45, 16, 0.05999999999999996, 6191, 0.0025
10, 0.45, 16, 0.05999999999999996, 6192, 0.0025
10, 0.45, 16, 0.05999999999999996, 6322, 0.0025
10, 0.45, 16, 0.05999999999999996, 6323, 0.0025
10, 0.45, 16, 0.05999999999999996, 6454, 0.0025
10, 0.45, 19, 0.2, 6472, 0.0025
10, 0.45, 19, 0.2, 6473, 0.0025
10, 0.45, 19, 0.2, 6474, 0.0025
10, 0.45, 19, 0.2, 6475, 0.0025
10, 0.45, 16, 0.05999999999999996, 6586, 0.0025
10, 0.45, 19, 0.2, 6603, 0.0025
10, 0.45, 19, 0.2, 6604, 0.0025
10, 0.45, 19, 0.2, 6605, 0.0025
10, 0.45, 19, 0.2, 6606, 0.0025
10, 0.45, 19, 0.2, 6607, 0.0025
10, 0.45, 19, 0.2, 6608, 0.0025
10, 0.45, 19, 0.2, 6609, 0.0025
10, 0.45, 16, 0.05999999999999996, 6718, 0.0025
10, 0.45, 16, 0.05999999999999996, 6719, 0.0025
10, 0.45, 19, 0.2, 6736, 0.0025
10, 0.45, 19, 0.2, 6737, 0.0025
10, 0.45, 19, 0.2, 6738, 0.0025
10, 0.45, 19, 0.2, 6739, 0.0025
10, 0.45, 19, 0.2, 6740, 0.0025
10, 0.45, 19, 0.2, 6741, 0.0025
10, 0.45, 19, 0.2, 6742, 0.0025
10, 0.45, 16, 0.05999999999999996, 6851, 0.0025
10, 0.45, 16, 0.05999999999999996, 6852, 0.0025
10, 0.45, 19, 0.2, 6869, 0.0025
10, 0.45, 19, 0.2, 6870, 0.0025
10, 0.45, 19, 0.2, 6871, 0.0025
10, 0.45, 19, 0.2, 6872, 0.0025
10, 0.45, 19, 0.2, 6873, 0.0025
10, 0.45, 19, 0.2, 6874, 0.0025
10, 0.45, 19, 0.2, 6875, 0.0025
10, 0.45, 19, 0.2, 6876, 0.0025
10, 0.45, 16, 0.05999999999999996, 6985, 0.0025
10, 0.45, 16, 0.05999999999999996, 6986, 0.0025
10, 0.45, 19, 0.2, 7003, 0.0025
10, 0.45, 19, 0.2, 7004, 0.0025
10, 0.45, 19, 0.2, 7005, 0.0025
10, 0.45, 19, 0.2, 7006, 0.0025
10, 0.45, 19, 0.2, 7007, 0.0025
10, 0.45, 19, 0.2, 7008, 0.0025
10, 0.45, 19, 0.2, 7009, 0.0025
10, 0.45, 19, 0.2, 7010, 0.0025
10, 0.45, 16, 0.05999999999999996, 7119, 0.0025
10, 0.45, 16, 0.05999999999999996, 7120, 0.0025
10, 0.45, 19, 0.2, 7136, 0.0025
10, 0.45, 19, 0.2, 7137, 0.0025
10, 0.45, 19, 0.2, 7138, 0.0025
10, 0.45, 19, 0.2, 7139, 0.0025
10, 0.45, 19, 0.2, 7140, 0.0025
10, 0.45, 19, 0.2, 7141, 0.0025
10, 0.45, 19, 0.2, 7142, 0.0025
10, 0.45, 19, 0.2, 7143, 0.0025
10, 0.45, 19, 0.2, 7144, 0.0025
10, 0.45, 16, 0.05999999999999996, 7256, 0.0025
10, 0.45, 19, 0.2, 7271, 0.0025
10, 0.45, 19, 0.2, 7272, 0.0025
10, 0.45, 19, 0.2, 7273, 0.0025
10, 0.45, 19, 0.2, 7274, 0.0025
10, 0.45, 19, 0.2, 7275, 0.0025
10, 0.45, 19, 0.2, 7276, 0.0025
10, 0.45, 19, 0.2, 7277, 0.0025
10, 0.45, 19, 0.2, 7278, 0.0025
10, 0.45, 19, 0.2, 7279, 0.0025
10, 0.45, 19, 0.2, 7280, 0.0025
10, 0.45, 19, 0.2, 7281, 0.0025
10, 0.45, 16, 0.05999999999999996, 7391, 0.0025
10, 0.45, 16, 0.05999999999999996, 7392, 0.0025
10, 0.45, 19, 0.2, 7407, 0.0025
10, 0.45, 19, 0.2, 7408, 0.0025
10, 0.45, 19, 0.2, 7409, 0.0025
10, 0.45, 19, 0.2, 7410, 0.0025
10, 0.45, 19, 0.2, 7411, 0.0025
10, 0.45, 19, 0.2, 7412, 0.0025
10, 0.45, 19, 0.2, 7413, 0.0025
10, 0.45, 19, 0.2, 7414, 0.0025
10, 0.45, 19, 0.2, 7415, 0.0025
10, 0.45, 19, 0.2, 7416, 0.0025
10, 0.45, 19, 0.2, 7545, 0.0025
10, 0.45, 19, 0.2, 7546, 0.0025
10, 0.45, 19, 0.2, 7547, 0.0025
10, 0.45, 19, 0.2, 7548, 0.0025
10, 0.45, 19, 0.2, 7549, 0.0025
10, 0.45, 19, 0.2, 7550, 0.0025
10, 0.45, 19, 0.2, 7551, 0.0025
10, 0.45, 19, 0.2, 7552, 0.0025
10, 0.45, 19, 0.2, 7553, 0.0025
10, 0.45, 19, 0.2, 7684, 0.0025
10, 0.45, 19, 0.2, 7685, 0.0025
10, 0.45, 19, 0.2, 7686, 0.0025
10, 0.45, 19, 0.2, 7687, 0.0025
10, 0.45, 19, 0.2, 7688, 0.0025
10, 0.45, 19, 0.2, 7689, 0.0025
10, 0.45, 19, 0.2, 7690, 0.0025
10, 0.45, 19, 0.2, 7824, 0.0025
10, 0.45, 25, 0.1199999999999999, 9428, 0.0025
10, 0.45, 25, 0.1199999999999999, 9577, 0.0025
10, 0.45, 25, 0.1199999999999999, 9578, 0.0025
10, 0.45, 25, 0.1199999999999999, 9717, 0.0025
10, 0.45, 25, 0.1199999999999999, 9718, 0.0025
10, 0.45, 25, 0.1199999999999999, 9719, 0.0025
10, 0.45, 25, 0.1199999999999999, 9720, 0.0025
10, 0.45, 25, 0.1199999999999999, 9847, 0.0025
10, 0.45, 25, 0.1199999999999999, 9849, 0.0025
10, 0.45, 25, 0.1199999999999999, 9850, 0.0025
10, 0.45, 25, 0.1199999999999999, 9851, 0.0025
10, 0.45, 25, 0.1199999999999999, 9852, 0.0025
10, 0.45, 25, 0.1199999999999999, 9975, 0.0025
10, 0.45, 25, 0.1199999999999999, 9976, 0.0025
10, 0.45, 25, 0.1199999999999999, 9977, 0.0025
10, 0.45, 25, 0.1199999999999999, 10090, 0.0025
10, 0.45, 25, 0.1199999999999999, 10093, 0.0025
10, 0.45, 25, 0.1199999999999999, 10095, 0.0025
10, 0.45, 25, 0.1199999999999999, 10096, 0.0025
10, 0.45, 25, 0.1199999999999999, 10097, 0.0025
10, 0.45, 25, 0.1199999999999999, 10203, 0.0025
10, 0.45, 25, 0.1199999999999999, 10204, 0.0025
10, 0.45, 25, 0.1199999999999999, 10205, 0.0025
10, 0.45, 25, 0.1199999999999999, 10206, 0.0025
10, 0.45, 25, 0.1199999999999999, 10210, 0.0025
10, 0.45, 25, 0.1199999999999999, 10211, 0.0025
10, 0.45, 25, 0.1199999999999999, 10212, 0.0025
10, 0.45, 25, 0.1199999999999999, 10213, 0.0025
10, 0.45, 25, 0.1199999999999999, 10319, 0.0025
10, 0.45, 25, 0.1199999999999999, 10321, 0.0025
10, 0.45, 25, 0.1199999999999999, 10322, 0.0025
10, 0.45, 25, 0.1199999999999999, 10323, 0.0025
10, 0.45, 25, 0.1199999999999999, 10324, 0.0025
10, 0.45, 25, 0.1199999999999999, 10328, 0.0025
10, 0.45, 25, 0.1199999999999999, 10329, 0.0025
10, 0.45, 25, 0.1199999999999999, 10330, 0.0025
10, 0.45, 25, 0.1199999999999999, 10435, 0.0025
10, 0.45, 25, 0.1199999999999999, 10436, 0.0025
10, 0.45, 25, 0.1199999999999999, 10437, 0.0025
10, 0.45, 25, 0.1199999999999999, 10438, 0.0025
10, 0.45, 25, 0.1199999999999999, 10439, 0.0025
10, 0.45, 25, 0.1199999999999999, 10440, 0.0025
10, 0.45, 25, 0.1199999999999999, 10441, 0.0025
10, 0.45, 25, 0.1199999999999999, 10442, 0.0025
10, 0.45, 25, 0.1199999999999999, 10555, 0.0025
10, 0.45, 25, 0.1199999999999999, 10556, 0.0025
10, 0.45, 25, 0.1199999999999999, 10557, 0.0025
10, 0.45, 25, 0.1199999999999999, 10558, 0.0025
10, 0.45, 25, 0.1199999999999999, 10559, 0.0025
10, 0.45, 38, 0.06999999999999977, 16550, 0.0025
10, 0.45, 38, 0.06999999999999977, 16659, 0.0025
10, 0.45, 38, 0.06999999999999977, 16660, 0.0025
10, 0.45, 38, 0.06999999999999977, 16661, 0.0025
10, 0.45, 41, 0.1375, 16755, 0.0025
10, 0.45, 38, 0.06999999999999977, 16762, 0.0025
10, 0.45, 41, 0.1375, 16870, 0.0025
10, 0.45, 38, 0.06999999999999977, 16879, 0.0025
10, 0.45, 38, 0.06999999999999977, 16990, 0.0025
10, 0.45, 38, 0.06999999999999977, 16991, 0.0025
10, 0.45, 38, 0.06999999999999977, 16992, 0.0025
10, 0.45, 41, 0.1375, 17087, 0.0025
10, 0.45, 41, 0.1375, 17091, 0.0025
10, 0.45, 41, 0.1375, 17092, 0.0025
10, 0.45, 41, 0.1375, 17093, 0.0025
10, 0.45, 41, 0.1375, 17094, 0.0025
10, 0.45, 38, 0.06999999999999977, 17098, 0.0025
10, 0.45, 38, 0.06999999999999977, 17101, 0.0025
10, 0.45, 41, 0.1375, 17190, 0.0025
10, 0.45, 41, 0.1375, 17197, 0.0025
10, 0.45, 41, 0.1375, 17198, 0.0025
10, 0.45, 38, 0.06999999999999977, 17201, 0.0025
10, 0.45, 38, 0.06999999999999977, 17203, 0.0025
10, 0.45, 38, 0.06999999999999977, 17204, 0.0025
10, 0.45, 41, 0.1375, 17293, 0.0025
10, 0.45, 41, 0.1375, 17295, 0.0025
10, 0.45, 41, 0.1375, 17299, 0.0025
10, 0.45, 41, 0.1375, 17301, 0.0025
10, 0.45, 41, 0.1375, 17303, 0.0025
10, 0.45, 38, 0.06999999999999977, 17304, 0.0025
10, 0.45, 38, 0.06999999999999977, 17305, 0.0025
10, 0.45, 38, 0.06999999999999977, 17306, 0.0025
10, 0.45, 38, 0.06999999999999977, 17310, 0.0025
10, 0.45, 41, 0.1375, 17395, 0.0025
10, 0.45, 41, 0.1375, 17401, 0.0025
10, 0.45, 41, 0.1375, 17402, 0.0025
10, 0.45, 41, 0.1375, 17404, 0.0025
10, 0.45, 41, 0.1375, 17405, 0.0025
10, 0.45, 38, 0.06999999999999977, 17407, 0.0025
10, 0.45, 38, 0.06999999999999977, 17408, 0.0025
10, 0.45, 38, 0.06999999999999977, 17409, 0.0025
10, 0.45, 38, 0.06999999999999977, 17413, 0.0025
10, 0.45, 41, 0.1375, 17503, 0.0025
10, 0.45, 41, 0.1375, 17504, 0.0025
10, 0.45, 41, 0.1375, 17505, 0.0025
10, 0.45, 41, 0.1375, 17506, 0.0025
10, 0.45, 41, 0.1375, 17508, 0.0025
10, 0.45, 41, 0.1375, 17509, 0.0025
10, 0.45, 38, 0.06999999999999977, 17512, 0.0025
10, 0.45, 41, 0.1375, 17602, 0.0025
10, 0.45, 41, 0.1375, 17603, 0.0025
10, 0.45, 41, 0.1375, 17604, 0.0025
10, 0.45, 41, 0.1375, 17605, 0.0025
10, 0.45, 41, 0.1375, 17606, 0.0025
10, 0.45, 41, 0.1375, 17607, 0.0025
10, 0.45, 41, 0.1375, 17608, 0.0025
10, 0.45, 41, 0.1375, 17609, 0.0025
10, 0.45, 38, 0.06999999999999977, 17612, 0.0025
10, 0.45, 38, 0.06999999999999977, 17613, 0.0025
10, 0.45, 38, 0.06999999999999977, 17614, 0.0025
10, 0.45, 41, 0.1375, 17696, 0.0025
10, 0.45, 41, 0.1375, 17697, 0.0025
10, 0.45, 41, 0.1375, 17698, 0.0025
10, 0.45, 41, 0.1375, 17699, 0.0025
10, 0.45, 41, 0.1375, 17700, 0.0025
10, 0.45, 41, 0.1375, 17702, 0.0025
10, 0.45, 41, 0.1375, 17703, 0.0025
10, 0.45, 41, 0.1375, 17704, 0.0025
10, 0.45, 38, 0.06999999999999977, 17708, 0.0025
10, 0.45, 38, 0.06999999999999977, 17709, 0.0025
10, 0.45, 41, 0.1375, 17791, 0.0025
10, 0.45, 41, 0.1375, 17793, 0.0025
10, 0.45, 41, 0.1375, 17795, 0.0025
10, 0.45, 41, 0.1375, 17797, 0.0025
10, 0.45, 38, 0.06999999999999977, 17800, 0.0025
10, 0.45, 41, 0.1375, 17885, 0.0025
10, 0.45, 41, 0.1375, 17889, 0.0025
10, 0.45, 41, 0.1375, 17976, 0.0025
10, 0.45, 41, 0.1375, 17978, 0.0025
10, 0.45, 41, 0.1375, 17982, 0.0025
10, 0.45, 41, 0.1375, 18060, 0.0025
10, 0.45, 41, 0.1375, 18062, 0.0025
10, 0.45, 41, 0.1375, 18064, 0.0025
10, 0.45, 41, 0.1375, 18066, 0.0025
10, 0.45, 41, 0.1375, 18149, 0.0025
10, 0.45, 98, 0.05249999999999997, 48314, 0.0025
10, 0.45, 98, 0.05249999999999997, 48978, 0.0025
10, 0.45, 98, 0.05249999999999997, 48979, 0.0025
10, 0.45, 98, 0.05249999999999997, 49250, 0.0025
10, 0.45, 98, 0.05249999999999997, 49251, 0.0025
10, 0.45, 98, 0.05249999999999997, 49253, 0.0025
10, 0.45, 98, 0.05249999999999997, 49377, 0.0025
10, 0.45, 98, 0.05249999999999997, 49511, 0.0025
10, 0.45, 98, 0.05249999999999997, 49516, 0.0025
10, 0.45, 98, 0.05249999999999997, 49650, 0.0025
10, 0.45, 98, 0.05249999999999997, 49651, 0.0025
10, 0.45, 98, 0.05249999999999997, 49785, 0.0025
10, 0.45, 98, 0.05249999999999997, 49920, 0.0025
10, 0.45, 98, 0.05249999999999997, 49921, 0.0025
10, 0.45, 98, 0.05249999999999997, 50062, 0.0025
10, 0.45, 98, 0.05249999999999997, 50063, 0.0025
10, 0.45, 98, 0.05249999999999997, 50064, 0.0025
10, 0.45, 98, 0.05249999999999997, 50065, 0.0025
10, 0.45, 98, 0.05249999999999997, 50066, 0.0025
10, 0.45, 98, 0.05249999999999997, 50208, 0.0025
10, 0.45, 98, 0.05249999999999997, 50350, 0.0025
10, 0.45, 98, 0.05249999999999997, 50627, 0.0025
10, 0.45, 116, 0.08499999999999983, 56241, 0.0025
10, 0.45, 116, 0.08499999999999983, 56242, 0.0025
10, 0.45, 116, 0.08499999999999983, 56389, 0.0025
10, 0.45, 116, 0.08499999999999983, 56390, 0.0025
10, 0.45, 116, 0.08499999999999983, 56537, 0.0025
10, 0.45, 116, 0.08499999999999983, 56538, 0.0025
10, 0.45, 116, 0.08499999999999983, 56539, 0.0025
10, 0.45, 116, 0.08499999999999983, 56684, 0.0025
10, 0.45, 116, 0.08499999999999983, 56685, 0.0025
10, 0.45, 116, 0.08499999999999983, 56835, 0.0025
10, 0.45, 116, 0.08499999999999983, 56836, 0.0025
10, 0.45, 116, 0.08499999999999983, 56983, 0.0025
10, 0.45, 116, 0.08499999999999983, 56985, 0.0025
10, 0.45, 116, 0.08499999999999983, 57134, 0.0025
10, 0.45, 116, 0.08499999999999983, 57283, 0.0025
10, 0.45, 116, 0.08499999999999983, 57435, 0.0025
10, 0.45, 116, 0.08499999999999983, 57589, 0.0025
10, 0.45, 116, 0.08499999999999983, 57903, 0.0025
10, 0.45, 116, 0.08499999999999983, 57904, 0.0025
10, 0.45, 116, 0.08499999999999983, 57905, 0.0025
10, 0.45, 116, 0.08499999999999983, 58060, 0.0025
10, 0.45, 116, 0.08499999999999983, 58061, 0.0025
10, 0.45, 116, 0.08499999999999983, 58213, 0.0025
10, 0.45, 116, 0.08499999999999983, 58214, 0.0025
10, 0.45, 116, 0.08499999999999983, 58215, 0.0025
10, 0.45, 116, 0.08499999999999983, 58372, 0.0025
10, 0.45, 116, 0.08499999999999983, 58374, 0.0025
10, 0.45, 116, 0.08499999999999983, 58535, 0.0025
10, 0.45, 116, 0.08499999999999983, 58536, 0.0025
10, 0.45, 116, 0.08499999999999983, 58537, 0.0025
10, 0.45, 116, 0.08499999999999983, 58538, 0.0025
10, 0.45, 116, 0.08499999999999983, 58702, 0.0025
10, 0.45, 116, 0.08499999999999983, 58703, 0.0025
10, 0.45, 116, 0.08499999999999983, 59041, 0.0025
10, 0.45, 116, 0.08499999999999983, 59042, 0.0025
10, 0.45, 137, 0.06999999999999997, 62563, 0.0025
10, 0.45, 137, 0.06999999999999997, 62564, 0.0025
10, 0.45, 137, 0.06999999999999997, 62566, 0.0025
10, 0.45, 137, 0.06999999999999997, 62567, 0.0025
10, 0.45, 137, 0.06999999999999997, 62739, 0.0025
10, 0.45, 137, 0.06999999999999997, 62740, 0.0025
10, 0.45, 137, 0.06999999999999997, 62741, 0.0025
10, 0.45, 137, 0.06999999999999997, 62910, 0.0025
10, 0.45, 137, 0.06999999999999997, 62911, 0.0025
10, 0.45, 137, 0.06999999999999997, 62913, 0.0025
10, 0.45, 137, 0.06999999999999997, 63087, 0.0025
10, 0.45, 137, 0.06999999999999997, 63088, 0.0025
10, 0.45, 137, 0.06999999999999997, 63089, 0.0025
10, 0.45, 137, 0.06999999999999997, 63254, 0.0025
10, 0.45, 137, 0.06999999999999997, 63255, 0.0025
10, 0.45, 137, 0.06999999999999997, 63258, 0.0025
10, 0.45, 137, 0.06999999999999997, 63421, 0.0025
10, 0.45, 137, 0.06999999999999997, 63422, 0.0025
10, 0.45, 137, 0.06999999999999997, 63423, 0.0025
10, 0.45, 137, 0.06999999999999997, 63587, 0.0025
10, 0.45, 137, 0.06999999999999997, 63592, 0.0025
10, 0.45, 137, 0.06999999999999997, 63757, 0.0025
10, 0.45, 137, 0.06999999999999997, 63919, 0.0025
10, 0.45, 137, 0.06999999999999997, 63920, 0.0025
10, 0.45, 137, 0.06999999999999997, 64080, 0.0025
10, 0.45, 137, 0.06999999999999997, 64081, 0.0025
10, 0.45, 137, 0.06999999999999997, 64082, 0.0025
10, 0.45, 137, 0.06999999999999997, 64400, 0.0025
10, 0.45, 137, 0.06999999999999997, 64712, 0.0025
10, 0.45, 144, 0.05, 65835, 0.0025
10, 0.45, 144, 0.05, 65836, 0.0025
10, 0.45, 144, 0.05, 65837, 0.0025
10, 0.45, 144, 0.05, 65975, 0.0025
10, 0.45, 144, 0.05, 65976, 0.0025
10, 0.45, 144, 0.05, 65977, 0.0025
10, 0.45, 144, 0.05, 65978, 0.0025
10, 0.45, 144, 0.05, 66113, 0.0025
10, 0.45, 144, 0.05, 66118, 0.0025
10, 0.45, 144, 0.05, 66249, 0.0025
10, 0.45, 144, 0.05, 66251, 0.0025
10, 0.45, 144, 0.05, 66258, 0.0025
10, 0.45, 144, 0.05, 66259, 0.0025
10, 0.45, 144, 0.05, 66387, 0.0025
10, 0.45, 144, 0.05, 66390, 0.0025
10, 0.45, 144, 0.05, 66393, 0.0025
10, 0.45, 144, 0.05, 66523, 0.0025
10, 0.45, 144, 0.05, 66524, 0.0025
10, 0.45, 144, 0.05, 66787, 0.0025
10, 0.45, 144, 0.05, 66788, 0.0025
10, 0.45, 144, 0.05, 66915, 0.0025
10, 0.5, 1, 0.1325000000000001, 650, 0.0025
10, 0.5, 1, 0.1325000000000001, 651, 0.0025
10, 0.5, 1, 0.1325000000000001, 652, 0.0025
10, 0.5, 1, 0.1325000000000001, 653, 0.0025
10, 0.5, 1, 0.1325000000000001, 654, 0.0025
10, 0.5, 1, 0.1325000000000001, 703, 0.0025
10, 0.5, 1, 0.1325000000000001, 704, 0.0025
10, 0.5, 1, 0.1325000000000001, 705, 0.0025
10, 0.5, 1, 0.1325000000000001, 706, 0.0025
10, 0.5, 1, 0.1325000000000001, 707, 0.0025
10, 0.5, 1, 0.1325000000000001, 756, 0.0025
10, 0.5, 1, 0.1325000000000001, 757, 0.0025
10, 0.5, 1, 0.1325000000000001, 758, 0.0025
10, 0.5, 1, 0.1325000000000001, 759, 0.0025
10, 0.5, 1, 0.1325000000000001, 760, 0.0025
10, 0.5, 1, 0.1325000000000001, 761, 0.0025
10, 0.5, 1, 0.1325000000000001, 762, 0.0025
10, 0.5, 1, 0.1325000000000001, 814, 0.0025
10, 0.5, 1, 0.1325000000000001, 815, 0.0025
10, 0.5, 1, 0.1325000000000001, 816, 0.0025
10, 0.5, 1, 0.1325000000000001, 817, 0.0025
10, 0.5, 1, 0.1325000000000001, 818, 0.0025
10, 0.5, 1, 0.1325000000000001, 874, 0.0025
10, 0.5, 1, 0.1325000000000001, 875, 0.0025
10, 0.5, 1, 0.1325000000000001, 876, 0.0025
10, 0.5, 1, 0.1325000000000001, 877, 0.0025
10, 0.5, 1, 0.1325000000000001, 936, 0.0025
10, 0.5, 1, 0.1325000000000001, 937, 0.0025
10, 0.5, 1, 0.1325000000000001, 938, 0.0025
10, 0.5, 1, 0.1325000000000001, 1119, 0.0025
10, 0.5, 1, 0.1325000000000001, 1188, 0.0025
10, 0.5, 1, 0.1325000000000001, 1258, 0.0025
10, 0.5, 1, 0.1325000000000001, 1330, 0.0025
10, 0.5, 1, 0.1325000000000001, 1331, 0.0025
10, 0.5, 1, 0.1325000000000001, 1332, 0.0025
10, 0.5, 1, 0.1325000000000001, 1333, 0.0025
10, 0.5, 1, 0.1325000000000001, 1334, 0.0025
10, 0.5, 1, 0.1325000000000001, 1406, 0.0025
10, 0.5, 1, 0.1325000000000001, 1407, 0.0025
10, 0.5, 1, 0.1325000000000001, 1408, 0.0025
10, 0.5, 1, 0.1325000000000001, 1409, 0.0025
10, 0.5, 1, 0.1325000000000001, 1410, 0.0025
10, 0.5, 1, 0.1325000000000001, 1482, 0.0025
10, 0.5, 1, 0.1325000000000001, 1483, 0.0025
10, 0.5, 1, 0.1325000000000001, 1484, 0.0025
10, 0.5, 1, 0.1325000000000001, 1485, 0.0025
10, 0.5, 1, 0.1325000000000001, 1486, 0.0025
10, 0.5, 1, 0.1325000000000001, 1560, 0.0025
10, 0.5, 1, 0.1325000000000001, 1561, 0.0025
10, 0.5, 1, 0.1325000000000001, 1562, 0.0025
10, 0.5, 1, 0.1325000000000001, 1563, 0.0025
10, 0.5, 1, 0.1325000000000001, 1641, 0.0025
10, 0.5, 1, 0.1325000000000001, 1642, 0.0025
10, 0.5, 1, 0.1325000000000001, 1724, 0.0025
10, 0.5, 5, 0.0625, 2535, 0.0025
10, 0.5, 5, 0.0625, 2536, 0.0025
10, 0.5, 5, 0.0625, 2537, 0.0025
10, 0.5, 5, 0.0625, 2742, 0.0025
10, 0.5, 5, 0.0625, 2953, 0.0025
10, 0.5, 5, 0.0625, 3058, 0.0025
10, 0.5, 5, 0.0625, 3059, 0.0025
10, 0.5, 5, 0.0625, 3166, 0.0025
10, 0.5, 5, 0.0625, 3167, 0.0025
10, 0.5, 5, 0.0625, 3272, 0.0025
10, 0.5, 5, 0.0625, 3273, 0.0025
10, 0.5, 5, 0.0625, 3274, 0.0025
10, 0.5, 5, 0.0625, 3275, 0.0025
10, 0.5, 5, 0.0625, 3380, 0.0025
10, 0.5, 5, 0.0625, 3381, 0.0025
10, 0.5, 5, 0.0625, 3382, 0.0025
10, 0.5, 5, 0.0625, 3383, 0.0025
10, 0.5, 5, 0.0625, 3492, 0.0025
10, 0.5, 5, 0.0625, 3493, 0.0025
10, 0.5, 5, 0.0625, 3494, 0.0025
10, 0.5, 5, 0.0625, 3602, 0.0025
10, 0.5, 5, 0.0625, 3604, 0.0025
10, 0.5, 5, 0.0625, 3714, 0.0025
10, 0.5, 5, 0.0625, 3715, 0.0025
10, 0.5, 5, 0.0625, 3716, 0.0025
10, 0.5, 5, 0.0625, 3943, 0.0025
10, 0.5, 19, 0.2, 6472, 0.0025
10, 0.5, 19, 0.2, 6473, 0.0025
10, 0.5, 19, 0.2, 6474, 0.0025
10, 0.5, 19, 0.2, 6475, 0.0025
10, 0.5, 19, 0.2, 6603, 0.0025
10, 0.5, 19, 0.2, 6604, 0.0025
10, 0.5, 19, 0.2, 6605, 0.0025
10, 0.5, 19, 0.2, 6606, 0.0025
10, 0.5, 19, 0.2, 6607, 0.0025
10, 0.5, 19, 0.2, 6608, 0.0025
10, 0.5, 19, 0.2, 6609, 0.0025
10, 0.5, 19, 0.2, 6736, 0.0025
10, 0.5, 19, 0.2, 6737, 0.0025
10, 0.5, 19, 0.2, 6738, 0.0025
10, 0.5, 19, 0.2, 6739, 0.0025
10, 0.5, 19, 0.2, 6740, 0.0025
10, 0.5, 19, 0.2, 6741, 0.0025
10, 0.5, 19, 0.2, 6742, 0.0025
10, 0.5, 19, 0.2, 6869, 0.0025
10, 0.5, 19, 0.2, 6870, 0.0025
10, 0.5, 19, 0.2, 6871, 0.0025
10, 0.5, 19, 0.2, 6872, 0.0025
10, 0.5, 19, 0.2, 6873, 0.0025
10, 0.5, 19, 0.2, 6874, 0.0025
10, 0.5, 19, 0.2, 6875, 0.0025
10, 0.5, 19, 0.2, 6876, 0.0025
10, 0.5, 19, 0.2, 7003, 0.0025
10, 0.5, 19, 0.2, 7004, 0.0025
10, 0.5, 19, 0.2, 7005, 0.0025
10, 0.5, 19, 0.2, 7006, 0.0025
10, 0.5, 19, 0.2, 7007, 0.0025
10, 0.5, 19, 0.2, 7008, 0.0025
10, 0.5, 19, 0.2, 7009, 0.0025
10, 0.5, 19, 0.2, 7010, 0.0025
10, 0.5, 19, 0.2, 7136, 0.0025
10, 0.5, 19, 0.2, 7137, 0.0025
10, 0.5, 19, 0.2, 7138, 0.0025
10, 0.5, 19, 0.2, 7139, 0.0025
10, 0.5, 19, 0.2, 7140, 0.0025
10, 0.5, 19, 0.2, 7141, 0.0025
10, 0.5, 19, 0.2, 7142, 0.0025
10, 0.5, 19, 0.2, 7143, 0.0025
10, 0.5, 19, 0.2, 7144, 0.0025
10, 0.5, 19, 0.2, 7271, 0.0025
10, 0.5, 19, 0.2, 7272, 0.0025
10, 0.5, 19, 0.2, 7273, 0.0025
10, 0.5, 19, 0.2, 7274, 0.0025
10, 0.5, 19, 0.2, 7275, 0.0025
10, 0.5, 19, 0.2, 7276, 0.0025
10, 0.5, 19, 0.2, 7277, 0.0025
10, 0.5, 19, 0.2, 7278, 0.0025
10, 0.5, 19, 0.2, 7279, 0.0025
10, 0.5, 19, 0.2, 7280, 0.0025
10, 0.5, 19, 0.2, 7281, 0.0025
10, 0.5, 19, 0.2, 7407, 0.0025
10, 0.5, 19, 0.2, 7408, 0.0025
10, 0.5, 19, 0.2, 7409, 0.0025
10, 0.5, 19, 0.2, 7410, 0.0025
10, 0.5, 19, 0.2, 7411, 0.0025
10, 0.5, 19, 0.2, 7412, 0.0025
10, 0.5, 19, 0.2, 7413, 0.0025
10, 0.5, 19, 0.2, 7414, 0.0025
10, 0.5, 19, 0.2, 7415, 0.0025
10, 0.5, 19, 0.2, 7416, 0.0025
10, 0.5, 19, 0.2, 7545, 0.0025
10, 0.5, 19, 0.2, 7546, 0.0025
10, 0.5, 19, 0.2, 7547, 0.0025
10, 0.5, 19, 0.2, 7548, 0.0025
10, 0.5, 19, 0.2, 7549, 0.0025
10, 0.5, 19, 0.2, 7550, 0.0025
10, 0.5, 19, 0.2, 7551, 0.0025
10, 0.5, 19, 0.2, 7552, 0.0025
10, 0.5, 19, 0.2, 7553, 0.0025
10, 0.5, 19, 0.2, 7684, 0.0025
10, 0.5, 19, 0.2, 7685, 0.0025
10, 0.5, 19, 0.2, 7686, 0.0025
10, 0.5, 19, 0.2, 7687, 0.0025
10, 0.5, 19, 0.2, 7688, 0.0025
10, 0.5, 19, 0.2, 7689, 0.0025
10, 0.5, 19, 0.2, 7690, 0.0025
10, 0.5, 19, 0.2, 7824, 0.0025
10, 0.5, 25, 0.125, 9428, 0.0025
10, 0.5, 25, 0.125, 9577, 0.0025
10, 0.5, 25, 0.125, 9578, 0.0025
10, 0.5, 25, 0.125, 9717, 0.0025
10, 0.5, 25, 0.125, 9718, 0.0025
10, 0.5, 25, 0.125, 9719, 0.0025
10, 0.5, 25, 0.125, 9720, 0.0025
10, 0.5, 25, 0.125, 9847, 0.0025
10, 0.5, 25, 0.125, 9849, 0.0025
10, 0.5, 25, 0.125, 9850, 0.0025
10, 0.5, 25, 0.125, 9851, 0.0025
10, 0.5, 25, 0.125, 9852, 0.0025
10, 0.5, 25, 0.125, 9975, 0.0025
10, 0.5, 25, 0.125, 9976, 0.0025
10, 0.5, 25, 0.125, 9977, 0.0025
10, 0.5, 25, 0.125, 10090, 0.0025
10, 0.5, 25, 0.125, 10093, 0.0025
10, 0.5, 25, 0.125, 10095, 0.0025
10, 0.5, 25, 0.125, 10096, 0.0025
10, 0.5, 25, 0.125, 10097, 0.0025
10, 0.5, 25, 0.125, 10203, 0.0025
10, 0.5, 25, 0.125, 10204, 0.0025
10, 0.5, 25, 0.125, 10205, 0.0025
10, 0.5, 25, 0.125, 10206, 0.0025
10, 0.5, 25, 0.125, 10210, 0.0025
10, 0.5, 25, 0.125, 10211, 0.0025
10, 0.5, 25, 0.125, 10212, 0.0025
10, 0.5, 25, 0.125, 10213, 0.0025
10, 0.5, 25, 0.125, 10319, 0.0025
10, 0.5, 25, 0.125, 10321, 0.0025
10, 0.5, 25, 0.125, 10322, 0.0025
10, 0.5, 25, 0.125, 10323, 0.0025
10, 0.5, 25, 0.125, 10324, 0.0025
10, 0.5, 25, 0.125, 10328, 0.0025
10, 0.5, 25, 0.125, 10329, 0.0025
10, 0.5, 25, 0.125, 10330, 0.0025
10, 0.5, 25, 0.125, 10435, 0.0025
10, 0.5, 25, 0.125, 10436, 0.0025
10, 0.5, 25, 0.125, 10437, 0.0025
10, 0.5, 25, 0.125, 10438, 0.0025
10, 0.5, 25, 0.125, 10439, 0.0025
10, 0.5, 25, 0.125, 10440, 0.0025
10, 0.5, 25, 0.125, 10441, 0.0025
10, 0.5, 25, 0.125, 10442, 0.0025
10, 0.5, 25, 0.125, 10445, 0.0025
10, 0.5, 25, 0.125, 10555, 0.0025
10, 0.5, 25, 0.125, 10556, 0.0025
10, 0.5, 25, 0.125, 10557, 0.0025
10, 0.5, 25, 0.125, 10558, 0.0025
10, 0.5, 25, 0.125, 10559, 0.0025
10, 0.5, 25, 0.125, 10560, 0.0025
10, 0.5, 38, 0.07, 16550, 0.0025
10, 0.5, 38, 0.07, 16659, 0.0025
10, 0.5, 38, 0.07, 16660, 0.0025
10, 0.5, 38, 0.07, 16661, 0.0025
10, 0.5, 41, 0.135, 16755, 0.0025
10, 0.5, 38, 0.07, 16762, 0.0025
10, 0.5, 41, 0.135, 16870, 0.0025
10, 0.5, 38, 0.07, 16879, 0.0025
10, 0.5, 38, 0.07, 16990, 0.0025
10, 0.5, 38, 0.07, 16991, 0.0025
10, 0.5, 38, 0.07, 16992, 0.0025
10, 0.5, 41, 0.135, 17087, 0.0025
10, 0.5, 41, 0.135, 17091, 0.0025
10, 0.5, 41, 0.135, 17092, 0.0025
10, 0.5, 41, 0.135, 17093, 0.0025
10, 0.5, 41, 0.135, 17094, 0.0025
10, 0.5, 38, 0.07, 17098, 0.0025
10, 0.5, 38, 0.07, 17101, 0.0025
10, 0.5, 41, 0.135, 17190, 0.0025
10, 0.5, 41, 0.135, 17197, 0.0025
10, 0.5, 41, 0.135, 17198, 0.0025
10, 0.5, 38, 0.07, 17201, 0.0025
10, 0.5, 38, 0.07, 17203, 0.0025
10, 0.5, 38, 0.07, 17204, 0.0025
10, 0.5, 41, 0.135, 17293, 0.0025
10, 0.5, 41, 0.135, 17295, 0.0025
10, 0.5, 41, 0.135, 17299, 0.0025
10, 0.5, 41, 0.135, 17301, 0.0025
10, 0.5, 41, 0.135, 17303, 0.0025
10, 0.5, 38, 0.07, 17304, 0.0025
10, 0.5, 38, 0.07, 17305, 0.0025
10, 0.5, 38, 0.07, 17306, 0.0025
10, 0.5, 38, 0.07, 17310, 0.0025
10, 0.5, 41, 0.135, 17395, 0.0025
10, 0.5, 41, 0.135, 17401, 0.0025
10, 0.5, 41, 0.135, 17402, 0.0025
10, 0.5, 41, 0.135, 17404, 0.0025
10, 0.5, 41, 0.135, 17405, 0.0025
10, 0.5, 38, 0.07, 17407, 0.0025
10, 0.5, 38, 0.07, 17408, 0.0025
10, 0.5, 38, 0.07, 17409, 0.0025
10, 0.5, 38, 0.07, 17413, 0.0025
10, 0.5, 41, 0.135, 17503, 0.0025
10, 0.5, 41, 0.135, 17504, 0.0025
10, 0.5, 41, 0.135, 17505, 0.0025
10, 0.5, 41, 0.135, 17506, 0.0025
10, 0.5, 41, 0.135, 17508, 0.0025
10, 0.5, 41, 0.135, 17509, 0.0025
10, 0.5, 38, 0.07, 17512, 0.0025
10, 0.5, 41, 0.135, 17602, 0.0025
10, 0.5, 41, 0.135, 17603, 0.0025
10, 0.5, 41, 0.135, 17604, 0.0025
10, 0.5, 41, 0.135, 17605, 0.0025
10, 0.5, 41, 0.135, 17606, 0.0025
10, 0.5, 41, 0.135, 17607, 0.0025
10, 0.5, 41, 0.135, 17608, 0.0025
10, 0.5, 41, 0.135, 17609, 0.0025
10, 0.5, 38, 0.07, 17612, 0.0025
10, 0.5, 38, 0.07, 17613, 0.0025
10, 0.5, 38, 0.07, 17614, 0.0025
10, 0.5, 41, 0.135, 17696, 0.0025
10, 0.5, 41, 0.135, 17697, 0.0025
10, 0.5, 41, 0.135, 17698, 0.0025
10, 0.5, 41, 0.135, 17699, 0.0025
10, 0.5, 41, 0.135, 17700, 0.0025
10, 0.5, 41, 0.135, 17702, 0.0025
10, 0.5, 41, 0.135, 17703, 0.0025
10, 0.5, 41, 0.135, 17704, 0.0025
10, 0.5, 38, 0.07, 17708, 0.0025
10, 0.5, 38, 0.07, 17709, 0.0025
10, 0.5, 41, 0.135, 17791, 0.0025
10, 0.5, 41, 0.135, 17793, 0.0025
10, 0.5, 41, 0.135, 17795, 0.0025
10, 0.5, 41, 0.135, 17797, 0.0025
10, 0.5, 38, 0.07, 17800, 0.0025
10, 0.5, 41, 0.135, 17885, 0.0025
10, 0.5, 41, 0.135, 17889, 0.0025
10, 0.5, 41, 0.135, 17976, 0.0025
10, 0.5, 41, 0.135, 17978, 0.0025
10, 0.5, 41, 0.135, 17982, 0.0025
10, 0.5, 41, 0.135, 18060, 0.0025
10, 0.5, 41, 0.135, 18062, 0.0025
10, 0.5, 41, 0.135, 18064, 0.0025
10, 0.5, 41, 0.135, 18149, 0.0025
10, 0.5, 98, 0.0525, 48314, 0.0025
10, 0.5, 98, 0.0525, 48978, 0.0025
10, 0.5, 98, 0.0525, 48979, 0.0025
10, 0.5, 98, 0.0525, 49250, 0.0025
10, 0.5, 98, 0.0525, 49251, 0.0025
10, 0.5, 98, 0.0525, 49253, 0.0025
10, 0.5, 98, 0.0525, 49377, 0.0025
10, 0.5, 98, 0.0525, 49511, 0.0025
10, 0.5, 98, 0.0525, 49516, 0.0025
10, 0.5, 98, 0.0525, 49650, 0.0025
10, 0.5, 98, 0.0525, 49651, 0.0025
10, 0.5, 98, 0.0525, 49785, 0.0025
10, 0.5, 98, 0.0525, 49920, 0.0025
10, 0.5, 98, 0.0525, 49921, 0.0025
10, 0.5, 98, 0.0525, 50062, 0.0025
10, 0.5, 98, 0.0525, 50063, 0.0025
10, 0.5, 98, 0.0525, 50064, 0.0025
10, 0.5, 98, 0.0525, 50065, 0.0025
10, 0.5, 98, 0.0525, 50066, 0.0025
10, 0.5, 98, 0.0525, 50208, 0.0025
10, 0.5, 98, 0.0525, 50350, 0.0025
10, 0.5, 98, 0.0525, 50627, 0.0025
10, 0.5, 116, 0.1025, 56241, 0.0025
10, 0.5, 116, 0.1025, 56242, 0.0025
10, 0.5, 116, 0.1025, 56389, 0.0025
10, 0.5, 116, 0.1025, 56390, 0.0025
10, 0.5, 116, 0.1025, 56537, 0.0025
10, 0.5, 116, 0.1025, 56538, 0.0025
10, 0.5, 116, 0.1025, 56539, 0.0025
10, 0.5, 116, 0.1025, 56684, 0.0025
10, 0.5, 116, 0.1025, 56685, 0.0025
10, 0.5, 116, 0.1025, 56835, 0.0025
10, 0.5, 116, 0.1025, 56836, 0.0025
10, 0.5, 116, 0.1025, 56983, 0.0025
10, 0.5, 116, 0.1025, 56985, 0.0025
10, 0.5, 116, 0.1025, 56986, 0.0025
10, 0.5, 116, 0.1025, 57134, 0.0025
10, 0.5, 116, 0.1025, 57283, 0.0025
10, 0.5, 116, 0.1025, 57285, 0.0025
10, 0.5, 116, 0.1025, 57435, 0.0025
10, 0.5, 116, 0.1025, 57589, 0.0025
10, 0.5, 116, 0.1025, 57903, 0.0025
10, 0.5, 116, 0.1025, 57904, 0.0025
10, 0.5, 116, 0.1025, 57905, 0.0025
10, 0.5, 116, 0.1025, 58060, 0.0025
10, 0.5, 116, 0.1025, 58061, 0.0025
10, 0.5, 116, 0.1025, 58062, 0.0025
10, 0.5, 116, 0.1025, 58213, 0.0025
10, 0.5, 116, 0.1025, 58214, 0.0025
10, 0.5, 116, 0.1025, 58215, 0.0025
10, 0.5, 116, 0.1025, 58216, 0.0025
10, 0.5, 116, 0.1025, 58217, 0.0025
10, 0.5, 116, 0.1025, 58372, 0.0025
10, 0.5, 116, 0.1025, 58374, 0.0025
10, 0.5, 116, 0.1025, 58535, 0.0025
10, 0.5, 116, 0.1025, 58536, 0.0025
10, 0.5, 116, 0.1025, 58537, 0.0025
10, 0.5, 116, 0.1025, 58538, 0.0025
10, 0.5, 116, 0.1025, 58539, 0.0025
10, 0.5, 116, 0.1025, 58702, 0.0025
10, 0.5, 116, 0.1025, 58703, 0.0025
10, 0.5, 116, 0.1025, 58873, 0.0025
10, 0.5, 116, 0.1025, 59041, 0.0025
10, 0.5, 116, 0.1025, 59042, 0.0025
10, 0.5, 137, 0.07, 62563, 0.0025
10, 0.5, 137, 0.07, 62564, 0.0025
10, 0.5, 137, 0.07, 62566, 0.0025
10, 0.5, 137, 0.07, 62567, 0.0025
10, 0.5, 137, 0.07, 62739, 0.0025
10, 0.5, 137, 0.07, 62740, 0.0025
10, 0.5, 137, 0.07, 62741, 0.0025
10, 0.5, 137, 0.07, 62910, 0.0025
10, 0.5, 137, 0.07, 62911, 0.0025
10, 0.5, 137, 0.07, 62913, 0.0025
10, 0.5, 137, 0.07, 63087, 0.0025
10, 0.5, 137, 0.07, 63088, 0.0025
10, 0.5, 137, 0.07, 63089, 0.0025
10, 0.5, 137, 0.07, 63254, 0.0025
10, 0.5, 137, 0.07, 63255, 0.0025
10, 0.5, 137, 0.07, 63258, 0.0025
10, 0.5, 137, 0.07, 63421, 0.0025
10, 0.5, 137, 0.07, 63422, 0.0025
10, 0.5, 137, 0.07, 63423, 0.0025
10, 0.5, 137, 0.07, 63587, 0.0025
10, 0.5, 137, 0.07, 63592, 0.0025
10, 0.5, 137, 0.07, 63757, 0.0025
10, 0.5, 137, 0.07, 63919, 0.0025
10, 0.5, 137, 0.07, 63920, 0.0025
10, 0.5, 137, 0.07, 64080, 0.0025
10, 0.5, 137, 0.07, 64081, 0.0025
10, 0.5, 137, 0.07, 64082, 0.0025
10, 0.5, 137, 0.07, 64400, 0.0025
10, 0.5, 137, 0.07, 64712, 0.0025
10, 0.5, 144, 0.05, 65835, 0.0025
10, 0.5, 144, 0.05, 65836, 0.0025
10, 0.5, 144, 0.05, 65837, 0.0025
10, 0.5, 144, 0.05, 65975, 0.0025
10, 0.5, 144, 0.05, 65976, 0.0025
10, 0.5, 144, 0.05, 65977, 0.0025
10, 0.5, 144, 0.05, 65978, 0.0025
10, 0.5, 144, 0.05, 66113, 0.0025
10, 0.5, 144, 0.05, 66118, 0.0025
10, 0.5, 144, 0.05, 66249, 0.0025
10, 0.5, 144, 0.05, 66251, 0.0025
10, 0.5, 144, 0.05, 66258, 0.0025
10, 0.5, 144, 0.05, 66259, 0.0025
10, 0.5, 144, 0.05, 66387, 0.0025
10, 0.5, 144, 0.05, 66390, 0.0025
10, 0.5, 144, 0.05, 66393, 0.0025
10, 0.5, 144, 0.05, 66523, 0.0025
10, 0.5, 144, 0.05, 66524, 0.0025
10, 0.5, 144, 0.05, 66787, 0.0025
10, 0.5, 144, 0.05, 66788, 0.0025
10, 0.5, 144, 0.05, 66915, 0.0025
10, 0.55, 1, 0.1724999999999996, 548, 0.0025
10, 0.55, 1, 0.1724999999999996, 549, 0.0025
10, 0.55, 1, 0.1724999999999996, 550, 0.0025
10, 0.55, 1, 0.1724999999999996, 554, 0.0025
10, 0.55, 1, 0.1724999999999996, 598, 0.0025
10, 0.55, 1, 0.1724999999999996, 599, 0.0025
10, 0.55, 1, 0.1724999999999996, 600, 0.0025
10, 0.55, 1, 0.1724999999999996, 601, 0.0025
10, 0.55, 1, 0.1724999999999996, 602, 0.0025
10, 0.55, 1, 0.1724999999999996, 603, 0.0025
10, 0.55, 1, 0.1724999999999996, 604, 0.0025
10, 0.55, 1, 0.1724999999999996, 648, 0.0025
10, 0.55, 1, 0.1724999999999996, 649, 0.0025
10, 0.55, 1, 0.1724999999999996, 650, 0.0025
10, 0.55, 1, 0.1724999999999996, 651, 0.0025
10, 0.55, 1, 0.1724999999999996, 652, 0.0025
10, 0.55, 1, 0.1724999999999996, 653, 0.0025
10, 0.55, 1, 0.1724999999999996, 654, 0.0025
10, 0.55, 1, 0.1724999999999996, 701, 0.0025
10, 0.55, 1, 0.1724999999999996, 702, 0.0025
10, 0.55, 1, 0.1724999999999996, 703, 0.0025
10, 0.55, 1, 0.1724999999999996, 704, 0.0025
10, 0.55, 1, 0.1724999999999996, 705, 0.0025
10, 0.55, 1, 0.1724999999999996, 706, 0.0025
10, 0.55, 1, 0.1724999999999996, 707, 0.0025
10, 0.55, 1, 0.1724999999999996, 756, 0.0025
10, 0.55, 1, 0.1724999999999996, 757, 0.0025
10, 0.55, 1, 0.1724999999999996, 758, 0.0025
10, 0.55, 1, 0.1724999999999996, 759, 0.0025
10, 0.55, 1, 0.1724999999999996, 760, 0.0025
10, 0.55, 1, 0.1724999999999996, 761, 0.0025
10, 0.55, 1, 0.1724999999999996, 762, 0.0025
10, 0.55, 1, 0.1724999999999996, 814, 0.0025
10, 0.55, 1, 0.1724999999999996, 815, 0.0025
10, 0.55, 1, 0.1724999999999996, 816, 0.0025
10, 0.55, 1, 0.1724999999999996, 817, 0.0025
10, 0.55, 1, 0.1724999999999996, 818, 0.0025
10, 0.55, 1, 0.1724999999999996, 874, 0.0025
10, 0.55, 1, 0.1724999999999996, 875, 0.0025
10, 0.55, 1, 0.1724999999999996, 876, 0.0025
10, 0.55, 1, 0.1724999999999996, 877, 0.0025
10, 0.55, 1, 0.1724999999999996, 936, 0.0025
10, 0.55, 1, 0.1724999999999996, 937, 0.0025
10, 0.55, 1, 0.1724999999999996, 938, 0.0025
10, 0.55, 1, 0.1724999999999996, 1053, 0.0025
10, 0.55, 1, 0.1724999999999996, 1119, 0.0025
10, 0.55, 1, 0.1724999999999996, 1188, 0.0025
10, 0.55, 1, 0.1724999999999996, 1258, 0.0025
10, 0.55, 1, 0.1724999999999996, 1330, 0.0025
10, 0.55, 1, 0.1724999999999996, 1331, 0.0025
10, 0.55, 1, 0.1724999999999996, 1332, 0.0025
10, 0.55, 1, 0.1724999999999996, 1333, 0.0025
10, 0.55, 1, 0.1724999999999996, 1334, 0.0025
10, 0.55, 1, 0.1724999999999996, 1406, 0.0025
10, 0.55, 1, 0.1724999999999996, 1407, 0.0025
10, 0.55, 1, 0.1724999999999996, 1408, 0.0025
10, 0.55, 1, 0.1724999999999996, 1409, 0.0025
10, 0.55, 1, 0.1724999999999996, 1410, 0.0025
10, 0.55, 1, 0.1724999999999996, 1482, 0.0025
10, 0.55, 1, 0.1724999999999996, 1483, 0.0025
10, 0.55, 1, 0.1724999999999996, 1484, 0.0025
10, 0.55, 1, 0.1724999999999996, 1485, 0.0025
10, 0.55, 1, 0.1724999999999996, 1486, 0.0025
10, 0.55, 1, 0.1724999999999996, 1560, 0.0025
10, 0.55, 1, 0.1724999999999996, 1561, 0.0025
10, 0.55, 1, 0.1724999999999996, 1562, 0.0025
10, 0.55, 1, 0.1724999999999996, 1563, 0.0025
10, 0.55, 1, 0.1724999999999996, 1641, 0.0025
10, 0.55, 1, 0.1724999999999996, 1642, 0.0025
10, 0.55, 1, 0.1724999999999996, 1724, 0.0025
10, 0.55, 19, 0.2, 6472, 0.0025
10, 0.55, 19, 0.2, 6473, 0.0025
10, 0.55, 19, 0.2, 6474, 0.0025
10, 0.55, 19, 0.2, 6475, 0.0025
10, 0.55, 19, 0.2, 6603, 0.0025
10, 0.55, 19, 0.2, 6604, 0.0025
10, 0.55, 19, 0.2, 6605, 0.0025
10, 0.55, 19, 0.2, 6606, 0.0025
10, 0.55, 19, 0.2, 6607, 0.0025
10, 0.55, 19, 0.2, 6608, 0.0025
10, 0.55, 19, 0.2, 6609, 0.0025
10, 0.55, 19, 0.2, 6736, 0.0025
10, 0.55, 19, 0.2, 6737, 0.0025
10, 0.55, 19, 0.2, 6738, 0.0025
10, 0.55, 19, 0.2, 6739, 0.0025
10, 0.55, 19, 0.2, 6740, 0.0025
10, 0.55, 19, 0.2, 6741, 0.0025
10, 0.55, 19, 0.2, 6742, 0.0025
10, 0.55, 19, 0.2, 6869, 0.0025
10, 0.55, 19, 0.2, 6870, 0.0025
10, 0.55, 19, 0.2, 6871, 0.0025
10, 0.55, 19, 0.2, 6872, 0.0025
10, 0.55, 19, 0.2, 6873, 0.0025
10, 0.55, 19, 0.2, 6874, 0.0025
10, 0.55, 19, 0.2, 6875, 0.0025
10, 0.55, 19, 0.2, 6876, 0.0025
10, 0.55, 19, 0.2, 7003, 0.0025
10, 0.55, 19, 0.2, 7004, 0.0025
10, 0.55, 19, 0.2, 7005, 0.0025
10, 0.55, 19, 0.2, 7006, 0.0025
10, 0.55, 19, 0.2, 7007, 0.0025
10, 0.55, 19, 0.2, 7008, 0.0025
10, 0.55, 19, 0.2, 7009, 0.0025
10, 0.55, 19, 0.2, 7010, 0.0025
10, 0.55, 19, 0.2, 7136, 0.0025
10, 0.55, 19, 0.2, 7137, 0.0025
10, 0.55, 19, 0.2, 7138, 0.0025
10, 0.55, 19, 0.2, 7139, 0.0025
10, 0.55, 19, 0.2, 7140, 0.0025
10, 0.55, 19, 0.2, 7141, 0.0025
10, 0.55, 19, 0.2, 7142, 0.0025
10, 0.55, 19, 0.2, 7143, 0.0025
10, 0.55, 19, 0.2, 7144, 0.0025
10, 0.55, 19, 0.2, 7271, 0.0025
10, 0.55, 19, 0.2, 7272, 0.0025
10, 0.55, 19, 0.2, 7273, 0.0025
10, 0.55, 19, 0.2, 7274, 0.0025
10, 0.55, 19, 0.2, 7275, 0.0025
10, 0.55, 19, 0.2, 7276, 0.0025
10, 0.55, 19, 0.2, 7277, 0.0025
10, 0.55, 19, 0.2, 7278, 0.0025
10, 0.55, 19, 0.2, 7279, 0.0025
10, 0.55, 19, 0.2, 7280, 0.0025
10, 0.55, 19, 0.2, 7281, 0.0025
10, 0.55, 19, 0.2, 7407, 0.0025
10, 0.55, 19, 0.2, 7408, 0.0025
10, 0.55, 19, 0.2, 7409, 0.0025
10, 0.55, 19, 0.2, 7410, 0.0025
10, 0.55, 19, 0.2, 7411, 0.0025
10, 0.55, 19, 0.2, 7412, 0.0025
10, 0.55, 19, 0.2, 7413, 0.0025
10, 0.55, 19, 0.2, 7414, 0.0025
10, 0.55, 19, 0.2, 7415, 0.0025
10, 0.55, 19, 0.2, 7416, 0.0025
10, 0.55, 19, 0.2, 7545, 0.0025
10, 0.55, 19, 0.2, 7546, 0.0025
10, 0.55, 19, 0.2, 7547, 0.0025
10, 0.55, 19, 0.2, 7548, 0.0025
10, 0.55, 19, 0.2, 7549, 0.0025
10, 0.55, 19, 0.2, 7550, 0.0025
10, 0.55, 19, 0.2, 7551, 0.0025
10, 0.55, 19, 0.2, 7552, 0.0025
10, 0.55, 19, 0.2, 7553, 0.0025
10, 0.55, 19, 0.2, 7684, 0.0025
10, 0.55, 19, 0.2, 7685, 0.0025
10, 0.55, 19, 0.2, 7686, 0.0025
10, 0.55, 19, 0.2, 7687, 0.0025
10, 0.55, 19, 0.2, 7688, 0.0025
10, 0.55, 19, 0.2, 7689, 0.0025
10, 0.55, 19, 0.2, 7690, 0.0025
10, 0.55, 19, 0.2, 7824, 0.0025
10, 0.55, 25, 0.1125, 9428, 0.0025
10, 0.55, 25, 0.1125, 9577, 0.0025
10, 0.55, 25, 0.1125, 9578, 0.0025
10, 0.55, 25, 0.1125, 9717, 0.0025
10, 0.55, 25, 0.1125, 9718, 0.0025
10, 0.55, 25, 0.1125, 9719, 0.0025
10, 0.55, 25, 0.1125, 9720, 0.0025
10, 0.55, 25, 0.1125, 9847, 0.0025
10, 0.55, 25, 0.1125, 9849, 0.0025
10, 0.55, 25, 0.1125, 9850, 0.0025
10, 0.55, 25, 0.1125, 9851, 0.0025
10, 0.55, 25, 0.1125, 9852, 0.0025
10, 0.55, 25, 0.1125, 9975, 0.0025
10, 0.55, 25, 0.1125, 9976, 0.0025
10, 0.55, 25, 0.1125, 9977, 0.0025
10, 0.55, 25, 0.1125, 10090, 0.0025
10, 0.55, 25, 0.1125, 10093, 0.0025
10, 0.55, 25, 0.1125, 10095, 0.0025
10, 0.55, 25, 0.1125, 10096, 0.0025
10, 0.55, 25, 0.1125, 10097, 0.0025
10, 0.55, 25, 0.1125, 10203, 0.0025
10, 0.55, 25, 0.1125, 10204, 0.0025
10, 0.55, 25, 0.1125, 10205, 0.0025
10, 0.55, 25, 0.1125, 10206, 0.0025
10, 0.55, 25, 0.1125, 10210, 0.0025
10, 0.55, 25, 0.1125, 10211, 0.0025
10, 0.55, 25, 0.1125, 10212, 0.0025
10, 0.55, 25, 0.1125, 10213, 0.0025
10, 0.55, 25, 0.1125, 10319, 0.0025
10, 0.55, 25, 0.1125, 10321, 0.0025
10, 0.55, 25, 0.1125, 10322, 0.0025
10, 0.55, 25, 0.1125, 10323, 0.0025
10, 0.55, 25, 0.1125, 10324, 0.0025
10, 0.55, 25, 0.1125, 10328, 0.0025
10, 0.55, 25, 0.1125, 10435, 0.0025
10, 0.55, 25, 0.1125, 10436, 0.0025
10, 0.55, 25, 0.1125, 10437, 0.0025
10, 0.55, 25, 0.1125, 10438, 0.0025
10, 0.55, 25, 0.1125, 10439, 0.0025
10, 0.55, 25, 0.1125, 10440, 0.0025
10, 0.55, 25, 0.1125, 10441, 0.0025
10, 0.55, 25, 0.1125, 10442, 0.0025
10, 0.55, 25, 0.1125, 10556, 0.0025
10, 0.55, 25, 0.1125, 10557, 0.0025
10, 0.55, 25, 0.1125, 10558, 0.0025
10, 0.55, 25, 0.1125, 10559, 0.0025
10, 0.55, 38, 0.07999999999999999, 16550, 0.0025
10, 0.55, 38, 0.07999999999999999, 16659, 0.0025
10, 0.55, 38, 0.07999999999999999, 16660, 0.0025
10, 0.55, 38, 0.07999999999999999, 16661, 0.0025
10, 0.55, 38, 0.07999999999999999, 16662, 0.0025
10, 0.55, 41, 0.1225, 16755, 0.0025
10, 0.55, 38, 0.07999999999999999, 16762, 0.0025
10, 0.55, 41, 0.1225, 16870, 0.0025
10, 0.55, 38, 0.07999999999999999, 16879, 0.0025
10, 0.55, 38, 0.07999999999999999, 16883, 0.0025
10, 0.55, 38, 0.07999999999999999, 16990, 0.0025
10, 0.55, 38, 0.07999999999999999, 16991, 0.0025
10, 0.55, 38, 0.07999999999999999, 16992, 0.0025
10, 0.55, 41, 0.1225, 17087, 0.0025
10, 0.55, 41, 0.1225, 17091, 0.0025
10, 0.55, 41, 0.1225, 17092, 0.0025
10, 0.55, 41, 0.1225, 17094, 0.0025
10, 0.55, 38, 0.07999999999999999, 17098, 0.0025
10, 0.55, 38, 0.07999999999999999, 17101, 0.0025
10, 0.55, 41, 0.1225, 17190, 0.0025
10, 0.55, 41, 0.1225, 17197, 0.0025
10, 0.55, 41, 0.1225, 17198, 0.0025
10, 0.55, 38, 0.07999999999999999, 17201, 0.0025
10, 0.55, 38, 0.07999999999999999, 17203, 0.0025
10, 0.55, 38, 0.07999999999999999, 17204, 0.0025
10, 0.55, 41, 0.1225, 17293, 0.0025
10, 0.55, 41, 0.1225, 17295, 0.0025
10, 0.55, 41, 0.1225, 17299, 0.0025
10, 0.55, 41, 0.1225, 17301, 0.0025
10, 0.55, 41, 0.1225, 17303, 0.0025
10, 0.55, 38, 0.07999999999999999, 17304, 0.0025
10, 0.55, 38, 0.07999999999999999, 17305, 0.0025
10, 0.55, 38, 0.07999999999999999, 17306, 0.0025
10, 0.55, 38, 0.07999999999999999, 17310, 0.0025
10, 0.55, 38, 0.07999999999999999, 17311, 0.0025
10, 0.55, 41, 0.1225, 17395, 0.0025
10, 0.55, 41, 0.1225, 17401, 0.0025
10, 0.55, 41, 0.1225, 17402, 0.0025
10, 0.55, 41, 0.1225, 17404, 0.0025
10, 0.55, 41, 0.1225, 17405, 0.0025
10, 0.55, 38, 0.07999999999999999, 17407, 0.0025
10, 0.55, 38, 0.07999999999999999, 17408, 0.0025
10, 0.55, 38, 0.07999999999999999, 17409, 0.0025
10, 0.55, 38, 0.07999999999999999, 17413, 0.0025
10, 0.55, 41, 0.1225, 17503, 0.0025
10, 0.55, 41, 0.1225, 17504, 0.0025
10, 0.55, 41, 0.1225, 17505, 0.0025
10, 0.55, 41, 0.1225, 17506, 0.0025
10, 0.55, 41, 0.1225, 17508, 0.0025
10, 0.55, 41, 0.1225, 17509, 0.0025
10, 0.55, 38, 0.07999999999999999, 17512, 0.0025
10, 0.55, 41, 0.1225, 17602, 0.0025
10, 0.55, 41, 0.1225, 17603, 0.0025
10, 0.55, 41, 0.1225, 17604, 0.0025
10, 0.55, 41, 0.1225, 17605, 0.0025
10, 0.55, 41, 0.1225, 17606, 0.0025
10, 0.55, 41, 0.1225, 17607, 0.0025
10, 0.55, 41, 0.1225, 17609, 0.0025
10, 0.55, 38, 0.07999999999999999, 17612, 0.0025
10, 0.55, 38, 0.07999999999999999, 17613, 0.0025
10, 0.55, 38, 0.07999999999999999, 17614, 0.0025
10, 0.55, 41, 0.1225, 17696, 0.0025
10, 0.55, 41, 0.1225, 17699, 0.0025
10, 0.55, 41, 0.1225, 17700, 0.0025
10, 0.55, 41, 0.1225, 17702, 0.0025
10, 0.55, 41, 0.1225, 17703, 0.0025
10, 0.55, 38, 0.07999999999999999, 17708, 0.0025
10, 0.55, 38, 0.07999999999999999, 17709, 0.0025
10, 0.55, 41, 0.1225, 17791, 0.0025
10, 0.55, 41, 0.1225, 17793, 0.0025
10, 0.55, 41, 0.1225, 17795, 0.0025
10, 0.55, 41, 0.1225, 17797, 0.0025
10, 0.55, 38, 0.07999999999999999, 17800, 0.0025
10, 0.55, 38, 0.07999999999999999, 17805, 0.0025
10, 0.55, 41, 0.1225, 17885, 0.0025
10, 0.55, 41, 0.1225, 17889, 0.0025
10, 0.55, 41, 0.1225, 17976, 0.0025
10, 0.55, 41, 0.1225, 17978, 0.0025
10, 0.55, 41, 0.1225, 17982, 0.0025
10, 0.55, 41, 0.1225, 18060, 0.0025
10, 0.55, 41, 0.1225, 18062, 0.0025
10, 0.55, 41, 0.1225, 18064, 0.0025
10, 0.55, 41, 0.1225, 18149, 0.0025
10, 0.55, 71, 0.035, 33731, 0.0025
10, 0.55, 71, 0.035, 33808, 0.0025
10, 0.55, 71, 0.035, 35055, 0.0025
10, 0.55, 71, 0.035, 35056, 0.0025
10, 0.55, 71, 0.035, 35342, 0.0025
10, 0.55, 71, 0.035, 35416, 0.0025
10, 0.55, 71, 0.035, 35558, 0.0025
10, 0.55, 71, 0.035, 35559, 0.0025
10, 0.55, 71, 0.035, 35625, 0.0025
10, 0.55, 71, 0.035, 35626, 0.0025
10, 0.55, 71, 0.035, 35627, 0.0025
10, 0.55, 71, 0.035, 35628, 0.0025
10, 0.55, 71, 0.035, 35699, 0.0025
10, 0.55, 71, 0.035, 35700, 0.0025
10, 0.55, 71, 0.035, 35772, 0.0025
10, 0.55, 98, 0.05249999999999989, 48314, 0.0025
10, 0.55, 98, 0.05249999999999989, 48978, 0.0025
10, 0.55, 98, 0.05249999999999989, 48979, 0.0025
10, 0.55, 98, 0.05249999999999989, 49250, 0.0025
10, 0.55, 98, 0.05249999999999989, 49251, 0.0025
10, 0.55, 98, 0.05249999999999989, 49253, 0.0025
10, 0.55, 98, 0.05249999999999989, 49377, 0.0025
10, 0.55, 98, 0.05249999999999989, 49511, 0.0025
10, 0.55, 98, 0.05249999999999989, 49516, 0.0025
10, 0.55, 98, 0.05249999999999989, 49650, 0.0025
10, 0.55, 98, 0.05249999999999989, 49651, 0.0025
10, 0.55, 98, 0.05249999999999989, 49785, 0.0025
10, 0.55, 98, 0.05249999999999989, 49920, 0.0025
10, 0.55, 98, 0.05249999999999989, 49921, 0.0025
10, 0.55, 98, 0.05249999999999989, 50062, 0.0025
10, 0.55, 98, 0.05249999999999989, 50063, 0.0025
10, 0.55, 98, 0.05249999999999989, 50064, 0.0025
10, 0.55, 98, 0.05249999999999989, 50065, 0.0025
10, 0.55, 98, 0.05249999999999989, 50066, 0.0025
10, 0.55, 98, 0.05249999999999989, 50208, 0.0025
10, 0.55, 98, 0.05249999999999989, 50350, 0.0025
10, 0.55, 98, 0.05249999999999989, 50627, 0.0025
10, 0.55, 116, 0.105, 56241, 0.0025
10, 0.55, 116, 0.105, 56242, 0.0025
10, 0.55, 116, 0.105, 56389, 0.0025
10, 0.55, 116, 0.105, 56390, 0.0025
10, 0.55, 116, 0.105, 56537, 0.0025
10, 0.55, 116, 0.105, 56538, 0.0025
10, 0.55, 116, 0.105, 56539, 0.0025
10, 0.55, 116, 0.105, 56684, 0.0025
10, 0.55, 116, 0.105, 56685, 0.0025
10, 0.55, 116, 0.105, 56835, 0.0025
10, 0.55, 116, 0.105, 56836, 0.0025
10, 0.55, 116, 0.105, 56983, 0.0025
10, 0.55, 116, 0.105, 56985, 0.0025
10, 0.55, 116, 0.105, 56986, 0.0025
10, 0.55, 116, 0.105, 57134, 0.0025
10, 0.55, 116, 0.105, 57283, 0.0025
10, 0.55, 116, 0.105, 57285, 0.0025
10, 0.55, 116, 0.105, 57435, 0.0025
10, 0.55, 116, 0.105, 57437, 0.0025
10, 0.55, 116, 0.105, 57589, 0.0025
10, 0.55, 116, 0.105, 57903, 0.0025
10, 0.55, 116, 0.105, 57904, 0.0025
10, 0.55, 116, 0.105, 57905, 0.0025
10, 0.55, 116, 0.105, 58060, 0.0025
10, 0.55, 116, 0.105, 58061, 0.0025
10, 0.55, 116, 0.105, 58062, 0.0025
10, 0.55, 116, 0.105, 58213, 0.0025
10, 0.55, 116, 0.105, 58214, 0.0025
10, 0.55, 116, 0.105, 58215, 0.0025
10, 0.55, 116, 0.105, 58216, 0.0025
10, 0.55, 116, 0.105, 58217, 0.0025
10, 0.55, 116, 0.105, 58372, 0.0025
10, 0.55, 116, 0.105, 58374, 0.0025
10, 0.55, 116, 0.105, 58535, 0.0025
10, 0.55, 116, 0.105, 58536, 0.0025
10, 0.55, 116, 0.105, 58537, 0.0025
10, 0.55, 116, 0.105, 58538, 0.0025
10, 0.55, 116, 0.105, 58539, 0.0025
10, 0.55, 116, 0.105, 58702, 0.0025
10, 0.55, 116, 0.105, 58703, 0.0025
10, 0.55, 116, 0.105, 58873, 0.0025
10, 0.55, 116, 0.105, 59041, 0.0025
10, 0.55, 116, 0.105, 59042, 0.0025
10, 0.55, 137, 0.0700000000000002, 62563, 0.0025
10, 0.55, 137, 0.0700000000000002, 62564, 0.0025
10, 0.55, 137, 0.0700000000000002, 62566, 0.0025
10, 0.55, 137, 0.0700000000000002, 62567, 0.0025
10, 0.55, 137, 0.0700000000000002, 62739, 0.0025
10, 0.55, 137, 0.0700000000000002, 62740, 0.0025
10, 0.55, 137, 0.0700000000000002, 62741, 0.0025
10, 0.55, 137, 0.0700000000000002, 62910, 0.0025
10, 0.55, 137, 0.0700000000000002, 62911, 0.0025
10, 0.55, 137, 0.0700000000000002, 62913, 0.0025
10, 0.55, 137, 0.0700000000000002, 63087, 0.0025
10, 0.55, 137, 0.0700000000000002, 63088, 0.0025
10, 0.55, 137, 0.0700000000000002, 63089, 0.0025
10, 0.55, 137, 0.0700000000000002, 63254, 0.0025
10, 0.55, 137, 0.0700000000000002, 63255, 0.0025
10, 0.55, 137, 0.0700000000000002, 63258, 0.0025
10, 0.55, 137, 0.0700000000000002, 63421, 0.0025
10, 0.55, 137, 0.0700000000000002, 63422, 0.0025
10, 0.55, 137, 0.0700000000000002, 63423, 0.0025
10, 0.55, 137, 0.0700000000000002, 63587, 0.0025
10, 0.55, 137, 0.0700000000000002, 63592, 0.0025
10, 0.55, 137, 0.0700000000000002, 63757, 0.0025
10, 0.55, 137, 0.0700000000000002, 63919, 0.0025
10, 0.55, 137, 0.0700000000000002, 63920, 0.0025
10, 0.55, 137, 0.0700000000000002, 64080, 0.0025
10, 0.55, 137, 0.0700000000000002, 64081, 0.0025
10, 0.55, 137, 0.0700000000000002, 64082, 0.0025
10, 0.55, 137, 0.0700000000000002, 64400, 0.0025
10, 0.55, 137, 0.0700000000000002, 64712, 0.0025
10, 0.55, 144, 0.05, 65835, 0.0025
10, 0.55, 144, 0.05, 65836, 0.0025
10, 0.55, 144, 0.05, 65837, 0.0025
10, 0.55, 144, 0.05, 65975, 0.0025
10, 0.55, 144, 0.05, 65976, 0.0025
10, 0.55, 144, 0.05, 65977, 0.0025
10, 0.55, 144, 0.05, 65978, 0.0025
10, 0.55, 144, 0.05, 66113, 0.0025
10, 0.55, 144, 0.05, 66118, 0.0025
10, 0.55, 144, 0.05, 66249, 0.0025
10, 0.55, 144, 0.05, 66251, 0.0025
10, 0.55, 144, 0.05, 66258, 0.0025
10, 0.55, 144, 0.05, 66259, 0.0025
10, 0.55, 144, 0.05, 66387, 0.0025
10, 0.55, 144, 0.05, 66390, 0.0025
10, 0.55, 144, 0.05, 66393, 0.0025
10, 0.55, 144, 0.05, 66523, 0.0025
10, 0.55, 144, 0.05, 66524, 0.0025
10, 0.55, 144, 0.05, 66787, 0.0025
10, 0.55, 144, 0.05, 66788, 0.0025
10, 0.55, 144, 0.05, 66915, 0.0025
10, 0.6000000000000001, 1, 0.17, 549, 0.0025
10, 0.6000000000000001, 1, 0.17, 550, 0.0025
10, 0.6000000000000001, 1, 0.17, 554, 0.0025
10, 0.6000000000000001, 1, 0.17, 598, 0.0025
10, 0.6000000000000001, 1, 0.17, 599, 0.0025
10, 0.6000000000000001, 1, 0.17, 600, 0.0025
10, 0.6000000000000001, 1, 0.17, 601, 0.0025
10, 0.6000000000000001, 1, 0.17, 602, 0.0025
10, 0.6000000000000001, 1, 0.17, 603, 0.0025
10, 0.6000000000000001, 1, 0.17, 604, 0.0025
10, 0.6000000000000001, 1, 0.17, 648, 0.0025
10, 0.6000000000000001, 1, 0.17, 649, 0.0025
10, 0.6000000000000001, 1, 0.17, 650, 0.0025
10, 0.6000000000000001, 1, 0.17, 651, 0.0025
10, 0.6000000000000001, 1, 0.17, 652, 0.0025
10, 0.6000000000000001, 1, 0.17, 653, 0.0025
10, 0.6000000000000001, 1, 0.17, 654, 0.0025
10, 0.6000000000000001, 1, 0.17, 701, 0.0025
10, 0.6000000000000001, 1, 0.17, 702, 0.0025
10, 0.6000000000000001, 1, 0.17, 703, 0.0025
10, 0.6000000000000001, 1, 0.17, 704, 0.0025
10, 0.6000000000000001, 1, 0.17, 705, 0.0025
10, 0.6000000000000001, 1, 0.17, 706, 0.0025
10, 0.6000000000000001, 1, 0.17, 707, 0.0025
10, 0.6000000000000001, 1, 0.17, 756, 0.0025
10, 0.6000000000000001, 1, 0.17, 757, 0.0025
10, 0.6000000000000001, 1, 0.17, 758, 0.0025
10, 0.6000000000000001, 1, 0.17, 759, 0.0025
10, 0.6000000000000001, 1, 0.17, 760, 0.0025
10, 0.6000000000000001, 1, 0.17, 761, 0.0025
10, 0.6000000000000001, 1, 0.17, 762, 0.0025
10, 0.6000000000000001, 1, 0.17, 814, 0.0025
10, 0.6000000000000001, 1, 0.17, 815, 0.0025
10, 0.6000000000000001, 1, 0.17, 816, 0.0025
10, 0.6000000000000001, 1, 0.17, 817, 0.0025
10, 0.6000000000000001, 1, 0.17, 818, 0.0025
10, 0.6000000000000001, 1, 0.17, 874, 0.0025
10, 0.6000000000000001, 1, 0.17, 875, 0.0025
10, 0.6000000000000001, 1, 0.17, 876, 0.0025
10, 0.6000000000000001, 1, 0.17, 877, 0.0025
10, 0.6000000000000001, 1, 0.17, 936, 0.0025
10, 0.6000000000000001, 1, 0.17, 937, 0.0025
10, 0.6000000000000001, 1, 0.17, 938, 0.0025
10, 0.6000000000000001, 1, 0.17, 1053, 0.0025
10, 0.6000000000000001, 1, 0.17, 1119, 0.0025
10, 0.6000000000000001, 1, 0.17, 1188, 0.0025
10, 0.6000000000000001, 1, 0.17, 1258, 0.0025
10, 0.6000000000000001, 1, 0.17, 1330, 0.0025
10, 0.6000000000000001, 1, 0.17, 1331, 0.0025
10, 0.6000000000000001, 1, 0.17, 1332, 0.0025
10, 0.6000000000000001, 1, 0.17, 1333, 0.0025
10, 0.6000000000000001, 1, 0.17, 1334, 0.0025
10, 0.6000000000000001, 1, 0.17, 1406, 0.0025
10, 0.6000000000000001, 1, 0.17, 1407, 0.0025
10, 0.6000000000000001, 1, 0.17, 1408, 0.0025
10, 0.6000000000000001, 1, 0.17, 1409, 0.0025
10, 0.6000000000000001, 1, 0.17, 1410, 0.0025
10, 0.6000000000000001, 1, 0.17, 1482, 0.0025
10, 0.6000000000000001, 1, 0.17, 1483, 0.0025
10, 0.6000000000000001, 1, 0.17, 1484, 0.0025
10, 0.6000000000000001, 1, 0.17, 1485, 0.0025
10, 0.6000000000000001, 1, 0.17, 1486, 0.0025
10, 0.6000000000000001, 1, 0.17, 1560, 0.0025
10, 0.6000000000000001, 1, 0.17, 1561, 0.0025
10, 0.6000000000000001, 1, 0.17, 1562, 0.0025
10, 0.6000000000000001, 1, 0.17, 1563, 0.0025
10, 0.6000000000000001, 1, 0.17, 1641, 0.0025
10, 0.6000000000000001, 1, 0.17, 1642, 0.0025
10, 0.6000000000000001, 1, 0.17, 1724, 0.0025
10, 0.6000000000000001, 19, 0.2, 6472, 0.0025
10, 0.6000000000000001, 19, 0.2, 6473, 0.0025
10, 0.6000000000000001, 19, 0.2, 6474, 0.0025
10, 0.6000000000000001, 19, 0.2, 6475, 0.0025
10, 0.6000000000000001, 19, 0.2, 6603, 0.0025
10, 0.6000000000000001, 19, 0.2, 6604, 0.0025
10, 0.6000000000000001, 19, 0.2, 6605, 0.0025
10, 0.6000000000000001, 19, 0.2, 6606, 0.0025
10, 0.6000000000000001, 19, 0.2, 6607, 0.0025
10, 0.6000000000000001, 19, 0.2, 6608, 0.0025
10, 0.6000000000000001, 19, 0.2, 6609, 0.0025
10, 0.6000000000000001, 19, 0.2, 6736, 0.0025
10, 0.6000000000000001, 19, 0.2, 6737, 0.0025
10, 0.6000000000000001, 19, 0.2, 6738, 0.0025
10, 0.6000000000000001, 19, 0.2, 6739, 0.0025
10, 0.6000000000000001, 19, 0.2, 6740, 0.0025
10, 0.6000000000000001, 19, 0.2, 6741, 0.0025
10, 0.6000000000000001, 19, 0.2, 6742, 0.0025
10, 0.6000000000000001, 19, 0.2, 6869, 0.0025
10, 0.6000000000000001, 19, 0.2, 6870, 0.0025
10, 0.6000000000000001, 19, 0.2, 6871, 0.0025
10, 0.6000000000000001, 19, 0.2, 6872, 0.0025
10, 0.6000000000000001, 19, 0.2, 6873, 0.0025
10, 0.6000000000000001, 19, 0.2, 6874, 0.0025
10, 0.6000000000000001, 19, 0.2, 6875, 0.0025
10, 0.6000000000000001, 19, 0.2, 6876, 0.0025
10, 0.6000000000000001, 19, 0.2, 7003, 0.0025
10, 0.6000000000000001, 19, 0.2, 7004, 0.0025
10, 0.6000000000000001, 19, 0.2, 7005, 0.0025
10, 0.6000000000000001, 19, 0.2, 7006, 0.0025
10, 0.6000000000000001, 19, 0.2, 7007, 0.0025
10, 0.6000000000000001, 19, 0.2, 7008, 0.0025
10, 0.6000000000000001, 19, 0.2, 7009, 0.0025
10, 0.6000000000000001, 19, 0.2, 7010, 0.0025
10, 0.6000000000000001, 19, 0.2, 7136, 0.0025
10, 0.6000000000000001, 19, 0.2, 7137, 0.0025
10, 0.6000000000000001, 19, 0.2, 7138, 0.0025
10, 0.6000000000000001, 19, 0.2, 7139, 0.0025
10, 0.6000000000000001, 19, 0.2, 7140, 0.0025
10, 0.6000000000000001, 19, 0.2, 7141, 0.0025
10, 0.6000000000000001, 19, 0.2, 7142, 0.0025
10, 0.6000000000000001, 19, 0.2, 7143, 0.0025
10, 0.6000000000000001, 19, 0.2, 7144, 0.0025
10, 0.6000000000000001, 19, 0.2, 7271, 0.0025
10, 0.6000000000000001, 19, 0.2, 7272, 0.0025
10, 0.6000000000000001, 19, 0.2, 7273, 0.0025
10, 0.6000000000000001, 19, 0.2, 7274, 0.0025
10, 0.6000000000000001, 19, 0.2, 7275, 0.0025
10, 0.6000000000000001, 19, 0.2, 7276, 0.0025
10, 0.6000000000000001, 19, 0.2, 7277, 0.0025
10, 0.6000000000000001, 19, 0.2, 7278, 0.0025
10, 0.6000000000000001, 19, 0.2, 7279, 0.0025
10, 0.6000000000000001, 19, 0.2, 7280, 0.0025
10, 0.6000000000000001, 19, 0.2, 7281, 0.0025
10, 0.6000000000000001, 19, 0.2, 7407, 0.0025
10, 0.6000000000000001, 19, 0.2, 7408, 0.0025
10, 0.6000000000000001, 19, 0.2, 7409, 0.0025
10, 0.6000000000000001, 19, 0.2, 7410, 0.0025
10, 0.6000000000000001, 19, 0.2, 7411, 0.0025
10, 0.6000000000000001, 19, 0.2, 7412, 0.0025
10, 0.6000000000000001, 19, 0.2, 7413, 0.0025
10, 0.6000000000000001, 19, 0.2, 7414, 0.0025
10, 0.6000000000000001, 19, 0.2, 7415, 0.0025
10, 0.6000000000000001, 19, 0.2, 7416, 0.0025
10, 0.6000000000000001, 19, 0.2, 7545, 0.0025
10, 0.6000000000000001, 19, 0.2, 7546, 0.0025
10, 0.6000000000000001, 19, 0.2, 7547, 0.0025
10, 0.6000000000000001, 19, 0.2, 7548, 0.0025
10, 0.6000000000000001, 19, 0.2, 7549, 0.0025
10, 0.6000000000000001, 19, 0.2, 7550, 0.0025
10, 0.6000000000000001, 19, 0.2, 7551, 0.0025
10, 0.6000000000000001, 19, 0.2, 7552, 0.0025
10, 0.6000000000000001, 19, 0.2, 7553, 0.0025
10, 0.6000000000000001, 19, 0.2, 7684, 0.0025
10, 0.6000000000000001, 19, 0.2, 7685, 0.0025
10, 0.6000000000000001, 19, 0.2, 7686, 0.0025
10, 0.6000000000000001, 19, 0.2, 7687, 0.0025
10, 0.6000000000000001, 19, 0.2, 7688, 0.0025
10, 0.6000000000000001, 19, 0.2, 7689, 0.0025
10, 0.6000000000000001, 19, 0.2, 7690, 0.0025
10, 0.6000000000000001, 19, 0.2, 7824, 0.0025
10, 0.6000000000000001, 25, 0.1, 9428, 0.0025
10, 0.6000000000000001, 25, 0.1, 9577, 0.0025
10, 0.6000000000000001, 25, 0.1, 9578, 0.0025
10, 0.6000000000000001, 25, 0.1, 9717, 0.0025
10, 0.6000000000000001, 25, 0.1, 9718, 0.0025
10, 0.6000000000000001, 25, 0.1, 9719, 0.0025
10, 0.6000000000000001, 25, 0.1, 9720, 0.0025
10, 0.6000000000000001, 25, 0.1, 9847, 0.0025
10, 0.6000000000000001, 25, 0.1, 9849, 0.0025
10, 0.6000000000000001, 25, 0.1, 9850, 0.0025
10, 0.6000000000000001, 25, 0.1, 9851, 0.0025
10, 0.6000000000000001, 25, 0.1, 9852, 0.0025
10, 0.6000000000000001, 25, 0.1, 9975, 0.0025
10, 0.6000000000000001, 25, 0.1, 9976, 0.0025
10, 0.6000000000000001, 25, 0.1, 9977, 0.0025
10, 0.6000000000000001, 25, 0.1, 10090, 0.0025
10, 0.6000000000000001, 25, 0.1, 10093, 0.0025
10, 0.6000000000000001, 25, 0.1, 10095, 0.0025
10, 0.6000000000000001, 25, 0.1, 10096, 0.0025
10, 0.6000000000000001, 25, 0.1, 10097, 0.0025
10, 0.6000000000000001, 25, 0.1, 10203, 0.0025
10, 0.6000000000000001, 25, 0.1, 10204, 0.0025
10, 0.6000000000000001, 25, 0.1, 10205, 0.0025
10, 0.6000000000000001, 25, 0.1, 10206, 0.0025
10, 0.6000000000000001, 25, 0.1, 10210, 0.0025
10, 0.6000000000000001, 25, 0.1, 10211, 0.0025
10, 0.6000000000000001, 25, 0.1, 10212, 0.0025
10, 0.6000000000000001, 25, 0.1, 10213, 0.0025
10, 0.6000000000000001, 25, 0.1, 10319, 0.0025
10, 0.6000000000000001, 25, 0.1, 10321, 0.0025
10, 0.6000000000000001, 25, 0.1, 10322, 0.0025
10, 0.6000000000000001, 25, 0.1, 10323, 0.0025
10, 0.6000000000000001, 25, 0.1, 10324, 0.0025
10, 0.6000000000000001, 25, 0.1, 10436, 0.0025
10, 0.6000000000000001, 25, 0.1, 10437, 0.0025
10, 0.6000000000000001, 25, 0.1, 10438, 0.0025
10, 0.6000000000000001, 25, 0.1, 10439, 0.0025
10, 0.6000000000000001, 25, 0.1, 10440, 0.0025
10, 0.6000000000000001, 25, 0.1, 10441, 0.0025
10, 0.6000000000000001, 25, 0.1, 10442, 0.0025
10, 0.6000000000000001, 25, 0.1, 10557, 0.0025
10, 0.6000000000000001, 41, 0.1825, 16651, 0.0025
10, 0.6000000000000001, 41, 0.1825, 16754, 0.0025
10, 0.6000000000000001, 41, 0.1825, 16755, 0.0025
10, 0.6000000000000001, 41, 0.1825, 16870, 0.0025
10, 0.6000000000000001, 41, 0.1825, 16877, 0.0025
10, 0.6000000000000001, 41, 0.1825, 16986, 0.0025
10, 0.6000000000000001, 41, 0.1825, 16987, 0.0025
10, 0.6000000000000001, 41, 0.1825, 17087, 0.0025
10, 0.6000000000000001, 41, 0.1825, 17091, 0.0025
10, 0.6000000000000001, 41, 0.1825, 17092, 0.0025
10, 0.6000000000000001, 41, 0.1825, 17093, 0.0025
10, 0.6000000000000001, 41, 0.1825, 17094, 0.0025
10, 0.6000000000000001, 41, 0.1825, 17095, 0.0025
10, 0.6000000000000001, 41, 0.1825, 17190, 0.0025
10, 0.6000000000000001, 41, 0.1825, 17197, 0.0025
10, 0.6000000000000001, 41, 0.1825, 17198, 0.0025
10, 0.6000000000000001, 41, 0.1825, 17200, 0.0025
10, 0.6000000000000001, 41, 0.1825, 17293, 0.0025
10, 0.6000000000000001, 41, 0.1825, 17295, 0.0025
10, 0.6000000000000001, 41, 0.1825, 17299, 0.0025
10, 0.6000000000000001, 41, 0.1825, 17301, 0.0025
10, 0.6000000000000001, 41, 0.1825, 17303, 0.0025
10, 0.6000000000000001, 41, 0.1825, 17395, 0.0025
10, 0.6000000000000001, 41, 0.1825, 17401, 0.0025
10, 0.6000000000000001, 41, 0.1825, 17402, 0.0025
10, 0.6000000000000001, 41, 0.1825, 17404, 0.0025
10, 0.6000000000000001, 41, 0.1825, 17405, 0.0025
10, 0.6000000000000001, 41, 0.1825, 17503, 0.0025
10, 0.6000000000000001, 41, 0.1825, 17504, 0.0025
10, 0.6000000000000001, 41, 0.1825, 17505, 0.0025
10, 0.6000000000000001, 41, 0.1825, 17506, 0.0025
10, 0.6000000000000001, 41, 0.1825, 17508, 0.0025
10, 0.6000000000000001, 41, 0.1825, 17509, 0.0025
10, 0.6000000000000001, 41, 0.1825, 17602, 0.0025
10, 0.6000000000000001, 41, 0.1825, 17603, 0.0025
10, 0.6000000000000001, 41, 0.1825, 17604, 0.0025
10, 0.6000000000000001, 41, 0.1825, 17605, 0.0025
10, 0.6000000000000001, 41, 0.1825, 17606, 0.0025
10, 0.6000000000000001, 41, 0.1825, 17607, 0.0025
10, 0.6000000000000001, 41, 0.1825, 17608, 0.0025
10, 0.6000000000000001, 41, 0.1825, 17609, 0.0025
10, 0.6000000000000001, 41, 0.1825, 17696, 0.0025
10, 0.6000000000000001, 41, 0.1825, 17697, 0.0025
10, 0.6000000000000001, 41, 0.1825, 17698, 0.0025
10, 0.6000000000000001, 41, 0.1825, 17699, 0.0025
10, 0.6000000000000001, 41, 0.1825, 17700, 0.0025
10, 0.6000000000000001, 41, 0.1825, 17702, 0.0025
10, 0.6000000000000001, 41, 0.1825, 17703, 0.0025
10, 0.6000000000000001, 41, 0.1825, 17704, 0.0025
10, 0.6000000000000001, 41, 0.1825, 17790, 0.0025
10, 0.6000000000000001, 41, 0.1825, 17791, 0.0025
10, 0.6000000000000001, 41, 0.1825, 17792, 0.0025
10, 0.6000000000000001, 41, 0.1825, 17793, 0.0025
10, 0.6000000000000001, 41, 0.1825, 17794, 0.0025
10, 0.6000000000000001, 41, 0.1825, 17795, 0.0025
10, 0.6000000000000001, 41, 0.1825, 17797, 0.0025
10, 0.6000000000000001, 41, 0.1825, 17885, 0.0025
10, 0.6000000000000001, 41, 0.1825, 17888, 0.0025
10, 0.6000000000000001, 41, 0.1825, 17889, 0.0025
10, 0.6000000000000001, 41, 0.1825, 17890, 0.0025
10, 0.6000000000000001, 41, 0.1825, 17976, 0.0025
10, 0.6000000000000001, 41, 0.1825, 17977, 0.0025
10, 0.6000000000000001, 41, 0.1825, 17978, 0.0025
10, 0.6000000000000001, 41, 0.1825, 17980, 0.0025
10, 0.6000000000000001, 41, 0.1825, 17982, 0.0025
10, 0.6000000000000001, 41, 0.1825, 18060, 0.0025
10, 0.6000000000000001, 41, 0.1825, 18062, 0.0025
10, 0.6000000000000001, 41, 0.1825, 18064, 0.0025
10, 0.6000000000000001, 41, 0.1825, 18066, 0.0025
10, 0.6000000000000001, 41, 0.1825, 18149, 0.0025
10, 0.6000000000000001, 41, 0.1825, 18150, 0.0025
10, 0.6000000000000001, 41, 0.1825, 18232, 0.0025
10, 0.6000000000000001, 41, 0.1825, 18233, 0.0025
10, 0.6000000000000001, 41, 0.1825, 18234, 0.0025
10, 0.6000000000000001, 64, 0.05250000000000012, 30902, 0.0025
10, 0.6000000000000001, 64, 0.05250000000000012, 31097, 0.0025
10, 0.6000000000000001, 64, 0.05250000000000012, 31192, 0.0025
10, 0.6000000000000001, 64, 0.05250000000000012, 31372, 0.0025
10, 0.6000000000000001, 64, 0.05250000000000012, 31373, 0.0025
10, 0.6000000000000001, 64, 0.05250000000000012, 31468, 0.0025
10, 0.6000000000000001, 64, 0.05250000000000012, 31469, 0.0025
10, 0.6000000000000001, 64, 0.05250000000000012, 31744, 0.0025
10, 0.6000000000000001, 64, 0.05250000000000012, 31745, 0.0025
10, 0.6000000000000001, 64, 0.05250000000000012, 31837, 0.0025
10, 0.6000000000000001, 64, 0.05250000000000012, 31929, 0.0025
10, 0.6000000000000001, 64, 0.05250000000000012, 31930, 0.0025
10, 0.6000000000000001, 64, 0.05250000000000012, 31931, 0.0025
10, 0.6000000000000001, 64, 0.05250000000000012, 32019, 0.0025
10, 0.6000000000000001, 64, 0.05250000000000012, 32024, 0.0025
10, 0.6000000000000001, 64, 0.05250000000000012, 32026, 0.0025
10, 0.6000000000000001, 64, 0.05250000000000012, 32027, 0.0025
10, 0.6000000000000001, 64, 0.05250000000000012, 32028, 0.0025
10, 0.6000000000000001, 64, 0.05250000000000012, 32120, 0.0025
10, 0.6000000000000001, 64, 0.05250000000000012, 32205, 0.0025
10, 0.6000000000000001, 64, 0.05250000000000012, 32206, 0.0025
10, 0.6000000000000001, 64, 0.05250000000000012, 32211, 0.0025
10, 0.6000000000000001, 98, 0.0525, 48314, 0.0025
10, 0.6000000000000001, 98, 0.0525, 48978, 0.0025
10, 0.6000000000000001, 98, 0.0525, 48979, 0.0025
10, 0.6000000000000001, 98, 0.0525, 49250, 0.0025
10, 0.6000000000000001, 98, 0.0525, 49251, 0.0025
10, 0.6000000000000001, 98, 0.0525, 49253, 0.0025
10, 0.6000000000000001, 98, 0.0525, 49377, 0.0025
10, 0.6000000000000001, 98, 0.0525, 49511, 0.0025
10, 0.6000000000000001, 98, 0.0525, 49516, 0.0025
10, 0.6000000000000001, 98, 0.0525, 49650, 0.0025
10, 0.6000000000000001, 98, 0.0525, 49651, 0.0025
10, 0.6000000000000001, 98, 0.0525, 49785, 0.0025
10, 0.6000000000000001, 98, 0.0525, 49920, 0.0025
10, 0.6000000000000001, 98, 0.0525, 49921, 0.0025
10, 0.6000000000000001, 98, 0.0525, 50062, 0.0025
10, 0.6000000000000001, 98, 0.0525, 50063, 0.0025
10, 0.6000000000000001, 98, 0.0525, 50064, 0.0025
10, 0.6000000000000001, 98, 0.0525, 50065, 0.0025
10, 0.6000000000000001, 98, 0.0525, 50066, 0.0025
10, 0.6000000000000001, 98, 0.0525, 50208, 0.0025
10, 0.6000000000000001, 98, 0.0525, 50350, 0.0025
10, 0.6000000000000001, 98, 0.0525, 50627, 0.0025
10, 0.6000000000000001, 121, 0.0325, 55186, 0.0025
10, 0.6000000000000001, 121, 0.0325, 55326, 0.0025
10, 0.6000000000000001, 121, 0.0325, 55330, 0.0025
10, 0.6000000000000001, 121, 0.0325, 55617, 0.0025
10, 0.6000000000000001, 121, 0.0325, 55756, 0.0025
10, 0.6000000000000001, 121, 0.0325, 55757, 0.0025
10, 0.6000000000000001, 121, 0.0325, 55759, 0.0025
10, 0.6000000000000001, 121, 0.0325, 55902, 0.0025
10, 0.6000000000000001, 121, 0.0325, 55903, 0.0025
10, 0.6000000000000001, 121, 0.0325, 55904, 0.0025
10, 0.6000000000000001, 116, 0.09, 56241, 0.0025
10, 0.6000000000000001, 116, 0.09, 56242, 0.0025
10, 0.6000000000000001, 116, 0.09, 56389, 0.0025
10, 0.6000000000000001, 116, 0.09, 56390, 0.0025
10, 0.6000000000000001, 121, 0.0325, 56487, 0.0025
10, 0.6000000000000001, 116, 0.09, 56537, 0.0025
10, 0.6000000000000001, 116, 0.09, 56538, 0.0025
10, 0.6000000000000001, 116, 0.09, 56539, 0.0025
10, 0.6000000000000001, 121, 0.0325, 56633, 0.0025
10, 0.6000000000000001, 116, 0.09, 56684, 0.0025
10, 0.6000000000000001, 116, 0.09, 56685, 0.0025
10, 0.6000000000000001, 121, 0.0325, 56783, 0.0025
10, 0.6000000000000001, 121, 0.0325, 56784, 0.0025
10, 0.6000000000000001, 116, 0.09, 56835, 0.0025
10, 0.6000000000000001, 116, 0.09, 56836, 0.0025
10, 0.6000000000000001, 116, 0.09, 56983, 0.0025
10, 0.6000000000000001, 116, 0.09, 56985, 0.0025
10, 0.6000000000000001, 116, 0.09, 57134, 0.0025
10, 0.6000000000000001, 116, 0.09, 57283, 0.0025
10, 0.6000000000000001, 116, 0.09, 57435, 0.0025
10, 0.6000000000000001, 116, 0.09, 57589, 0.0025
10, 0.6000000000000001, 116, 0.09, 57903, 0.0025
10, 0.6000000000000001, 116, 0.09, 57904, 0.0025
10, 0.6000000000000001, 116, 0.09, 57905, 0.0025
10, 0.6000000000000001, 116, 0.09, 58060, 0.0025
10, 0.6000000000000001, 116, 0.09, 58061, 0.0025
10, 0.6000000000000001, 116, 0.09, 58213, 0.0025
10, 0.6000000000000001, 116, 0.09, 58214, 0.0025
10, 0.6000000000000001, 116, 0.09, 58215, 0.0025
10, 0.6000000000000001, 116, 0.09, 58216, 0.0025
10, 0.6000000000000001, 116, 0.09, 58372, 0.0025
10, 0.6000000000000001, 116, 0.09, 58374, 0.0025
10, 0.6000000000000001, 116, 0.09, 58535, 0.0025
10, 0.6000000000000001, 116, 0.09, 58536, 0.0025
10, 0.6000000000000001, 116, 0.09, 58537, 0.0025
10, 0.6000000000000001, 116, 0.09, 58538, 0.0025
10, 0.6000000000000001, 116, 0.09, 58702, 0.0025
10, 0.6000000000000001, 116, 0.09, 58703, 0.0025
10, 0.6000000000000001, 116, 0.09, 58873, 0.0025
10, 0.6000000000000001, 116, 0.09, 59041, 0.0025
10, 0.6000000000000001, 116, 0.09, 59042, 0.0025
10, 0.6000000000000001, 137, 0.07000000000000009, 62563, 0.0025
10, 0.6000000000000001, 137, 0.07000000000000009, 62564, 0.0025
10, 0.6000000000000001, 137, 0.07000000000000009, 62566, 0.0025
10, 0.6000000000000001, 137, 0.07000000000000009, 62567, 0.0025
10, 0.6000000000000001, 137, 0.07000000000000009, 62739, 0.0025
10, 0.6000000000000001, 137, 0.07000000000000009, 62740, 0.0025
10, 0.6000000000000001, 137, 0.07000000000000009, 62741, 0.0025
10, 0.6000000000000001, 137, 0.07000000000000009, 62910, 0.0025
10, 0.6000000000000001, 137, 0.07000000000000009, 62911, 0.0025
10, 0.6000000000000001, 137, 0.07000000000000009, 62913, 0.0025
10, 0.6000000000000001, 137, 0.07000000000000009, 63087, 0.0025
10, 0.6000000000000001, 137, 0.07000000000000009, 63088, 0.0025
10, 0.6000000000000001, 137, 0.07000000000000009, 63089, 0.0025
10, 0.6000000000000001, 137, 0.07000000000000009, 63254, 0.0025
10, 0.6000000000000001, 137, 0.07000000000000009, 63255, 0.0025
10, 0.6000000000000001, 137, 0.07000000000000009, 63258, 0.0025
10, 0.6000000000000001, 137, 0.07000000000000009, 63421, 0.0025
10, 0.6000000000000001, 137, 0.07000000000000009, 63422, 0.0025
10, 0.6000000000000001, 137, 0.07000000000000009, 63423, 0.0025
10, 0.6000000000000001, 137, 0.07000000000000009, 63587, 0.0025
10, 0.6000000000000001, 137, 0.07000000000000009, 63592, 0.0025
10, 0.6000000000000001, 137, 0.07000000000000009, 63757, 0.0025
10, 0.6000000000000001, 137, 0.07000000000000009, 63919, 0.0025
10, 0.6000000000000001, 137, 0.07000000000000009, 63920, 0.0025
10, 0.6000000000000001, 137, 0.07000000000000009, 64080, 0.0025
10, 0.6000000000000001, 137, 0.07000000000000009, 64081, 0.0025
10, 0.6000000000000001, 137, 0.07000000000000009, 64082, 0.0025
10, 0.6000000000000001, 137, 0.07000000000000009, 64400, 0.0025
10, 0.6000000000000001, 137, 0.07000000000000009, 64712, 0.0025
10, 0.6000000000000001, 144, 0.05, 65835, 0.0025
10, 0.6000000000000001, 144, 0.05, 65836, 0.0025
10, 0.6000000000000001, 144, 0.05, 65837, 0.0025
10, 0.6000000000000001, 144, 0.05, 65975, 0.0025
10, 0.6000000000000001, 144, 0.05, 65976, 0.0025
10, 0.6000000000000001, 144, 0.05, 65977, 0.0025
10, 0.6000000000000001, 144, 0.05, 65978, 0.0025
10, 0.6000000000000001, 144, 0.05, 66113, 0.0025
10, 0.6000000000000001, 144, 0.05, 66118, 0.0025
10, 0.6000000000000001, 144, 0.05, 66249, 0.0025
10, 0.6000000000000001, 144, 0.05, 66251, 0.0025
10, 0.6000000000000001, 144, 0.05, 66258, 0.0025
10, 0.6000000000000001, 144, 0.05, 66259, 0.0025
10, 0.6000000000000001, 144, 0.05, 66387, 0.0025
10, 0.6000000000000001, 144, 0.05, 66390, 0.0025
10, 0.6000000000000001, 144, 0.05, 66393, 0.0025
10, 0.6000000000000001, 144, 0.05, 66523, 0.0025
10, 0.6000000000000001, 144, 0.05, 66524, 0.0025
10, 0.6000000000000001, 144, 0.05, 66787, 0.0025
10, 0.6000000000000001, 144, 0.05, 66788, 0.0025
10, 0.6000000000000001, 144, 0.05, 66915, 0.0025
10, 0.65, 1, 0.1725, 548, 0.0025
10, 0.65, 1, 0.1725, 549, 0.0025
10, 0.65, 1, 0.1725, 550, 0.0025
10, 0.65, 1, 0.1725, 554, 0.0025
10, 0.65, 1, 0.1725, 598, 0.0025
10, 0.65, 1, 0.1725, 599, 0.0025
10, 0.65, 1, 0.1725, 600, 0.0025
10, 0.65, 1, 0.1725, 601, 0.0025
10, 0.65, 1, 0.1725, 602, 0.0025
10, 0.65, 1, 0.1725, 603, 0.0025
10, 0.65, 1, 0.1725, 604, 0.0025
10, 0.65, 1, 0.1725, 648, 0.0025
10, 0.65, 1, 0.1725, 649, 0.0025
10, 0.65, 1, 0.1725, 650, 0.0025
10, 0.65, 1, 0.1725, 651, 0.0025
10, 0.65, 1, 0.1725, 652, 0.0025
10, 0.65, 1, 0.1725, 653, 0.0025
10, 0.65, 1, 0.1725, 654, 0.0025
10, 0.65, 1, 0.1725, 701, 0.0025
10, 0.65, 1, 0.1725, 702, 0.0025
10, 0.65, 1, 0.1725, 703, 0.0025
10, 0.65, 1, 0.1725, 704, 0.0025
10, 0.65, 1, 0.1725, 705, 0.0025
10, 0.65, 1, 0.1725, 706, 0.0025
10, 0.65, 1, 0.1725, 707, 0.0025
10, 0.65, 1, 0.1725, 756, 0.0025
10, 0.65, 1, 0.1725, 757, 0.0025
10, 0.65, 1, 0.1725, 758, 0.0025
10, 0.65, 1, 0.1725, 759, 0.0025
10, 0.65, 1, 0.1725, 760, 0.0025
10, 0.65, 1, 0.1725, 761, 0.0025
10, 0.65, 1, 0.1725, 762, 0.0025
10, 0.65, 1, 0.1725, 814, 0.0025
10, 0.65, 1, 0.1725, 815, 0.0025
10, 0.65, 1, 0.1725, 816, 0.0025
10, 0.65, 1, 0.1725, 817, 0.0025
10, 0.65, 1, 0.1725, 818, 0.0025
10, 0.65, 1, 0.1725, 874, 0.0025
10, 0.65, 1, 0.1725, 875, 0.0025
10, 0.65, 1, 0.1725, 876, 0.0025
10, 0.65, 1, 0.1725, 877, 0.0025
10, 0.65, 1, 0.1725, 936, 0.0025
10, 0.65, 1, 0.1725, 937, 0.0025
10, 0.65, 1, 0.1725, 938, 0.0025
10, 0.65, 1, 0.1725, 1053, 0.0025
10, 0.65, 1, 0.1725, 1119, 0.0025
10, 0.65, 1, 0.1725, 1188, 0.0025
10, 0.65, 1, 0.1725, 1258, 0.0025
10, 0.65, 1, 0.1725, 1330, 0.0025
10, 0.65, 1, 0.1725, 1331, 0.0025
10, 0.65, 1, 0.1725, 1332, 0.0025
10, 0.65, 1, 0.1725, 1333, 0.0025
10, 0.65, 1, 0.1725, 1334, 0.0025
10, 0.65, 1, 0.1725, 1406, 0.0025
10, 0.65, 1, 0.1725, 1407, 0.0025
10, 0.65, 1, 0.1725, 1408, 0.0025
10, 0.65, 1, 0.1725, 1409, 0.0025
10, 0.65, 1, 0.1725, 1410, 0.0025
10, 0.65, 1, 0.1725, 1482, 0.0025
10, 0.65, 1, 0.1725, 1483, 0.0025
10, 0.65, 1, 0.1725, 1484, 0.0025
10, 0.65, 1, 0.1725, 1485, 0.0025
10, 0.65, 1, 0.1725, 1486, 0.0025
10, 0.65, 1, 0.1725, 1560, 0.0025
10, 0.65, 1, 0.1725, 1561, 0.0025
10, 0.65, 1, 0.1725, 1562, 0.0025
10, 0.65, 1, 0.1725, 1563, 0.0025
10, 0.65, 1, 0.1725, 1641, 0.0025
10, 0.65, 1, 0.1725, 1642, 0.0025
10, 0.65, 1, 0.1725, 1724, 0.0025
10, 0.65, 19, 0.2, 6472, 0.0025
10, 0.65, 19, 0.2, 6473, 0.0025
10, 0.65, 19, 0.2, 6474, 0.0025
10, 0.65, 19, 0.2, 6475, 0.0025
10, 0.65, 19, 0.2, 6603, 0.0025
10, 0.65, 19, 0.2, 6604, 0.0025
10, 0.65, 19, 0.2, 6605, 0.0025
10, 0.65, 19, 0.2, 6606, 0.0025
10, 0.65, 19, 0.2, 6607, 0.0025
10, 0.65, 19, 0.2, 6608, 0.0025
10, 0.65, 19, 0.2, 6609, 0.0025
10, 0.65, 19, 0.2, 6736, 0.0025
10, 0.65, 19, 0.2, 6737, 0.0025
10, 0.65, 19, 0.2, 6738, 0.0025
10, 0.65, 19, 0.2, 6739, 0.0025
10, 0.65, 19, 0.2, 6740, 0.0025
10, 0.65, 19, 0.2, 6741, 0.0025
10, 0.65, 19, 0.2, 6742, 0.0025
10, 0.65, 19, 0.2, 6869, 0.0025
10, 0.65, 19, 0.2, 6870, 0.0025
10, 0.65, 19, 0.2, 6871, 0.0025
10, 0.65, 19, 0.2, 6872, 0.0025
10, 0.65, 19, 0.2, 6873, 0.0025
10, 0.65, 19, 0.2, 6874, 0.0025
10, 0.65, 19, 0.2, 6875, 0.0025
10, 0.65, 19, 0.2, 6876, 0.0025
10, 0.65, 19, 0.2, 7003, 0.0025
10, 0.65, 19, 0.2, 7004, 0.0025
10, 0.65, 19, 0.2, 7005, 0.0025
10, 0.65, 19, 0.2, 7006, 0.0025
10, 0.65, 19, 0.2, 7007, 0.0025
10, 0.65, 19, 0.2, 7008, 0.0025
10, 0.65, 19, 0.2, 7009, 0.0025
10, 0.65, 19, 0.2, 7010, 0.0025
10, 0.65, 19, 0.2, 7136, 0.0025
10, 0.65, 19, 0.2, 7137, 0.0025
10, 0.65, 19, 0.2, 7138, 0.0025
10, 0.65, 19, 0.2, 7139, 0.0025
10, 0.65, 19, 0.2, 7140, 0.0025
10, 0.65, 19, 0.2, 7141, 0.0025
10, 0.65, 19, 0.2, 7142, 0.0025
10, 0.65, 19, 0.2, 7143, 0.0025
10, 0.65, 19, 0.2, 7144, 0.0025
10, 0.65, 19, 0.2, 7271, 0.0025
10, 0.65, 19, 0.2, 7272, 0.0025
10, 0.65, 19, 0.2, 7273, 0.0025
10, 0.65, 19, 0.2, 7274, 0.0025
10, 0.65, 19, 0.2, 7275, 0.0025
10, 0.65, 19, 0.2, 7276, 0.0025
10, 0.65, 19, 0.2, 7277, 0.0025
10, 0.65, 19, 0.2, 7278, 0.0025
10, 0.65, 19, 0.2, 7279, 0.0025
10, 0.65, 19, 0.2, 7280, 0.0025
10, 0.65, 19, 0.2, 7281, 0.0025
10, 0.65, 19, 0.2, 7407, 0.0025
10, 0.65, 19, 0.2, 7408, 0.0025
10, 0.65, 19, 0.2, 7409, 0.0025
10, 0.65, 19, 0.2, 7410, 0.0025
10, 0.65, 19, 0.2, 7411, 0.0025
10, 0.65, 19, 0.2, 7412, 0.0025
10, 0.65, 19, 0.2, 7413, 0.0025
10, 0.65, 19, 0.2, 7414, 0.0025
10, 0.65, 19, 0.2, 7415, 0.0025
10, 0.65, 19, 0.2, 7416, 0.0025
10, 0.65, 19, 0.2, 7545, 0.0025
10, 0.65, 19, 0.2, 7546, 0.0025
10, 0.65, 19, 0.2, 7547, 0.0025
10, 0.65, 19, 0.2, 7548, 0.0025
10, 0.65, 19, 0.2, 7549, 0.0025
10, 0.65, 19, 0.2, 7550, 0.0025
10, 0.65, 19, 0.2, 7551, 0.0025
10, 0.65, 19, 0.2, 7552, 0.0025
10, 0.65, 19, 0.2, 7553, 0.0025
10, 0.65, 19, 0.2, 7684, 0.0025
10, 0.65, 19, 0.2, 7685, 0.0025
10, 0.65, 19, 0.2, 7686, 0.0025
10, 0.65, 19, 0.2, 7687, 0.0025
10, 0.65, 19, 0.2, 7688, 0.0025
10, 0.65, 19, 0.2, 7689, 0.0025
10, 0.65, 19, 0.2, 7690, 0.0025
10, 0.65, 19, 0.2, 7824, 0.0025
10, 0.65, 31, 0.0875, 11242, 0.0025
10, 0.65, 31, 0.0875, 11353, 0.0025
10, 0.65, 31, 0.0875, 11469, 0.0025
10, 0.65, 31, 0.0875, 11580, 0.0025
10, 0.65, 31, 0.0875, 11581, 0.0025
10, 0.65, 31, 0.0875, 11582, 0.0025
10, 0.65, 31, 0.0875, 11694, 0.0025
10, 0.65, 31, 0.0875, 11695, 0.0025
10, 0.65, 31, 0.0875, 11696, 0.0025
10, 0.65, 31, 0.0875, 11807, 0.0025
10, 0.65, 31, 0.0875, 11808, 0.0025
10, 0.65, 31, 0.0875, 11809, 0.0025
10, 0.65, 31, 0.0875, 11810, 0.0025
10, 0.65, 31, 0.0875, 11919, 0.0025
10, 0.65, 31, 0.0875, 11920, 0.0025
10, 0.65, 31, 0.0875, 11921, 0.0025
10, 0.65, 31, 0.0875, 12030, 0.0025
10, 0.65, 31, 0.0875, 12032, 0.0025
10, 0.65, 31, 0.0875, 12033, 0.0025
10, 0.65, 31, 0.0875, 12034, 0.0025
10, 0.65, 31, 0.0875, 12035, 0.0025
10, 0.65, 31, 0.0875, 12142, 0.0025
10, 0.65, 31, 0.0875, 12143, 0.0025
10, 0.65, 31, 0.0875, 12146, 0.0025
10, 0.65, 31, 0.0875, 12147, 0.0025
10, 0.65, 31, 0.0875, 12148, 0.0025
10, 0.65, 31, 0.0875, 12251, 0.0025
10, 0.65, 31, 0.0875, 12253, 0.0025
10, 0.65, 31, 0.0875, 12254, 0.0025
10, 0.65, 31, 0.0875, 12255, 0.0025
10, 0.65, 31, 0.0875, 12256, 0.0025
10, 0.65, 31, 0.0875, 12361, 0.0025
10, 0.65, 31, 0.0875, 12362, 0.0025
10, 0.65, 31, 0.0875, 12363, 0.0025
10, 0.65, 31, 0.0875, 12364, 0.0025
10, 0.65, 31, 0.0875, 12473, 0.0025
10, 0.65, 41, 0.1774999999999999, 16651, 0.0025
10, 0.65, 41, 0.1774999999999999, 16754, 0.0025
10, 0.65, 41, 0.1774999999999999, 16755, 0.0025
10, 0.65, 41, 0.1774999999999999, 16870, 0.0025
10, 0.65, 41, 0.1774999999999999, 16986, 0.0025
10, 0.65, 41, 0.1774999999999999, 16987, 0.0025
10, 0.65, 41, 0.1774999999999999, 17087, 0.0025
10, 0.65, 41, 0.1774999999999999, 17091, 0.0025
10, 0.65, 41, 0.1774999999999999, 17092, 0.0025
10, 0.65, 41, 0.1774999999999999, 17093, 0.0025
10, 0.65, 41, 0.1774999999999999, 17094, 0.0025
10, 0.65, 41, 0.1774999999999999, 17095, 0.0025
10, 0.65, 41, 0.1774999999999999, 17190, 0.0025
10, 0.65, 41, 0.1774999999999999, 17197, 0.0025
10, 0.65, 41, 0.1774999999999999, 17198, 0.0025
10, 0.65, 41, 0.1774999999999999, 17200, 0.0025
10, 0.65, 41, 0.1774999999999999, 17293, 0.0025
10, 0.65, 41, 0.1774999999999999, 17295, 0.0025
10, 0.65, 41, 0.1774999999999999, 17299, 0.0025
10, 0.65, 41, 0.1774999999999999, 17301, 0.0025
10, 0.65, 41, 0.1774999999999999, 17303, 0.0025
10, 0.65, 41, 0.1774999999999999, 17395, 0.0025
10, 0.65, 41, 0.1774999999999999, 17401, 0.0025
10, 0.65, 41, 0.1774999999999999, 17402, 0.0025
10, 0.65, 41, 0.1774999999999999, 17404, 0.0025
10, 0.65, 41, 0.1774999999999999, 17405, 0.0025
10, 0.65, 41, 0.1774999999999999, 17503, 0.0025
10, 0.65, 41, 0.1774999999999999, 17504, 0.0025
10, 0.65, 41, 0.1774999999999999, 17505, 0.0025
10, 0.65, 41, 0.1774999999999999, 17506, 0.0025
10, 0.65, 41, 0.1774999999999999, 17508, 0.0025
10, 0.65, 41, 0.1774999999999999, 17509, 0.0025
10, 0.65, 41, 0.1774999999999999, 17602, 0.0025
10, 0.65, 41, 0.1774999999999999, 17603, 0.0025
10, 0.65, 41, 0.1774999999999999, 17604, 0.0025
10, 0.65, 41, 0.1774999999999999, 17605, 0.0025
10, 0.65, 41, 0.1774999999999999, 17606, 0.0025
10, 0.65, 41, 0.1774999999999999, 17607, 0.0025
10, 0.65, 41, 0.1774999999999999, 17608, 0.0025
10, 0.65, 41, 0.1774999999999999, 17609, 0.0025
10, 0.65, 41, 0.1774999999999999, 17696, 0.0025
10, 0.65, 41, 0.1774999999999999, 17697, 0.0025
10, 0.65, 41, 0.1774999999999999, 17698, 0.0025
10, 0.65, 41, 0.1774999999999999, 17699, 0.0025
10, 0.65, 41, 0.1774999999999999, 17700, 0.0025
10, 0.65, 41, 0.1774999999999999, 17702, 0.0025
10, 0.65, 41, 0.1774999999999999, 17703, 0.0025
10, 0.65, 41, 0.1774999999999999, 17704, 0.0025
10, 0.65, 41, 0.1774999999999999, 17790, 0.0025
10, 0.65, 41, 0.1774999999999999, 17791, 0.0025
10, 0.65, 41, 0.1774999999999999, 17792, 0.0025
10, 0.65, 41, 0.1774999999999999, 17793, 0.0025
10, 0.65, 41, 0.1774999999999999, 17794, 0.0025
10, 0.65, 41, 0.1774999999999999, 17795, 0.0025
10, 0.65, 41, 0.1774999999999999, 17797, 0.0025
10, 0.65, 41, 0.1774999999999999, 17885, 0.0025
10, 0.65, 41, 0.1774999999999999, 17888, 0.0025
10, 0.65, 41, 0.1774999999999999, 17889, 0.0025
10, 0.65, 41, 0.1774999999999999, 17890, 0.0025
10, 0.65, 41, 0.1774999999999999, 17976, 0.0025
10, 0.65, 41, 0.1774999999999999, 17978, 0.0025
10, 0.65, 41, 0.1774999999999999, 17980, 0.0025
10, 0.65, 41, 0.1774999999999999, 17982, 0.0025
10, 0.65, 41, 0.1774999999999999, 18060, 0.0025
10, 0.65, 41, 0.1774999999999999, 18062, 0.0025
10, 0.65, 41, 0.1774999999999999, 18064, 0.0025
10, 0.65, 41, 0.1774999999999999, 18066, 0.0025
10, 0.65, 41, 0.1774999999999999, 18149, 0.0025
10, 0.65, 41, 0.1774999999999999, 18150, 0.0025
10, 0.65, 41, 0.1774999999999999, 18232, 0.0025
10, 0.65, 41, 0.1774999999999999, 18233, 0.0025
10, 0.65, 41, 0.1774999999999999, 18234, 0.0025
10, 0.65, 64, 0.05, 30902, 0.0025
10, 0.65, 64, 0.05, 31097, 0.0025
10, 0.65, 64, 0.05, 31192, 0.0025
10, 0.65, 64, 0.05, 31372, 0.0025
10, 0.65, 64, 0.05, 31373, 0.0025
10, 0.65, 64, 0.05, 31468, 0.0025
10, 0.65, 64, 0.05, 31469, 0.0025
10, 0.65, 64, 0.05, 31744, 0.0025
10, 0.65, 64, 0.05, 31745, 0.0025
10, 0.65, 64, 0.05, 31837, 0.0025
10, 0.65, 64, 0.05, 31929, 0.0025
10, 0.65, 64, 0.05, 31930, 0.0025
10, 0.65, 64, 0.05, 31931, 0.0025
10, 0.65, 64, 0.05, 32019, 0.0025
10, 0.65, 64, 0.05, 32024, 0.0025
10, 0.65, 64, 0.05, 32026, 0.0025
10, 0.65, 64, 0.05, 32027, 0.0025
10, 0.65, 64, 0.05, 32120, 0.0025
10, 0.65, 64, 0.05, 32205, 0.0025
10, 0.65, 64, 0.05, 32206, 0.0025
10, 0.65, 64, 0.05, 32211, 0.0025
10, 0.65, 71, 0.035, 33731, 0.0025
10, 0.65, 71, 0.035, 33808, 0.0025
10, 0.65, 71, 0.035, 35055, 0.0025
10, 0.65, 71, 0.035, 35056, 0.0025
10, 0.65, 71, 0.035, 35342, 0.0025
10, 0.65, 71, 0.035, 35416, 0.0025
10, 0.65, 71, 0.035, 35558, 0.0025
10, 0.65, 71, 0.035, 35559, 0.0025
10, 0.65, 71, 0.035, 35625, 0.0025
10, 0.65, 71, 0.035, 35626, 0.0025
10, 0.65, 71, 0.035, 35627, 0.0025
10, 0.65, 71, 0.035, 35628, 0.0025
10, 0.65, 71, 0.035, 35699, 0.0025
10, 0.65, 71, 0.035, 35700, 0.0025
10, 0.65, 71, 0.035, 35772, 0.0025
10, 0.65, 98, 0.0525, 48314, 0.0025
10, 0.65, 98, 0.0525, 48978, 0.0025
10, 0.65, 98, 0.0525, 48979, 0.0025
10, 0.65, 98, 0.0525, 49250, 0.0025
10, 0.65, 98, 0.0525, 49251, 0.0025
10, 0.65, 98, 0.0525, 49253, 0.0025
10, 0.65, 98, 0.0525, 49377, 0.0025
10, 0.65, 98, 0.0525, 49511, 0.0025
10, 0.65, 98, 0.0525, 49516, 0.0025
10, 0.65, 98, 0.0525, 49650, 0.0025
10, 0.65, 98, 0.0525, 49651, 0.0025
10, 0.65, 98, 0.0525, 49785, 0.0025
10, 0.65, 98, 0.0525, 49920, 0.0025
10, 0.65, 98, 0.0525, 49921, 0.0025
10, 0.65, 98, 0.0525, 50062, 0.0025
10, 0.65, 98, 0.0525, 50063, 0.0025
10, 0.65, 98, 0.0525, 50064, 0.0025
10, 0.65, 98, 0.0525, 50065, 0.0025
10, 0.65, 98, 0.0525, 50066, 0.0025
10, 0.65, 98, 0.0525, 50208, 0.0025
10, 0.65, 98, 0.0525, 50350, 0.0025
10, 0.65, 98, 0.0525, 50627, 0.0025
10, 0.65, 116, 0.105, 56241, 0.0025
10, 0.65, 116, 0.105, 56242, 0.0025
10, 0.65, 116, 0.105, 56389, 0.0025
10, 0.65, 116, 0.105, 56390, 0.0025
10, 0.65, 116, 0.105, 56537, 0.0025
10, 0.65, 116, 0.105, 56538, 0.0025
10, 0.65, 116, 0.105, 56539, 0.0025
10, 0.65, 116, 0.105, 56684, 0.0025
10, 0.65, 116, 0.105, 56685, 0.0025
10, 0.65, 116, 0.105, 56835, 0.0025
10, 0.65, 116, 0.105, 56836, 0.0025
10, 0.65, 116, 0.105, 56983, 0.0025
10, 0.65, 116, 0.105, 56985, 0.0025
10, 0.65, 116, 0.105, 56986, 0.0025
10, 0.65, 116, 0.105, 57134, 0.0025
10, 0.65, 116, 0.105, 57283, 0.0025
10, 0.65, 116, 0.105, 57285, 0.0025
10, 0.65, 116, 0.105, 57435, 0.0025
10, 0.65, 116, 0.105, 57437, 0.0025
10, 0.65, 116, 0.105, 57589, 0.0025
10, 0.65, 116, 0.105, 57903, 0.0025
10, 0.65, 116, 0.105, 57904, 0.0025
10, 0.65, 116, 0.105, 57905, 0.0025
10, 0.65, 116, 0.105, 58060, 0.0025
10, 0.65, 116, 0.105, 58061, 0.0025
10, 0.65, 116, 0.105, 58062, 0.0025
10, 0.65, 116, 0.105, 58213, 0.0025
10, 0.65, 116, 0.105, 58214, 0.0025
10, 0.65, 116, 0.105, 58215, 0.0025
10, 0.65, 116, 0.105, 58216, 0.0025
10, 0.65, 116, 0.105, 58217, 0.0025
10, 0.65, 116, 0.105, 58372, 0.0025
10, 0.65, 116, 0.105, 58374, 0.0025
10, 0.65, 116, 0.105, 58535, 0.0025
10, 0.65, 116, 0.105, 58536, 0.0025
10, 0.65, 116, 0.105, 58537, 0.0025
10, 0.65, 116, 0.105, 58538, 0.0025
10, 0.65, 116, 0.105, 58539, 0.0025
10, 0.65, 116, 0.105, 58702, 0.0025
10, 0.65, 116, 0.105, 58703, 0.0025
10, 0.65, 116, 0.105, 58873, 0.0025
10, 0.65, 116, 0.105, 59041, 0.0025
10, 0.65, 116, 0.105, 59042, 0.0025
10, 0.65, 137, 0.07, 62563, 0.0025
10, 0.65, 137, 0.07, 62564, 0.0025
10, 0.65, 137, 0.07, 62566, 0.0025
10, 0.65, 137, 0.07, 62567, 0.0025
10, 0.65, 137, 0.07, 62739, 0.0025
10, 0.65, 137, 0.07, 62740, 0.0025
10, 0.65, 137, 0.07, 62741, 0.0025
10, 0.65, 137, 0.07, 62910, 0.0025
10, 0.65, 137, 0.07, 62911, 0.0025
10, 0.65, 137, 0.07, 62913, 0.0025
10, 0.65, 137, 0.07, 63087, 0.0025
10, 0.65, 137, 0.07, 63088, 0.0025
10, 0.65, 137, 0.07, 63089, 0.0025
10, 0.65, 137, 0.07, 63254, 0.0025
10, 0.65, 137, 0.07, 63255, 0.0025
10, 0.65, 137, 0.07, 63258, 0.0025
10, 0.65, 137, 0.07, 63421, 0.0025
10, 0.65, 137, 0.07, 63422, 0.0025
10, 0.65, 137, 0.07, 63423, 0.0025
10, 0.65, 137, 0.07, 63587, 0.0025
10, 0.65, 137, 0.07, 63592, 0.0025
10, 0.65, 137, 0.07, 63757, 0.0025
10, 0.65, 137, 0.07, 63919, 0.0025
10, 0.65, 137, 0.07, 63920, 0.0025
10, 0.65, 137, 0.07, 64080, 0.0025
10, 0.65, 137, 0.07, 64081, 0.0025
10, 0.65, 137, 0.07, 64082, 0.0025
10, 0.65, 137, 0.07, 64400, 0.0025
10, 0.65, 137, 0.07, 64712, 0.0025
10, 0.65, 144, 0.05, 65835, 0.0025
10, 0.65, 144, 0.05, 65836, 0.0025
10, 0.65, 144, 0.05, 65837, 0.0025
10, 0.65, 144, 0.05, 65975, 0.0025
10, 0.65, 144, 0.05, 65976, 0.0025
10, 0.65, 144, 0.05, 65977, 0.0025
10, 0.65, 144, 0.05, 65978, 0.0025
10, 0.65, 144, 0.05, 66113, 0.0025
10, 0.65, 144, 0.05, 66118, 0.0025
10, 0.65, 144, 0.05, 66249, 0.0025
10, 0.65, 144, 0.05, 66251, 0.0025
10, 0.65, 144, 0.05, 66258, 0.0025
10, 0.65, 144, 0.05, 66259, 0.0025
10, 0.65, 144, 0.05, 66387, 0.0025
10, 0.65, 144, 0.05, 66390, 0.0025
10, 0.65, 144, 0.05, 66393, 0.0025
10, 0.65, 144, 0.05, 66523, 0.0025
10, 0.65, 144, 0.05, 66524, 0.0025
10, 0.65, 144, 0.05, 66787, 0.0025
10, 0.65, 144, 0.05, 66788, 0.0025
10, 0.65, 144, 0.05, 66915, 0.0025
10, 0.7000000000000001, 1, 0.17, 549, 0.0025
10, 0.7000000000000001, 1, 0.17, 550, 0.0025
10, 0.7000000000000001, 1, 0.17, 554, 0.0025
10, 0.7000000000000001, 1, 0.17, 598, 0.0025
10, 0.7000000000000001, 1, 0.17, 599, 0.0025
10, 0.7000000000000001, 1, 0.17, 600, 0.0025
10, 0.7000000000000001, 1, 0.17, 601, 0.0025
10, 0.7000000000000001, 1, 0.17, 602, 0.0025
10, 0.7000000000000001, 1, 0.17, 603, 0.0025
10, 0.7000000000000001, 1, 0.17, 604, 0.0025
10, 0.7000000000000001, 1, 0.17, 648, 0.0025
10, 0.7000000000000001, 1, 0.17, 649, 0.0025
10, 0.7000000000000001, 1, 0.17, 650, 0.0025
10, 0.7000000000000001, 1, 0.17, 651, 0.0025
10, 0.7000000000000001, 1, 0.17, 652, 0.0025
10, 0.7000000000000001, 1, 0.17, 653, 0.0025
10, 0.7000000000000001, 1, 0.17, 654, 0.0025
10, 0.7000000000000001, 1, 0.17, 701, 0.0025
10, 0.7000000000000001, 1, 0.17, 702, 0.0025
10, 0.7000000000000001, 1, 0.17, 703, 0.0025
10, 0.7000000000000001, 1, 0.17, 704, 0.0025
10, 0.7000000000000001, 1, 0.17, 705, 0.0025
10, 0.7000000000000001, 1, 0.17, 706, 0.0025
10, 0.7000000000000001, 1, 0.17, 707, 0.0025
10, 0.7000000000000001, 1, 0.17, 756, 0.0025
10, 0.7000000000000001, 1, 0.17, 757, 0.0025
10, 0.7000000000000001, 1, 0.17, 758, 0.0025
10, 0.7000000000000001, 1, 0.17, 759, 0.0025
10, 0.7000000000000001, 1, 0.17, 760, 0.0025
10, 0.7000000000000001, 1, 0.17, 761, 0.0025
10, 0.7000000000000001, 1, 0.17, 762, 0.0025
10, 0.7000000000000001, 1, 0.17, 814, 0.0025
10, 0.7000000000000001, 1, 0.17, 815, 0.0025
10, 0.7000000000000001, 1, 0.17, 816, 0.0025
10, 0.7000000000000001, 1, 0.17, 817, 0.0025
10, 0.7000000000000001, 1, 0.17, 818, 0.0025
10, 0.7000000000000001, 1, 0.17, 874, 0.0025
10, 0.7000000000000001, 1, 0.17, 875, 0.0025
10, 0.7000000000000001, 1, 0.17, 876, 0.0025
10, 0.7000000000000001, 1, 0.17, 877, 0.0025
10, 0.7000000000000001, 1, 0.17, 936, 0.0025
10, 0.7000000000000001, 1, 0.17, 937, 0.0025
10, 0.7000000000000001, 1, 0.17, 938, 0.0025
10, 0.7000000000000001, 1, 0.17, 1053, 0.0025
10, 0.7000000000000001, 1, 0.17, 1119, 0.0025
10, 0.7000000000000001, 1, 0.17, 1188, 0.0025
10, 0.7000000000000001, 1, 0.17, 1258, 0.0025
10, 0.7000000000000001, 1, 0.17, 1330, 0.0025
10, 0.7000000000000001, 1, 0.17, 1331, 0.0025
10, 0.7000000000000001, 1, 0.17, 1332, 0.0025
10, 0.7000000000000001, 1, 0.17, 1333, 0.0025
10, 0.7000000000000001, 1, 0.17, 1334, 0.0025
10, 0.7000000000000001, 1, 0.17, 1406, 0.0025
10, 0.7000000000000001, 1, 0.17, 1407, 0.0025
10, 0.7000000000000001, 1, 0.17, 1408, 0.0025
10, 0.7000000000000001, 1, 0.17, 1409, 0.0025
10, 0.7000000000000001, 1, 0.17, 1410, 0.0025
10, 0.7000000000000001, 1, 0.17, 1482, 0.0025
10, 0.7000000000000001, 1, 0.17, 1483, 0.0025
10, 0.7000000000000001, 1, 0.17, 1484, 0.0025
10, 0.7000000000000001, 1, 0.17, 1485, 0.0025
10, 0.7000000000000001, 1, 0.17, 1486, 0.0025
10, 0.7000000000000001, 1, 0.17, 1560, 0.0025
10, 0.7000000000000001, 1, 0.17, 1561, 0.0025
10, 0.7000000000000001, 1, 0.17, 1562, 0.0025
10, 0.7000000000000001, 1, 0.17, 1563, 0.0025
10, 0.7000000000000001, 1, 0.17, 1641, 0.0025
10, 0.7000000000000001, 1, 0.17, 1642, 0.0025
10, 0.7000000000000001, 1, 0.17, 1724, 0.0025
10, 0.7000000000000001, 19, 0.2, 6472, 0.0025
10, 0.7000000000000001, 19, 0.2, 6473, 0.0025
10, 0.7000000000000001, 19, 0.2, 6474, 0.0025
10, 0.7000000000000001, 19, 0.2, 6475, 0.0025
10, 0.7000000000000001, 19, 0.2, 6603, 0.0025
10, 0.7000000000000001, 19, 0.2, 6604, 0.0025
10, 0.7000000000000001, 19, 0.2, 6605, 0.0025
10, 0.7000000000000001, 19, 0.2, 6606, 0.0025
10, 0.7000000000000001, 19, 0.2, 6607, 0.0025
10, 0.7000000000000001, 19, 0.2, 6608, 0.0025
10, 0.7000000000000001, 19, 0.2, 6609, 0.0025
10, 0.7000000000000001, 19, 0.2, 6736, 0.0025
10, 0.7000000000000001, 19, 0.2, 6737, 0.0025
10, 0.7000000000000001, 19, 0.2, 6738, 0.0025
10, 0.7000000000000001, 19, 0.2, 6739, 0.0025
10, 0.7000000000000001, 19, 0.2, 6740, 0.0025
10, 0.7000000000000001, 19, 0.2, 6741, 0.0025
10, 0.7000000000000001, 19, 0.2, 6742, 0.0025
10, 0.7000000000000001, 19, 0.2, 6869, 0.0025
10, 0.7000000000000001, 19, 0.2, 6870, 0.0025
10, 0.7000000000000001, 19, 0.2, 6871, 0.0025
10, 0.7000000000000001, 19, 0.2, 6872, 0.0025
10, 0.7000000000000001, 19, 0.2, 6873, 0.0025
10, 0.7000000000000001, 19, 0.2, 6874, 0.0025
10, 0.7000000000000001, 19, 0.2, 6875, 0.0025
10, 0.7000000000000001, 19, 0.2, 6876, 0.0025
10, 0.7000000000000001, 19, 0.2, 7003, 0.0025
10, 0.7000000000000001, 19, 0.2, 7004, 0.0025
10, 0.7000000000000001, 19, 0.2, 7005, 0.0025
10, 0.7000000000000001, 19, 0.2, 7006, 0.0025
10, 0.7000000000000001, 19, 0.2, 7007, 0.0025
10, 0.7000000000000001, 19, 0.2, 7008, 0.0025
10, 0.7000000000000001, 19, 0.2, 7009, 0.0025
10, 0.7000000000000001, 19, 0.2, 7010, 0.0025
10, 0.7000000000000001, 19, 0.2, 7136, 0.0025
10, 0.7000000000000001, 19, 0.2, 7137, 0.0025
10, 0.7000000000000001, 19, 0.2, 7138, 0.0025
10, 0.7000000000000001, 19, 0.2, 7139, 0.0025
10, 0.7000000000000001, 19, 0.2, 7140, 0.0025
10, 0.7000000000000001, 19, 0.2, 7141, 0.0025
10, 0.7000000000000001, 19, 0.2, 7142, 0.0025
10, 0.7000000000000001, 19, 0.2, 7143, 0.0025
10, 0.7000000000000001, 19, 0.2, 7144, 0.0025
10, 0.7000000000000001, 19, 0.2, 7271, 0.0025
10, 0.7000000000000001, 19, 0.2, 7272, 0.0025
10, 0.7000000000000001, 19, 0.2, 7273, 0.0025
10, 0.7000000000000001, 19, 0.2, 7274, 0.0025
10, 0.7000000000000001, 19, 0.2, 7275, 0.0025
10, 0.7000000000000001, 19, 0.2, 7276, 0.0025
10, 0.7000000000000001, 19, 0.2, 7277, 0.0025
10, 0.7000000000000001, 19, 0.2, 7278, 0.0025
10, 0.7000000000000001, 19, 0.2, 7279, 0.0025
10, 0.7000000000000001, 19, 0.2, 7280, 0.0025
10, 0.7000000000000001, 19, 0.2, 7281, 0.0025
10, 0.7000000000000001, 19, 0.2, 7407, 0.0025
10, 0.7000000000000001, 19, 0.2, 7408, 0.0025
10, 0.7000000000000001, 19, 0.2, 7409, 0.0025
10, 0.7000000000000001, 19, 0.2, 7410, 0.0025
10, 0.7000000000000001, 19, 0.2, 7411, 0.0025
10, 0.7000000000000001, 19, 0.2, 7412, 0.0025
10, 0.7000000000000001, 19, 0.2, 7413, 0.0025
10, 0.7000000000000001, 19, 0.2, 7414, 0.0025
10, 0.7000000000000001, 19, 0.2, 7415, 0.0025
10, 0.7000000000000001, 19, 0.2, 7416, 0.0025
10, 0.7000000000000001, 19, 0.2, 7545, 0.0025
10, 0.7000000000000001, 19, 0.2, 7546, 0.0025
10, 0.7000000000000001, 19, 0.2, 7547, 0.0025
10, 0.7000000000000001, 19, 0.2, 7548, 0.0025
10, 0.7000000000000001, 19, 0.2, 7549, 0.0025
10, 0.7000000000000001, 19, 0.2, 7550, 0.0025
10, 0.7000000000000001, 19, 0.2, 7551, 0.0025
10, 0.7000000000000001, 19, 0.2, 7552, 0.0025
10, 0.7000000000000001, 19, 0.2, 7553, 0.0025
10, 0.7000000000000001, 19, 0.2, 7684, 0.0025
10, 0.7000000000000001, 19, 0.2, 7685, 0.0025
10, 0.7000000000000001, 19, 0.2, 7686, 0.0025
10, 0.7000000000000001, 19, 0.2, 7687, 0.0025
10, 0.7000000000000001, 19, 0.2, 7688, 0.0025
10, 0.7000000000000001, 19, 0.2, 7689, 0.0025
10, 0.7000000000000001, 19, 0.2, 7690, 0.0025
10, 0.7000000000000001, 19, 0.2, 7824, 0.0025
10, 0.7000000000000001, 31, 0.0875, 11242, 0.0025
10, 0.7000000000000001, 31, 0.0875, 11353, 0.0025
10, 0.7000000000000001, 31, 0.0875, 11469, 0.0025
10, 0.7000000000000001, 31, 0.0875, 11580, 0.0025
10, 0.7000000000000001, 31, 0.0875, 11581, 0.0025
10, 0.7000000000000001, 31, 0.0875, 11582, 0.0025
10, 0.7000000000000001, 31, 0.0875, 11694, 0.0025
10, 0.7000000000000001, 31, 0.0875, 11695, 0.0025
10, 0.7000000000000001, 31, 0.0875, 11696, 0.0025
10, 0.7000000000000001, 31, 0.0875, 11807, 0.0025
10, 0.7000000000000001, 31, 0.0875, 11808, 0.0025
10, 0.7000000000000001, 31, 0.0875, 11809, 0.0025
10, 0.7000000000000001, 31, 0.0875, 11810, 0.0025
10, 0.7000000000000001, 31, 0.0875, 11919, 0.0025
10, 0.7000000000000001, 31, 0.0875, 11920, 0.0025
10, 0.7000000000000001, 31, 0.0875, 11921, 0.0025
10, 0.7000000000000001, 31, 0.0875, 12030, 0.0025
10, 0.7000000000000001, 31, 0.0875, 12032, 0.0025
10, 0.7000000000000001, 31, 0.0875, 12033, 0.0025
10, 0.7000000000000001, 31, 0.0875, 12034, 0.0025
10, 0.7000000000000001, 31, 0.0875, 12035, 0.0025
10, 0.7000000000000001, 31, 0.0875, 12142, 0.0025
10, 0.7000000000000001, 31, 0.0875, 12143, 0.0025
10, 0.7000000000000001, 31, 0.0875, 12146, 0.0025
10, 0.7000000000000001, 31, 0.0875, 12147, 0.0025
10, 0.7000000000000001, 31, 0.0875, 12148, 0.0025
10, 0.7000000000000001, 31, 0.0875, 12251, 0.0025
10, 0.7000000000000001, 31, 0.0875, 12253, 0.0025
10, 0.7000000000000001, 31, 0.0875, 12254, 0.0025
10, 0.7000000000000001, 31, 0.0875, 12255, 0.0025
10, 0.7000000000000001, 31, 0.0875, 12256, 0.0025
10, 0.7000000000000001, 31, 0.0875, 12361, 0.0025
10, 0.7000000000000001, 31, 0.0875, 12362, 0.0025
10, 0.7000000000000001, 31, 0.0875, 12363, 0.0025
10, 0.7000000000000001, 31, 0.0875, 12364, 0.0025
10, 0.7000000000000001, 31, 0.0875, 12473, 0.0025
10, 0.7000000000000001, 41, 0.1775, 16651, 0.0025
10, 0.7000000000000001, 41, 0.1775, 16754, 0.0025
10, 0.7000000000000001, 41, 0.1775, 16755, 0.0025
10, 0.7000000000000001, 41, 0.1775, 16870, 0.0025
10, 0.7000000000000001, 41, 0.1775, 16986, 0.0025
10, 0.7000000000000001, 41, 0.1775, 16987, 0.0025
10, 0.7000000000000001, 41, 0.1775, 17087, 0.0025
10, 0.7000000000000001, 41, 0.1775, 17091, 0.0025
10, 0.7000000000000001, 41, 0.1775, 17092, 0.0025
10, 0.7000000000000001, 41, 0.1775, 17093, 0.0025
10, 0.7000000000000001, 41, 0.1775, 17094, 0.0025
10, 0.7000000000000001, 41, 0.1775, 17095, 0.0025
10, 0.7000000000000001, 41, 0.1775, 17190, 0.0025
10, 0.7000000000000001, 41, 0.1775, 17197, 0.0025
10, 0.7000000000000001, 41, 0.1775, 17198, 0.0025
10, 0.7000000000000001, 41, 0.1775, 17200, 0.0025
10, 0.7000000000000001, 41, 0.1775, 17293, 0.0025
10, 0.7000000000000001, 41, 0.1775, 17295, 0.0025
10, 0.7000000000000001, 41, 0.1775, 17299, 0.0025
10, 0.7000000000000001, 41, 0.1775, 17301, 0.0025
10, 0.7000000000000001, 41, 0.1775, 17303, 0.0025
10, 0.7000000000000001, 41, 0.1775, 17395, 0.0025
10, 0.7000000000000001, 41, 0.1775, 17401, 0.0025
10, 0.7000000000000001, 41, 0.1775, 17402, 0.0025
10, 0.7000000000000001, 41, 0.1775, 17404, 0.0025
10, 0.7000000000000001, 41, 0.1775, 17405, 0.0025
10, 0.7000000000000001, 41, 0.1775, 17503, 0.0025
10, 0.7000000000000001, 41, 0.1775, 17504, 0.0025
10, 0.7000000000000001, 41, 0.1775, 17505, 0.0025
10, 0.7000000000000001, 41, 0.1775, 17506, 0.0025
10, 0.7000000000000001, 41, 0.1775, 17508, 0.0025
10, 0.7000000000000001, 41, 0.1775, 17509, 0.0025
10, 0.7000000000000001, 41, 0.1775, 17602, 0.0025
10, 0.7000000000000001, 41, 0.1775, 17603, 0.0025
10, 0.7000000000000001, 41, 0.1775, 17604, 0.0025
10, 0.7000000000000001, 41, 0.1775, 17605, 0.0025
10, 0.7000000000000001, 41, 0.1775, 17606, 0.0025
10, 0.7000000000000001, 41, 0.1775, 17607, 0.0025
10, 0.7000000000000001, 41, 0.1775, 17608, 0.0025
10, 0.7000000000000001, 41, 0.1775, 17609, 0.0025
10, 0.7000000000000001, 41, 0.1775, 17696, 0.0025
10, 0.7000000000000001, 41, 0.1775, 17697, 0.0025
10, 0.7000000000000001, 41, 0.1775, 17698, 0.0025
10, 0.7000000000000001, 41, 0.1775, 17699, 0.0025
10, 0.7000000000000001, 41, 0.1775, 17700, 0.0025
10, 0.7000000000000001, 41, 0.1775, 17702, 0.0025
10, 0.7000000000000001, 41, 0.1775, 17703, 0.0025
10, 0.7000000000000001, 41, 0.1775, 17704, 0.0025
10, 0.7000000000000001, 41, 0.1775, 17790, 0.0025
10, 0.7000000000000001, 41, 0.1775, 17791, 0.0025
10, 0.7000000000000001, 41, 0.1775, 17792, 0.0025
10, 0.7000000000000001, 41, 0.1775, 17793, 0.0025
10, 0.7000000000000001, 41, 0.1775, 17794, 0.0025
10, 0.7000000000000001, 41, 0.1775, 17795, 0.0025
10, 0.7000000000000001, 41, 0.1775, 17797, 0.0025
10, 0.7000000000000001, 41, 0.1775, 17885, 0.0025
10, 0.7000000000000001, 41, 0.1775, 17888, 0.0025
10, 0.7000000000000001, 41, 0.1775, 17889, 0.0025
10, 0.7000000000000001, 41, 0.1775, 17890, 0.0025
10, 0.7000000000000001, 41, 0.1775, 17976, 0.0025
10, 0.7000000000000001, 41, 0.1775, 17978, 0.0025
10, 0.7000000000000001, 41, 0.1775, 17980, 0.0025
10, 0.7000000000000001, 41, 0.1775, 17982, 0.0025
10, 0.7000000000000001, 41, 0.1775, 18060, 0.0025
10, 0.7000000000000001, 41, 0.1775, 18062, 0.0025
10, 0.7000000000000001, 41, 0.1775, 18064, 0.0025
10, 0.7000000000000001, 41, 0.1775, 18066, 0.0025
10, 0.7000000000000001, 41, 0.1775, 18149, 0.0025
10, 0.7000000000000001, 41, 0.1775, 18150, 0.0025
10, 0.7000000000000001, 41, 0.1775, 18232, 0.0025
10, 0.7000000000000001, 41, 0.1775, 18233, 0.0025
10, 0.7000000000000001, 41, 0.1775, 18234, 0.0025
10, 0.7000000000000001, 64, 0.0525, 30902, 0.0025
10, 0.7000000000000001, 64, 0.0525, 31097, 0.0025
10, 0.7000000000000001, 64, 0.0525, 31192, 0.0025
10, 0.7000000000000001, 64, 0.0525, 31372, 0.0025
10, 0.7000000000000001, 64, 0.0525, 31373, 0.0025
10, 0.7000000000000001, 64, 0.0525, 31468, 0.0025
10, 0.7000000000000001, 64, 0.0525, 31469, 0.0025
10, 0.7000000000000001, 64, 0.0525, 31744, 0.0025
10, 0.7000000000000001, 64, 0.0525, 31745, 0.0025
10, 0.7000000000000001, 64, 0.0525, 31837, 0.0025
10, 0.7000000000000001, 64, 0.0525, 31929, 0.0025
10, 0.7000000000000001, 64, 0.0525, 31930, 0.0025
10, 0.7000000000000001, 64, 0.0525, 31931, 0.0025
10, 0.7000000000000001, 64, 0.0525, 32019, 0.0025
10, 0.7000000000000001, 64, 0.0525, 32024, 0.0025
10, 0.7000000000000001, 64, 0.0525, 32026, 0.0025
10, 0.7000000000000001, 64, 0.0525, 32027, 0.0025
10, 0.7000000000000001, 64, 0.0525, 32028, 0.0025
10, 0.7000000000000001, 64, 0.0525, 32120, 0.0025
10, 0.7000000000000001, 64, 0.0525, 32205, 0.0025
10, 0.7000000000000001, 64, 0.0525, 32206, 0.0025
10, 0.7000000000000001, 64, 0.0525, 32211, 0.0025
10, 0.7000000000000001, 71, 0.035, 33731, 0.0025
10, 0.7000000000000001, 71, 0.035, 33808, 0.0025
10, 0.7000000000000001, 71, 0.035, 35055, 0.0025
10, 0.7000000000000001, 71, 0.035, 35056, 0.0025
10, 0.7000000000000001, 71, 0.035, 35342, 0.0025
10, 0.7000000000000001, 71, 0.035, 35416, 0.0025
10, 0.7000000000000001, 71, 0.035, 35558, 0.0025
10, 0.7000000000000001, 71, 0.035, 35559, 0.0025
10, 0.7000000000000001, 71, 0.035, 35625, 0.0025
10, 0.7000000000000001, 71, 0.035, 35626, 0.0025
10, 0.7000000000000001, 71, 0.035, 35627, 0.0025
10, 0.7000000000000001, 71, 0.035, 35628, 0.0025
10, 0.7000000000000001, 71, 0.035, 35699, 0.0025
10, 0.7000000000000001, 71, 0.035, 35700, 0.0025
10, 0.7000000000000001, 71, 0.035, 35772, 0.0025
10, 0.7000000000000001, 98, 0.05249999999999977, 48314, 0.0025
10, 0.7000000000000001, 98, 0.05249999999999977, 48978, 0.0025
10, 0.7000000000000001, 98, 0.05249999999999977, 48979, 0.0025
10, 0.7000000000000001, 98, 0.05249999999999977, 49250, 0.0025
10, 0.7000000000000001, 98, 0.05249999999999977, 49251, 0.0025
10, 0.7000000000000001, 98, 0.05249999999999977, 49253, 0.0025
10, 0.7000000000000001, 98, 0.05249999999999977, 49377, 0.0025
10, 0.7000000000000001, 98, 0.05249999999999977, 49511, 0.0025
10, 0.7000000000000001, 98, 0.05249999999999977, 49516, 0.0025
10, 0.7000000000000001, 98, 0.05249999999999977, 49650, 0.0025
10, 0.7000000000000001, 98, 0.05249999999999977, 49651, 0.0025
10, 0.7000000000000001, 98, 0.05249999999999977, 49785, 0.0025
10, 0.7000000000000001, 98, 0.05249999999999977, 49920, 0.0025
10, 0.7000000000000001, 98, 0.05249999999999977, 49921, 0.0025
10, 0.7000000000000001, 98, 0.05249999999999977, 50062, 0.0025
10, 0.7000000000000001, 98, 0.05249999999999977, 50063, 0.0025
10, 0.7000000000000001, 98, 0.05249999999999977, 50064, 0.0025
10, 0.7000000000000001, 98, 0.05249999999999977, 50065, 0.0025
10, 0.7000000000000001, 98, 0.05249999999999977, 50066, 0.0025
10, 0.7000000000000001, 98, 0.05249999999999977, 50208, 0.0025
10, 0.7000000000000001, 98, 0.05249999999999977, 50350, 0.0025
10, 0.7000000000000001, 98, 0.05249999999999977, 50627, 0.0025
10, 0.7000000000000001, 116, 0.1049999999999999, 56241, 0.0025
10, 0.7000000000000001, 116, 0.1049999999999999, 56242, 0.0025
10, 0.7000000000000001, 116, 0.1049999999999999, 56389, 0.0025
10, 0.7000000000000001, 116, 0.1049999999999999, 56390, 0.0025
10, 0.7000000000000001, 116, 0.1049999999999999, 56537, 0.0025
10, 0.7000000000000001, 116, 0.1049999999999999, 56538, 0.0025
10, 0.7000000000000001, 116, 0.1049999999999999, 56539, 0.0025
10, 0.7000000000000001, 116, 0.1049999999999999, 56684, 0.0025
10, 0.7000000000000001, 116, 0.1049999999999999, 56685, 0.0025
10, 0.7000000000000001, 116, 0.1049999999999999, 56835, 0.0025
10, 0.7000000000000001, 116, 0.1049999999999999, 56836, 0.0025
10, 0.7000000000000001, 116, 0.1049999999999999, 56983, 0.0025
10, 0.7000000000000001, 116, 0.1049999999999999, 56985, 0.0025
10, 0.7000000000000001, 116, 0.1049999999999999, 56986, 0.0025
10, 0.7000000000000001, 116, 0.1049999999999999, 57134, 0.0025
10, 0.7000000000000001, 116, 0.1049999999999999, 57283, 0.0025
10, 0.7000000000000001, 116, 0.1049999999999999, 57285, 0.0025
10, 0.7000000000000001, 116, 0.1049999999999999, 57435, 0.0025
10, 0.7000000000000001, 116, 0.1049999999999999, 57437, 0.0025
10, 0.7000000000000001, 116, 0.1049999999999999, 57589, 0.0025
10, 0.7000000000000001, 116, 0.1049999999999999, 57903, 0.0025
10, 0.7000000000000001, 116, 0.1049999999999999, 57904, 0.0025
10, 0.7000000000000001, 116, 0.1049999999999999, 57905, 0.0025
10, 0.7000000000000001, 116, 0.1049999999999999, 58060, 0.0025
10, 0.7000000000000001, 116, 0.1049999999999999, 58061, 0.0025
10, 0.7000000000000001, 116, 0.1049999999999999, 58062, 0.0025
10, 0.7000000000000001, 116, 0.1049999999999999, 58213, 0.0025
10, 0.7000000000000001, 116, 0.1049999999999999, 58214, 0.0025
10, 0.7000000000000001, 116, 0.1049999999999999, 58215, 0.0025
10, 0.7000000000000001, 116, 0.1049999999999999, 58216, 0.0025
10, 0.7000000000000001, 116, 0.1049999999999999, 58217, 0.0025
10, 0.7000000000000001, 116, 0.1049999999999999, 58372, 0.0025
10, 0.7000000000000001, 116, 0.1049999999999999, 58374, 0.0025
10, 0.7000000000000001, 116, 0.1049999999999999, 58535, 0.0025
10, 0.7000000000000001, 116, 0.1049999999999999, 58536, 0.0025
10, 0.7000000000000001, 116, 0.1049999999999999, 58537, 0.0025
10, 0.7000000000000001, 116, 0.1049999999999999, 58538, 0.0025
10, 0.7000000000000001, 116, 0.1049999999999999, 58539, 0.0025
10, 0.7000000000000001, 116, 0.1049999999999999, 58702, 0.0025
10, 0.7000000000000001, 116, 0.1049999999999999, 58703, 0.0025
10, 0.7000000000000001, 116, 0.1049999999999999, 58873, 0.0025
10, 0.7000000000000001, 116, 0.1049999999999999, 59041, 0.0025
10, 0.7000000000000001, 116, 0.1049999999999999, 59042, 0.0025
10, 0.7000000000000001, 137, 0.06999999999999994, 62563, 0.0025
10, 0.7000000000000001, 137, 0.06999999999999994, 62564, 0.0025
10, 0.7000000000000001, 137, 0.06999999999999994, 62566, 0.0025
10, 0.7000000000000001, 137, 0.06999999999999994, 62567, 0.0025
10, 0.7000000000000001, 137, 0.06999999999999994, 62739, 0.0025
10, 0.7000000000000001, 137, 0.06999999999999994, 62740, 0.0025
10, 0.7000000000000001, 137, 0.06999999999999994, 62741, 0.0025
10, 0.7000000000000001, 137, 0.06999999999999994, 62910, 0.0025
10, 0.7000000000000001, 137, 0.06999999999999994, 62911, 0.0025
10, 0.7000000000000001, 137, 0.06999999999999994, 62913, 0.0025
10, 0.7000000000000001, 137, 0.06999999999999994, 63087, 0.0025
10, 0.7000000000000001, 137, 0.06999999999999994, 63088, 0.0025
10, 0.7000000000000001, 137, 0.06999999999999994, 63089, 0.0025
10, 0.7000000000000001, 137, 0.06999999999999994, 63254, 0.0025
10, 0.7000000000000001, 137, 0.06999999999999994, 63255, 0.0025
10, 0.7000000000000001, 137, 0.06999999999999994, 63258, 0.0025
10, 0.7000000000000001, 137, 0.06999999999999994, 63421, 0.0025
10, 0.7000000000000001, 137, 0.06999999999999994, 63422, 0.0025
10, 0.7000000000000001, 137, 0.06999999999999994, 63423, 0.0025
10, 0.7000000000000001, 137, 0.06999999999999994, 63587, 0.0025
10, 0.7000000000000001, 137, 0.06999999999999994, 63592, 0.0025
10, 0.7000000000000001, 137, 0.06999999999999994, 63757, 0.0025
10, 0.7000000000000001, 137, 0.06999999999999994, 63919, 0.0025
10, 0.7000000000000001, 137, 0.06999999999999994, 63920, 0.0025
10, 0.7000000000000001, 137, 0.06999999999999994, 64080, 0.0025
10, 0.7000000000000001, 137, 0.06999999999999994, 64081, 0.0025
10, 0.7000000000000001, 137, 0.06999999999999994, 64082, 0.0025
10, 0.7000000000000001, 137, 0.06999999999999994, 64400, 0.0025
10, 0.7000000000000001, 137, 0.06999999999999994, 64712, 0.0025
10, 0.7000000000000001, 144, 0.05, 65835, 0.0025
10, 0.7000000000000001, 144, 0.05, 65836, 0.0025
10, 0.7000000000000001, 144, 0.05, 65837, 0.0025
10, 0.7000000000000001, 144, 0.05, 65975, 0.0025
10, 0.7000000000000001, 144, 0.05, 65976, 0.0025
10, 0.7000000000000001, 144, 0.05, 65977, 0.0025
10, 0.7000000000000001, 144, 0.05, 65978, 0.0025
10, 0.7000000000000001, 144, 0.05, 66113, 0.0025
10, 0.7000000000000001, 144, 0.05, 66118, 0.0025
10, 0.7000000000000001, 144, 0.05, 66249, 0.0025
10, 0.7000000000000001, 144, 0.05, 66251, 0.0025
10, 0.7000000000000001, 144, 0.05, 66258, 0.0025
10, 0.7000000000000001, 144, 0.05, 66259, 0.0025
10, 0.7000000000000001, 144, 0.05, 66387, 0.0025
10, 0.7000000000000001, 144, 0.05, 66390, 0.0025
10, 0.7000000000000001, 144, 0.05, 66393, 0.0025
10, 0.7000000000000001, 144, 0.05, 66523, 0.0025
10, 0.7000000000000001, 144, 0.05, 66524, 0.0025
10, 0.7000000000000001, 144, 0.05, 66787, 0.0025
10, 0.7000000000000001, 144, 0.05, 66788, 0.0025
10, 0.7000000000000001, 144, 0.05, 66915, 0.0025
10, 0.75, 1, 0.165, 550, 0.0025
10, 0.75, 1, 0.165, 598, 0.0025
10, 0.75, 1, 0.165, 599, 0.0025
10, 0.75, 1, 0.165, 600, 0.0025
10, 0.75, 1, 0.165, 601, 0.0025
10, 0.75, 1, 0.165, 602, 0.0025
10, 0.75, 1, 0.165, 603, 0.0025
10, 0.75, 1, 0.165, 604, 0.0025
10, 0.75, 1, 0.165, 648, 0.0025
10, 0.75, 1, 0.165, 649, 0.0025
10, 0.75, 1, 0.165, 650, 0.0025
10, 0.75, 1, 0.165, 651, 0.0025
10, 0.75, 1, 0.165, 652, 0.0025
10, 0.75, 1, 0.165, 653, 0.0025
10, 0.75, 1, 0.165, 654, 0.0025
10, 0.75, 1, 0.165, 701, 0.0025
10, 0.75, 1, 0.165, 702, 0.0025
10, 0.75, 1, 0.165, 703, 0.0025
10, 0.75, 1, 0.165, 704, 0.0025
10, 0.75, 1, 0.165, 705, 0.0025
10, 0.75, 1, 0.165, 706, 0.0025
10, 0.75, 1, 0.165, 707, 0.0025
10, 0.75, 1, 0.165, 756, 0.0025
10, 0.75, 1, 0.165, 757, 0.0025
10, 0.75, 1, 0.165, 758, 0.0025
10, 0.75, 1, 0.165, 759, 0.0025
10, 0.75, 1, 0.165, 760, 0.0025
10, 0.75, 1, 0.165, 761, 0.0025
10, 0.75, 1, 0.165, 762, 0.0025
10, 0.75, 1, 0.165, 814, 0.0025
10, 0.75, 1, 0.165, 815, 0.0025
10, 0.75, 1, 0.165, 816, 0.0025
10, 0.75, 1, 0.165, 817, 0.0025
10, 0.75, 1, 0.165, 818, 0.0025
10, 0.75, 1, 0.165, 874, 0.0025
10, 0.75, 1, 0.165, 875, 0.0025
10, 0.75, 1, 0.165, 876, 0.0025
10, 0.75, 1, 0.165, 877, 0.0025
10, 0.75, 1, 0.165, 936, 0.0025
10, 0.75, 1, 0.165, 937, 0.0025
10, 0.75, 1, 0.165, 938, 0.0025
10, 0.75, 1, 0.165, 1053, 0.0025
10, 0.75, 1, 0.165, 1119, 0.0025
10, 0.75, 1, 0.165, 1188, 0.0025
10, 0.75, 1, 0.165, 1258, 0.0025
10, 0.75, 1, 0.165, 1330, 0.0025
10, 0.75, 1, 0.165, 1331, 0.0025
10, 0.75, 1, 0.165, 1332, 0.0025
10, 0.75, 1, 0.165, 1333, 0.0025
10, 0.75, 1, 0.165, 1334, 0.0025
10, 0.75, 1, 0.165, 1406, 0.0025
10, 0.75, 1, 0.165, 1407, 0.0025
10, 0.75, 1, 0.165, 1408, 0.0025
10, 0.75, 1, 0.165, 1409, 0.0025
10, 0.75, 1, 0.165, 1410, 0.0025
10, 0.75, 1, 0.165, 1482, 0.0025
10, 0.75, 1, 0.165, 1483, 0.0025
10, 0.75, 1, 0.165, 1484, 0.0025
10, 0.75, 1, 0.165, 1485, 0.0025
10, 0.75, 1, 0.165, 1486, 0.0025
10, 0.75, 1, 0.165, 1560, 0.0025
10, 0.75, 1, 0.165, 1561, 0.0025
10, 0.75, 1, 0.165, 1562, 0.0025
10, 0.75, 1, 0.165, 1563, 0.0025
10, 0.75, 1, 0.165, 1641, 0.0025
10, 0.75, 1, 0.165, 1642, 0.0025
10, 0.75, 1, 0.165, 1724, 0.0025
10, 0.75, 19, 0.2, 6472, 0.0025
10, 0.75, 19, 0.2, 6473, 0.0025
10, 0.75, 19, 0.2, 6474, 0.0025
10, 0.75, 19, 0.2, 6475, 0.0025
10, 0.75, 19, 0.2, 6603, 0.0025
10, 0.75, 19, 0.2, 6604, 0.0025
10, 0.75, 19, 0.2, 6605, 0.0025
10, 0.75, 19, 0.2, 6606, 0.0025
10, 0.75, 19, 0.2, 6607, 0.0025
10, 0.75, 19, 0.2, 6608, 0.0025
10, 0.75, 19, 0.2, 6609, 0.0025
10, 0.75, 19, 0.2, 6736, 0.0025
10, 0.75, 19, 0.2, 6737, 0.0025
10, 0.75, 19, 0.2, 6738, 0.0025
10, 0.75, 19, 0.2, 6739, 0.0025
10, 0.75, 19, 0.2, 6740, 0.0025
10, 0.75, 19, 0.2, 6741, 0.0025
10, 0.75, 19, 0.2, 6742, 0.0025
10, 0.75, 19, 0.2, 6869, 0.0025
10, 0.75, 19, 0.2, 6870, 0.0025
10, 0.75, 19, 0.2, 6871, 0.0025
10, 0.75, 19, 0.2, 6872, 0.0025
10, 0.75, 19, 0.2, 6873, 0.0025
10, 0.75, 19, 0.2, 6874, 0.0025
10, 0.75, 19, 0.2, 6875, 0.0025
10, 0.75, 19, 0.2, 6876, 0.0025
10, 0.75, 19, 0.2, 7003, 0.0025
10, 0.75, 19, 0.2, 7004, 0.0025
10, 0.75, 19, 0.2, 7005, 0.0025
10, 0.75, 19, 0.2, 7006, 0.0025
10, 0.75, 19, 0.2, 7007, 0.0025
10, 0.75, 19, 0.2, 7008, 0.0025
10, 0.75, 19, 0.2, 7009, 0.0025
10, 0.75, 19, 0.2, 7010, 0.0025
10, 0.75, 19, 0.2, 7136, 0.0025
10, 0.75, 19, 0.2, 7137, 0.0025
10, 0.75, 19, 0.2, 7138, 0.0025
10, 0.75, 19, 0.2, 7139, 0.0025
10, 0.75, 19, 0.2, 7140, 0.0025
10, 0.75, 19, 0.2, 7141, 0.0025
10, 0.75, 19, 0.2, 7142, 0.0025
10, 0.75, 19, 0.2, 7143, 0.0025
10, 0.75, 19, 0.2, 7144, 0.0025
10, 0.75, 19, 0.2, 7271, 0.0025
10, 0.75, 19, 0.2, 7272, 0.0025
10, 0.75, 19, 0.2, 7273, 0.0025
10, 0.75, 19, 0.2, 7274, 0.0025
10, 0.75, 19, 0.2, 7275, 0.0025
10, 0.75, 19, 0.2, 7276, 0.0025
10, 0.75, 19, 0.2, 7277, 0.0025
10, 0.75, 19, 0.2, 7278, 0.0025
10, 0.75, 19, 0.2, 7279, 0.0025
10, 0.75, 19, 0.2, 7280, 0.0025
10, 0.75, 19, 0.2, 7281, 0.0025
10, 0.75, 19, 0.2, 7407, 0.0025
10, 0.75, 19, 0.2, 7408, 0.0025
10, 0.75, 19, 0.2, 7409, 0.0025
10, 0.75, 19, 0.2, 7410, 0.0025
10, 0.75, 19, 0.2, 7411, 0.0025
10, 0.75, 19, 0.2, 7412, 0.0025
10, 0.75, 19, 0.2, 7413, 0.0025
10, 0.75, 19, 0.2, 7414, 0.0025
10, 0.75, 19, 0.2, 7415, 0.0025
10, 0.75, 19, 0.2, 7416, 0.0025
10, 0.75, 19, 0.2, 7545, 0.0025
10, 0.75, 19, 0.2, 7546, 0.0025
10, 0.75, 19, 0.2, 7547, 0.0025
10, 0.75, 19, 0.2, 7548, 0.0025
10, 0.75, 19, 0.2, 7549, 0.0025
10, 0.75, 19, 0.2, 7550, 0.0025
10, 0.75, 19, 0.2, 7551, 0.0025
10, 0.75, 19, 0.2, 7552, 0.0025
10, 0.75, 19, 0.2, 7553, 0.0025
10, 0.75, 19, 0.2, 7684, 0.0025
10, 0.75, 19, 0.2, 7685, 0.0025
10, 0.75, 19, 0.2, 7686, 0.0025
10, 0.75, 19, 0.2, 7687, 0.0025
10, 0.75, 19, 0.2, 7688, 0.0025
10, 0.75, 19, 0.2, 7689, 0.0025
10, 0.75, 19, 0.2, 7690, 0.0025
10, 0.75, 19, 0.2, 7824, 0.0025
10, 0.75, 31, 0.08500000000000005, 11242, 0.0025
10, 0.75, 31, 0.08500000000000005, 11353, 0.0025
10, 0.75, 31, 0.08500000000000005, 11469, 0.0025
10, 0.75, 31, 0.08500000000000005, 11580, 0.0025
10, 0.75, 31, 0.08500000000000005, 11581, 0.0025
10, 0.75, 31, 0.08500000000000005, 11582, 0.0025
10, 0.75, 31, 0.08500000000000005, 11694, 0.0025
10, 0.75, 31, 0.08500000000000005, 11695, 0.0025
10, 0.75, 31, 0.08500000000000005, 11696, 0.0025
10, 0.75, 31, 0.08500000000000005, 11807, 0.0025
10, 0.75, 31, 0.08500000000000005, 11808, 0.0025
10, 0.75, 31, 0.08500000000000005, 11809, 0.0025
10, 0.75, 31, 0.08500000000000005, 11810, 0.0025
10, 0.75, 31, 0.08500000000000005, 11919, 0.0025
10, 0.75, 31, 0.08500000000000005, 11920, 0.0025
10, 0.75, 31, 0.08500000000000005, 11921, 0.0025
10, 0.75, 31, 0.08500000000000005, 12030, 0.0025
10, 0.75, 31, 0.08500000000000005, 12032, 0.0025
10, 0.75, 31, 0.08500000000000005, 12033, 0.0025
10, 0.75, 31, 0.08500000000000005, 12034, 0.0025
10, 0.75, 31, 0.08500000000000005, 12035, 0.0025
10, 0.75, 31, 0.08500000000000005, 12142, 0.0025
10, 0.75, 31, 0.08500000000000005, 12143, 0.0025
10, 0.75, 31, 0.08500000000000005, 12146, 0.0025
10, 0.75, 31, 0.08500000000000005, 12147, 0.0025
10, 0.75, 31, 0.08500000000000005, 12148, 0.0025
10, 0.75, 31, 0.08500000000000005, 12251, 0.0025
10, 0.75, 31, 0.08500000000000005, 12253, 0.0025
10, 0.75, 31, 0.08500000000000005, 12254, 0.0025
10, 0.75, 31, 0.08500000000000005, 12255, 0.0025
10, 0.75, 31, 0.08500000000000005, 12256, 0.0025
10, 0.75, 31, 0.08500000000000005, 12362, 0.0025
10, 0.75, 31, 0.08500000000000005, 12363, 0.0025
10, 0.75, 31, 0.08500000000000005, 12364, 0.0025
10, 0.75, 31, 0.08500000000000005, 12473, 0.0025
10, 0.75, 41, 0.1775, 16651, 0.0025
10, 0.75, 41, 0.1775, 16754, 0.0025
10, 0.75, 41, 0.1775, 16755, 0.0025
10, 0.75, 41, 0.1775, 16870, 0.0025
10, 0.75, 41, 0.1775, 16986, 0.0025
10, 0.75, 41, 0.1775, 16987, 0.0025
10, 0.75, 41, 0.1775, 17087, 0.0025
10, 0.75, 41, 0.1775, 17091, 0.0025
10, 0.75, 41, 0.1775, 17092, 0.0025
10, 0.75, 41, 0.1775, 17093, 0.0025
10, 0.75, 41, 0.1775, 17094, 0.0025
10, 0.75, 41, 0.1775, 17095, 0.0025
10, 0.75, 41, 0.1775, 17190, 0.0025
10, 0.75, 41, 0.1775, 17197, 0.0025
10, 0.75, 41, 0.1775, 17198, 0.0025
10, 0.75, 41, 0.1775, 17200, 0.0025
10, 0.75, 41, 0.1775, 17293, 0.0025
10, 0.75, 41, 0.1775, 17295, 0.0025
10, 0.75, 41, 0.1775, 17299, 0.0025
10, 0.75, 41, 0.1775, 17301, 0.0025
10, 0.75, 41, 0.1775, 17303, 0.0025
10, 0.75, 41, 0.1775, 17395, 0.0025
10, 0.75, 41, 0.1775, 17401, 0.0025
10, 0.75, 41, 0.1775, 17402, 0.0025
10, 0.75, 41, 0.1775, 17404, 0.0025
10, 0.75, 41, 0.1775, 17405, 0.0025
10, 0.75, 41, 0.1775, 17503, 0.0025
10, 0.75, 41, 0.1775, 17504, 0.0025
10, 0.75, 41, 0.1775, 17505, 0.0025
10, 0.75, 41, 0.1775, 17506, 0.0025
10, 0.75, 41, 0.1775, 17508, 0.0025
10, 0.75, 41, 0.1775, 17509, 0.0025
10, 0.75, 41, 0.1775, 17602, 0.0025
10, 0.75, 41, 0.1775, 17603, 0.0025
10, 0.75, 41, 0.1775, 17604, 0.0025
10, 0.75, 41, 0.1775, 17605, 0.0025
10, 0.75, 41, 0.1775, 17606, 0.0025
10, 0.75, 41, 0.1775, 17607, 0.0025
10, 0.75, 41, 0.1775, 17608, 0.0025
10, 0.75, 41, 0.1775, 17609, 0.0025
10, 0.75, 41, 0.1775, 17696, 0.0025
10, 0.75, 41, 0.1775, 17697, 0.0025
10, 0.75, 41, 0.1775, 17698, 0.0025
10, 0.75, 41, 0.1775, 17699, 0.0025
10, 0.75, 41, 0.1775, 17700, 0.0025
10, 0.75, 41, 0.1775, 17702, 0.0025
10, 0.75, 41, 0.1775, 17703, 0.0025
10, 0.75, 41, 0.1775, 17704, 0.0025
10, 0.75, 41, 0.1775, 17790, 0.0025
10, 0.75, 41, 0.1775, 17791, 0.0025
10, 0.75, 41, 0.1775, 17792, 0.0025
10, 0.75, 41, 0.1775, 17793, 0.0025
10, 0.75, 41, 0.1775, 17794, 0.0025
10, 0.75, 41, 0.1775, 17795, 0.0025
10, 0.75, 41, 0.1775, 17797, 0.0025
10, 0.75, 41, 0.1775, 17885, 0.0025
10, 0.75, 41, 0.1775, 17888, 0.0025
10, 0.75, 41, 0.1775, 17889, 0.0025
10, 0.75, 41, 0.1775, 17890, 0.0025
10, 0.75, 41, 0.1775, 17976, 0.0025
10, 0.75, 41, 0.1775, 17978, 0.0025
10, 0.75, 41, 0.1775, 17980, 0.0025
10, 0.75, 41, 0.1775, 17982, 0.0025
10, 0.75, 41, 0.1775, 18060, 0.0025
10, 0.75, 41, 0.1775, 18062, 0.0025
10, 0.75, 41, 0.1775, 18064, 0.0025
10, 0.75, 41, 0.1775, 18066, 0.0025
10, 0.75, 41, 0.1775, 18149, 0.0025
10, 0.75, 41, 0.1775, 18150, 0.0025
10, 0.75, 41, 0.1775, 18232, 0.0025
10, 0.75, 41, 0.1775, 18233, 0.0025
10, 0.75, 41, 0.1775, 18234, 0.0025
10, 0.75, 64, 0.0525, 30902, 0.0025
10, 0.75, 64, 0.0525, 31097, 0.0025
10, 0.75, 64, 0.0525, 31192, 0.0025
10, 0.75, 64, 0.0525, 31372, 0.0025
10, 0.75, 64, 0.0525, 31373, 0.0025
10, 0.75, 64, 0.0525, 31468, 0.0025
10, 0.75, 64, 0.0525, 31469, 0.0025
10, 0.75, 64, 0.0525, 31744, 0.0025
10, 0.75, 64, 0.0525, 31745, 0.0025
10, 0.75, 64, 0.0525, 31837, 0.0025
10, 0.75, 64, 0.0525, 31929, 0.0025
10, 0.75, 64, 0.0525, 31930, 0.0025
10, 0.75, 64, 0.0525, 31931, 0.0025
10, 0.75, 64, 0.0525, 32019, 0.0025
10, 0.75, 64, 0.0525, 32024, 0.0025
10, 0.75, 64, 0.0525, 32026, 0.0025
10, 0.75, 64, 0.0525, 32027, 0.0025
10, 0.75, 64, 0.0525, 32028, 0.0025
10, 0.75, 64, 0.0525, 32120, 0.0025
10, 0.75, 64, 0.0525, 32205, 0.0025
10, 0.75, 64, 0.0525, 32206, 0.0025
10, 0.75, 64, 0.0525, 32211, 0.0025
10, 0.75, 71, 0.035, 33731, 0.0025
10, 0.75, 71, 0.035, 33808, 0.0025
10, 0.75, 71, 0.035, 35055, 0.0025
10, 0.75, 71, 0.035, 35056, 0.0025
10, 0.75, 71, 0.035, 35342, 0.0025
10, 0.75, 71, 0.035, 35416, 0.0025
10, 0.75, 71, 0.035, 35558, 0.0025
10, 0.75, 71, 0.035, 35559, 0.0025
10, 0.75, 71, 0.035, 35625, 0.0025
10, 0.75, 71, 0.035, 35626, 0.0025
10, 0.75, 71, 0.035, 35627, 0.0025
10, 0.75, 71, 0.035, 35628, 0.0025
10, 0.75, 71, 0.035, 35699, 0.0025
10, 0.75, 71, 0.035, 35700, 0.0025
10, 0.75, 71, 0.035, 35772, 0.0025
10, 0.75, 98, 0.06, 48187, 0.0025
10, 0.75, 98, 0.06, 48314, 0.0025
10, 0.75, 98, 0.06, 48717, 0.0025
10, 0.75, 98, 0.06, 48978, 0.0025
10, 0.75, 98, 0.06, 48979, 0.0025
10, 0.75, 98, 0.06, 49250, 0.0025
10, 0.75, 98, 0.06, 49251, 0.0025
10, 0.75, 98, 0.06, 49253, 0.0025
10, 0.75, 98, 0.06, 49377, 0.0025
10, 0.75, 98, 0.06, 49511, 0.0025
10, 0.75, 98, 0.06, 49516, 0.0025
10, 0.75, 98, 0.06, 49650, 0.0025
10, 0.75, 98, 0.06, 49651, 0.0025
10, 0.75, 98, 0.06, 49785, 0.0025
10, 0.75, 98, 0.06, 49920, 0.0025
10, 0.75, 98, 0.06, 49921, 0.0025
10, 0.75, 98, 0.06, 50062, 0.0025
10, 0.75, 98, 0.06, 50063, 0.0025
10, 0.75, 98, 0.06, 50064, 0.0025
10, 0.75, 98, 0.06, 50065, 0.0025
10, 0.75, 98, 0.06, 50066, 0.0025
10, 0.75, 98, 0.06, 50208, 0.0025
10, 0.75, 98, 0.06, 50350, 0.0025
10, 0.75, 98, 0.06, 50627, 0.0025
10, 0.75, 116, 0.105, 56241, 0.0025
10, 0.75, 116, 0.105, 56242, 0.0025
10, 0.75, 116, 0.105, 56389, 0.0025
10, 0.75, 116, 0.105, 56390, 0.0025
10, 0.75, 116, 0.105, 56537, 0.0025
10, 0.75, 116, 0.105, 56538, 0.0025
10, 0.75, 116, 0.105, 56539, 0.0025
10, 0.75, 116, 0.105, 56684, 0.0025
10, 0.75, 116, 0.105, 56685, 0.0025
10, 0.75, 116, 0.105, 56835, 0.0025
10, 0.75, 116, 0.105, 56836, 0.0025
10, 0.75, 116, 0.105, 56983, 0.0025
10, 0.75, 116, 0.105, 56985, 0.0025
10, 0.75, 116, 0.105, 56986, 0.0025
10, 0.75, 116, 0.105, 57134, 0.0025
10, 0.75, 116, 0.105, 57283, 0.0025
10, 0.75, 116, 0.105, 57285, 0.0025
10, 0.75, 116, 0.105, 57435, 0.0025
10, 0.75, 116, 0.105, 57437, 0.0025
10, 0.75, 116, 0.105, 57589, 0.0025
10, 0.75, 116, 0.105, 57903, 0.0025
10, 0.75, 116, 0.105, 57904, 0.0025
10, 0.75, 116, 0.105, 57905, 0.0025
10, 0.75, 116, 0.105, 58060, 0.0025
10, 0.75, 116, 0.105, 58061, 0.0025
10, 0.75, 116, 0.105, 58062, 0.0025
10, 0.75, 116, 0.105, 58213, 0.0025
10, 0.75, 116, 0.105, 58214, 0.0025
10, 0.75, 116, 0.105, 58215, 0.0025
10, 0.75, 116, 0.105, 58216, 0.0025
10, 0.75, 116, 0.105, 58217, 0.0025
10, 0.75, 116, 0.105, 58372, 0.0025
10, 0.75, 116, 0.105, 58374, 0.0025
10, 0.75, 116, 0.105, 58535, 0.0025
10, 0.75, 116, 0.105, 58536, 0.0025
10, 0.75, 116, 0.105, 58537, 0.0025
10, 0.75, 116, 0.105, 58538, 0.0025
10, 0.75, 116, 0.105, 58539, 0.0025
10, 0.75, 116, 0.105, 58702, 0.0025
10, 0.75, 116, 0.105, 58703, 0.0025
10, 0.75, 116, 0.105, 58873, 0.0025
10, 0.75, 116, 0.105, 59041, 0.0025
10, 0.75, 116, 0.105, 59042, 0.0025
10, 0.75, 137, 0.07, 62563, 0.0025
10, 0.75, 137, 0.07, 62564, 0.0025
10, 0.75, 137, 0.07, 62566, 0.0025
10, 0.75, 137, 0.07, 62567, 0.0025
10, 0.75, 137, 0.07, 62739, 0.0025
10, 0.75, 137, 0.07, 62740, 0.0025
10, 0.75, 137, 0.07, 62741, 0.0025
10, 0.75, 137, 0.07, 62910, 0.0025
10, 0.75, 137, 0.07, 62911, 0.0025
10, 0.75, 137, 0.07, 62913, 0.0025
10, 0.75, 137, 0.07, 63087, 0.0025
10, 0.75, 137, 0.07, 63088, 0.0025
10, 0.75, 137, 0.07, 63089, 0.0025
10, 0.75, 137, 0.07, 63254, 0.0025
10, 0.75, 137, 0.07, 63255, 0.0025
10, 0.75, 137, 0.07, 63258, 0.0025
10, 0.75, 137, 0.07, 63421, 0.0025
10, 0.75, 137, 0.07, 63422, 0.0025
10, 0.75, 137, 0.07, 63423, 0.0025
10, 0.75, 137, 0.07, 63587, 0.0025
10, 0.75, 137, 0.07, 63592, 0.0025
10, 0.75, 137, 0.07, 63757, 0.0025
10, 0.75, 137, 0.07, 63919, 0.0025
10, 0.75, 137, 0.07, 63920, 0.0025
10, 0.75, 137, 0.07, 64080, 0.0025
10, 0.75, 137, 0.07, 64081, 0.0025
10, 0.75, 137, 0.07, 64082, 0.0025
10, 0.75, 137, 0.07, 64400, 0.0025
10, 0.75, 137, 0.07, 64712, 0.0025
10, 0.75, 144, 0.05, 65835, 0.0025
10, 0.75, 144, 0.05, 65836, 0.0025
10, 0.75, 144, 0.05, 65837, 0.0025
10, 0.75, 144, 0.05, 65975, 0.0025
10, 0.75, 144, 0.05, 65976, 0.0025
10, 0.75, 144, 0.05, 65977, 0.0025
10, 0.75, 144, 0.05, 65978, 0.0025
10, 0.75, 144, 0.05, 66113, 0.0025
10, 0.75, 144, 0.05, 66118, 0.0025
10, 0.75, 144, 0.05, 66249, 0.0025
10, 0.75, 144, 0.05, 66251, 0.0025
10, 0.75, 144, 0.05, 66258, 0.0025
10, 0.75, 144, 0.05, 66259, 0.0025
10, 0.75, 144, 0.05, 66387, 0.0025
10, 0.75, 144, 0.05, 66390, 0.0025
10, 0.75, 144, 0.05, 66393, 0.0025
10, 0.75, 144, 0.05, 66523, 0.0025
10, 0.75, 144, 0.05, 66524, 0.0025
10, 0.75, 144, 0.05, 66787, 0.0025
10, 0.75, 144, 0.05, 66788, 0.0025
10, 0.75, 144, 0.05, 66915, 0.0025
10, 0.8, 1, 0.1575000000000146, 600, 0.0025
10, 0.8, 1, 0.1575000000000146, 601, 0.0025
10, 0.8, 1, 0.1575000000000146, 602, 0.0025
10, 0.8, 1, 0.1575000000000146, 603, 0.0025
10, 0.8, 1, 0.1575000000000146, 604, 0.0025
10, 0.8, 1, 0.1575000000000146, 648, 0.0025
10, 0.8, 1, 0.1575000000000146, 649, 0.0025
10, 0.8, 1, 0.1575000000000146, 650, 0.0025
10, 0.8, 1, 0.1575000000000146, 651, 0.0025
10, 0.8, 1, 0.1575000000000146, 652, 0.0025
10, 0.8, 1, 0.1575000000000146, 653, 0.0025
10, 0.8, 1, 0.1575000000000146, 654, 0.0025
10, 0.8, 1, 0.1575000000000146, 701, 0.0025
10, 0.8, 1, 0.1575000000000146, 702, 0.0025
10, 0.8, 1, 0.1575000000000146, 703, 0.0025
10, 0.8, 1, 0.1575000000000146, 704, 0.0025
10, 0.8, 1, 0.1575000000000146, 705, 0.0025
10, 0.8, 1, 0.1575000000000146, 706, 0.0025
10, 0.8, 1, 0.1575000000000146, 707, 0.0025
10, 0.8, 1, 0.1575000000000146, 756, 0.0025
10, 0.8, 1, 0.1575000000000146, 757, 0.0025
10, 0.8, 1, 0.1575000000000146, 758, 0.0025
10, 0.8, 1, 0.1575000000000146, 759, 0.0025
10, 0.8, 1, 0.1575000000000146, 760, 0.0025
10, 0.8, 1, 0.1575000000000146, 761, 0.0025
10, 0.8, 1, 0.1575000000000146, 762, 0.0025
10, 0.8, 1, 0.1575000000000146, 814, 0.0025
10, 0.8, 1, 0.1575000000000146, 815, 0.0025
10, 0.8, 1, 0.1575000000000146, 816, 0.0025
10, 0.8, 1, 0.1575000000000146, 817, 0.0025
10, 0.8, 1, 0.1575000000000146, 818, 0.0025
10, 0.8, 1, 0.1575000000000146, 874, 0.0025
10, 0.8, 1, 0.1575000000000146, 875, 0.0025
10, 0.8, 1, 0.1575000000000146, 876, 0.0025
10, 0.8, 1, 0.1575000000000146, 877, 0.0025
10, 0.8, 1, 0.1575000000000146, 936, 0.0025
10, 0.8, 1, 0.1575000000000146, 937, 0.0025
10, 0.8, 1, 0.1575000000000146, 938, 0.0025
10, 0.8, 1, 0.1575000000000146, 1053, 0.0025
10, 0.8, 1, 0.1575000000000146, 1119, 0.0025
10, 0.8, 1, 0.1575000000000146, 1188, 0.0025
10, 0.8, 1, 0.1575000000000146, 1258, 0.0025
10, 0.8, 1, 0.1575000000000146, 1330, 0.0025
10, 0.8, 1, 0.1575000000000146, 1331, 0.0025
10, 0.8, 1, 0.1575000000000146, 1332, 0.0025
10, 0.8, 1, 0.1575000000000146, 1333, 0.0025
10, 0.8, 1, 0.1575000000000146, 1334, 0.0025
10, 0.8, 1, 0.1575000000000146, 1406, 0.0025
10, 0.8, 1, 0.1575000000000146, 1407, 0.0025
10, 0.8, 1, 0.1575000000000146, 1408, 0.0025
10, 0.8, 1, 0.1575000000000146, 1409, 0.0025
10, 0.8, 1, 0.1575000000000146, 1410, 0.0025
10, 0.8, 1, 0.1575000000000146, 1482, 0.0025
10, 0.8, 1, 0.1575000000000146, 1483, 0.0025
10, 0.8, 1, 0.1575000000000146, 1484, 0.0025
10, 0.8, 1, 0.1575000000000146, 1485, 0.0025
10, 0.8, 1, 0.1575000000000146, 1486, 0.0025
10, 0.8, 1, 0.1575000000000146, 1560, 0.0025
10, 0.8, 1, 0.1575000000000146, 1561, 0.0025
10, 0.8, 1, 0.1575000000000146, 1562, 0.0025
10, 0.8, 1, 0.1575000000000146, 1563, 0.0025
10, 0.8, 1, 0.1575000000000146, 1641, 0.0025
10, 0.8, 1, 0.1575000000000146, 1642, 0.0025
10, 0.8, 1, 0.1575000000000146, 1724, 0.0025
10, 0.8, 19, 0.2, 6472, 0.0025
10, 0.8, 19, 0.2, 6473, 0.0025
10, 0.8, 19, 0.2, 6474, 0.0025
10, 0.8, 19, 0.2, 6475, 0.0025
10, 0.8, 19, 0.2, 6603, 0.0025
10, 0.8, 19, 0.2, 6604, 0.0025
10, 0.8, 19, 0.2, 6605, 0.0025
10, 0.8, 19, 0.2, 6606, 0.0025
10, 0.8, 19, 0.2, 6607, 0.0025
10, 0.8, 19, 0.2, 6608, 0.0025
10, 0.8, 19, 0.2, 6609, 0.0025
10, 0.8, 19, 0.2, 6736, 0.0025
10, 0.8, 19, 0.2, 6737, 0.0025
10, 0.8, 19, 0.2, 6738, 0.0025
10, 0.8, 19, 0.2, 6739, 0.0025
10, 0.8, 19, 0.2, 6740, 0.0025
10, 0.8, 19, 0.2, 6741, 0.0025
10, 0.8, 19, 0.2, 6742, 0.0025
10, 0.8, 19, 0.2, 6869, 0.0025
10, 0.8, 19, 0.2, 6870, 0.0025
10, 0.8, 19, 0.2, 6871, 0.0025
10, 0.8, 19, 0.2, 6872, 0.0025
10, 0.8, 19, 0.2, 6873, 0.0025
10, 0.8, 19, 0.2, 6874, 0.0025
10, 0.8, 19, 0.2, 6875, 0.0025
10, 0.8, 19, 0.2, 6876, 0.0025
10, 0.8, 19, 0.2, 7003, 0.0025
10, 0.8, 19, 0.2, 7004, 0.0025
10, 0.8, 19, 0.2, 7005, 0.0025
10, 0.8, 19, 0.2, 7006, 0.0025
10, 0.8, 19, 0.2, 7007, 0.0025
10, 0.8, 19, 0.2, 7008, 0.0025
10, 0.8, 19, 0.2, 7009, 0.0025
10, 0.8, 19, 0.2, 7010, 0.0025
10, 0.8, 19, 0.2, 7136, 0.0025
10, 0.8, 19, 0.2, 7137, 0.0025
10, 0.8, 19, 0.2, 7138, 0.0025
10, 0.8, 19, 0.2, 7139, 0.0025
10, 0.8, 19, 0.2, 7140, 0.0025
10, 0.8, 19, 0.2, 7141, 0.0025
10, 0.8, 19, 0.2, 7142, 0.0025
10, 0.8, 19, 0.2, 7143, 0.0025
10, 0.8, 19, 0.2, 7144, 0.0025
10, 0.8, 19, 0.2, 7271, 0.0025
10, 0.8, 19, 0.2, 7272, 0.0025
10, 0.8, 19, 0.2, 7273, 0.0025
10, 0.8, 19, 0.2, 7274, 0.0025
10, 0.8, 19, 0.2, 7275, 0.0025
10, 0.8, 19, 0.2, 7276, 0.0025
10, 0.8, 19, 0.2, 7277, 0.0025
10, 0.8, 19, 0.2, 7278, 0.0025
10, 0.8, 19, 0.2, 7279, 0.0025
10, 0.8, 19, 0.2, 7280, 0.0025
10, 0.8, 19, 0.2, 7281, 0.0025
10, 0.8, 19, 0.2, 7407, 0.0025
10, 0.8, 19, 0.2, 7408, 0.0025
10, 0.8, 19, 0.2, 7409, 0.0025
10, 0.8, 19, 0.2, 7410, 0.0025
10, 0.8, 19, 0.2, 7411, 0.0025
10, 0.8, 19, 0.2, 7412, 0.0025
10, 0.8, 19, 0.2, 7413, 0.0025
10, 0.8, 19, 0.2, 7414, 0.0025
10, 0.8, 19, 0.2, 7415, 0.0025
10, 0.8, 19, 0.2, 7416, 0.0025
10, 0.8, 19, 0.2, 7545, 0.0025
10, 0.8, 19, 0.2, 7546, 0.0025
10, 0.8, 19, 0.2, 7547, 0.0025
10, 0.8, 19, 0.2, 7548, 0.0025
10, 0.8, 19, 0.2, 7549, 0.0025
10, 0.8, 19, 0.2, 7550, 0.0025
10, 0.8, 19, 0.2, 7551, 0.0025
10, 0.8, 19, 0.2, 7552, 0.0025
10, 0.8, 19, 0.2, 7553, 0.0025
10, 0.8, 19, 0.2, 7684, 0.0025
10, 0.8, 19, 0.2, 7685, 0.0025
10, 0.8, 19, 0.2, 7686, 0.0025
10, 0.8, 19, 0.2, 7687, 0.0025
10, 0.8, 19, 0.2, 7688, 0.0025
10, 0.8, 19, 0.2, 7689, 0.0025
10, 0.8, 19, 0.2, 7690, 0.0025
10, 0.8, 19, 0.2, 7824, 0.0025
10, 0.8, 37, 0.09749999999999863, 14869, 0.0025
10, 0.8, 37, 0.09749999999999863, 14982, 0.0025
10, 0.8, 37, 0.09749999999999863, 15091, 0.0025
10, 0.8, 37, 0.09749999999999863, 15092, 0.0025
10, 0.8, 37, 0.09749999999999863, 15209, 0.0025
10, 0.8, 37, 0.09749999999999863, 15322, 0.0025
10, 0.8, 37, 0.09749999999999863, 15439, 0.0025
10, 0.8, 37, 0.09749999999999863, 15440, 0.0025
10, 0.8, 37, 0.09749999999999863, 15552, 0.0025
10, 0.8, 37, 0.09749999999999863, 15553, 0.0025
10, 0.8, 37, 0.09749999999999863, 15667, 0.0025
10, 0.8, 37, 0.09749999999999863, 15668, 0.0025
10, 0.8, 37, 0.09749999999999863, 15669, 0.0025
10, 0.8, 37, 0.09749999999999863, 15786, 0.0025
10, 0.8, 37, 0.09749999999999863, 15787, 0.0025
10, 0.8, 37, 0.09749999999999863, 15788, 0.0025
10, 0.8, 37, 0.09749999999999863, 15902, 0.0025
10, 0.8, 37, 0.09749999999999863, 15903, 0.0025
10, 0.8, 37, 0.09749999999999863, 16019, 0.0025
10, 0.8, 37, 0.09749999999999863, 16020, 0.0025
10, 0.8, 37, 0.09749999999999863, 16021, 0.0025
10, 0.8, 37, 0.09749999999999863, 16136, 0.0025
10, 0.8, 37, 0.09749999999999863, 16137, 0.0025
10, 0.8, 37, 0.09749999999999863, 16138, 0.0025
10, 0.8, 37, 0.09749999999999863, 16255, 0.0025
10, 0.8, 37, 0.09749999999999863, 16256, 0.0025
10, 0.8, 37, 0.09749999999999863, 16257, 0.0025
10, 0.8, 37, 0.09749999999999863, 16369, 0.0025
10, 0.8, 37, 0.09749999999999863, 16370, 0.0025
10, 0.8, 37, 0.09749999999999863, 16371, 0.0025
10, 0.8, 37, 0.09749999999999863, 16482, 0.0025
10, 0.8, 37, 0.09749999999999863, 16483, 0.0025
10, 0.8, 37, 0.09749999999999863, 16484, 0.0025
10, 0.8, 37, 0.09749999999999863, 16485, 0.0025
10, 0.8, 37, 0.09749999999999863, 16593, 0.0025
10, 0.8, 37, 0.09749999999999863, 16594, 0.0025
10, 0.8, 37, 0.09749999999999863, 16595, 0.0025
10, 0.8, 41, 0.1724999999999982, 16651, 0.0025
10, 0.8, 37, 0.09749999999999863, 16699, 0.0025
10, 0.8, 37, 0.09749999999999863, 16700, 0.0025
10, 0.8, 41, 0.1724999999999982, 16754, 0.0025
10, 0.8, 41, 0.1724999999999982, 16755, 0.0025
10, 0.8, 37, 0.09749999999999863, 16815, 0.0025
10, 0.8, 41, 0.1724999999999982, 16870, 0.0025
10, 0.8, 41, 0.1724999999999982, 16986, 0.0025
10, 0.8, 41, 0.1724999999999982, 16987, 0.0025
10, 0.8, 41, 0.1724999999999982, 17087, 0.0025
10, 0.8, 41, 0.1724999999999982, 17091, 0.0025
10, 0.8, 41, 0.1724999999999982, 17092, 0.0025
10, 0.8, 41, 0.1724999999999982, 17093, 0.0025
10, 0.8, 41, 0.1724999999999982, 17094, 0.0025
10, 0.8, 41, 0.1724999999999982, 17095, 0.0025
10, 0.8, 41, 0.1724999999999982, 17190, 0.0025
10, 0.8, 41, 0.1724999999999982, 17197, 0.0025
10, 0.8, 41, 0.1724999999999982, 17198, 0.0025
10, 0.8, 41, 0.1724999999999982, 17200, 0.0025
10, 0.8, 41, 0.1724999999999982, 17293, 0.0025
10, 0.8, 41, 0.1724999999999982, 17295, 0.0025
10, 0.8, 41, 0.1724999999999982, 17299, 0.0025
10, 0.8, 41, 0.1724999999999982, 17301, 0.0025
10, 0.8, 41, 0.1724999999999982, 17303, 0.0025
10, 0.8, 41, 0.1724999999999982, 17395, 0.0025
10, 0.8, 41, 0.1724999999999982, 17401, 0.0025
10, 0.8, 41, 0.1724999999999982, 17402, 0.0025
10, 0.8, 41, 0.1724999999999982, 17404, 0.0025
10, 0.8, 41, 0.1724999999999982, 17405, 0.0025
10, 0.8, 41, 0.1724999999999982, 17503, 0.0025
10, 0.8, 41, 0.1724999999999982, 17504, 0.0025
10, 0.8, 41, 0.1724999999999982, 17505, 0.0025
10, 0.8, 41, 0.1724999999999982, 17506, 0.0025
10, 0.8, 41, 0.1724999999999982, 17508, 0.0025
10, 0.8, 41, 0.1724999999999982, 17509, 0.0025
10, 0.8, 41, 0.1724999999999982, 17602, 0.0025
10, 0.8, 41, 0.1724999999999982, 17603, 0.0025
10, 0.8, 41, 0.1724999999999982, 17604, 0.0025
10, 0.8, 41, 0.1724999999999982, 17605, 0.0025
10, 0.8, 41, 0.1724999999999982, 17606, 0.0025
10, 0.8, 41, 0.1724999999999982, 17607, 0.0025
10, 0.8, 41, 0.1724999999999982, 17608, 0.0025
10, 0.8, 41, 0.1724999999999982, 17609, 0.0025
10, 0.8, 41, 0.1724999999999982, 17696, 0.0025
10, 0.8, 41, 0.1724999999999982, 17697, 0.0025
10, 0.8, 41, 0.1724999999999982, 17698, 0.0025
10, 0.8, 41, 0.1724999999999982, 17699, 0.0025
10, 0.8, 41, 0.1724999999999982, 17700, 0.0025
10, 0.8, 41, 0.1724999999999982, 17702, 0.0025
10, 0.8, 41, 0.1724999999999982, 17703, 0.0025
10, 0.8, 41, 0.1724999999999982, 17704, 0.0025
10, 0.8, 41, 0.1724999999999982, 17790, 0.0025
10, 0.8, 41, 0.1724999999999982, 17791, 0.0025
10, 0.8, 41, 0.1724999999999982, 17792, 0.0025
10, 0.8, 41, 0.1724999999999982, 17793, 0.0025
10, 0.8, 41, 0.1724999999999982, 17794, 0.0025
10, 0.8, 41, 0.1724999999999982, 17795, 0.0025
10, 0.8, 41, 0.1724999999999982, 17797, 0.0025
10, 0.8, 41, 0.1724999999999982, 17885, 0.0025
10, 0.8, 41, 0.1724999999999982, 17888, 0.0025
10, 0.8, 41, 0.1724999999999982, 17889, 0.0025
10, 0.8, 41, 0.1724999999999982, 17890, 0.0025
10, 0.8, 41, 0.1724999999999982, 17976, 0.0025
10, 0.8, 41, 0.1724999999999982, 17978, 0.0025
10, 0.8, 41, 0.1724999999999982, 17980, 0.0025
10, 0.8, 41, 0.1724999999999982, 17982, 0.0025
10, 0.8, 41, 0.1724999999999982, 18060, 0.0025
10, 0.8, 41, 0.1724999999999982, 18062, 0.0025
10, 0.8, 41, 0.1724999999999982, 18064, 0.0025
10, 0.8, 41, 0.1724999999999982, 18066, 0.0025
10, 0.8, 41, 0.1724999999999982, 18149, 0.0025
10, 0.8, 41, 0.1724999999999982, 18232, 0.0025
10, 0.8, 41, 0.1724999999999982, 18234, 0.0025
10, 0.8, 64, 0.05250000000000003, 30902, 0.0025
10, 0.8, 64, 0.05250000000000003, 31097, 0.0025
10, 0.8, 64, 0.05250000000000003, 31192, 0.0025
10, 0.8, 64, 0.05250000000000003, 31372, 0.0025
10, 0.8, 64, 0.05250000000000003, 31373, 0.0025
10, 0.8, 64, 0.05250000000000003, 31468, 0.0025
10, 0.8, 64, 0.05250000000000003, 31469, 0.0025
10, 0.8, 64, 0.05250000000000003, 31744, 0.0025
10, 0.8, 64, 0.05250000000000003, 31745, 0.0025
10, 0.8, 64, 0.05250000000000003, 31837, 0.0025
10, 0.8, 64, 0.05250000000000003, 31929, 0.0025
10, 0.8, 64, 0.05250000000000003, 31930, 0.0025
10, 0.8, 64, 0.05250000000000003, 31931, 0.0025
10, 0.8, 64, 0.05250000000000003, 32019, 0.0025
10, 0.8, 64, 0.05250000000000003, 32024, 0.0025
10, 0.8, 64, 0.05250000000000003, 32026, 0.0025
10, 0.8, 64, 0.05250000000000003, 32027, 0.0025
10, 0.8, 64, 0.05250000000000003, 32028, 0.0025
10, 0.8, 64, 0.05250000000000003, 32120, 0.0025
10, 0.8, 64, 0.05250000000000003, 32205, 0.0025
10, 0.8, 64, 0.05250000000000003, 32206, 0.0025
10, 0.8, 64, 0.05250000000000003, 32211, 0.0025
10, 0.8, 71, 0.035, 33731, 0.0025
10, 0.8, 71, 0.035, 33808, 0.0025
10, 0.8, 71, 0.035, 35055, 0.0025
10, 0.8, 71, 0.035, 35056, 0.0025
10, 0.8, 71, 0.035, 35342, 0.0025
10, 0.8, 71, 0.035, 35416, 0.0025
10, 0.8, 71, 0.035, 35558, 0.0025
10, 0.8, 71, 0.035, 35559, 0.0025
10, 0.8, 71, 0.035, 35625, 0.0025
10, 0.8, 71, 0.035, 35626, 0.0025
10, 0.8, 71, 0.035, 35627, 0.0025
10, 0.8, 71, 0.035, 35628, 0.0025
10, 0.8, 71, 0.035, 35699, 0.0025
10, 0.8, 71, 0.035, 35700, 0.0025
10, 0.8, 71, 0.035, 35772, 0.0025
10, 0.8, 98, 0.05999999999999997, 48187, 0.0025
10, 0.8, 98, 0.05999999999999997, 48314, 0.0025
10, 0.8, 98, 0.05999999999999997, 48717, 0.0025
10, 0.8, 98, 0.05999999999999997, 48978, 0.0025
10, 0.8, 98, 0.05999999999999997, 48979, 0.0025
10, 0.8, 98, 0.05999999999999997, 49250, 0.0025
10, 0.8, 98, 0.05999999999999997, 49251, 0.0025
10, 0.8, 98, 0.05999999999999997, 49253, 0.0025
10, 0.8, 98, 0.05999999999999997, 49377, 0.0025
10, 0.8, 98, 0.05999999999999997, 49511, 0.0025
10, 0.8, 98, 0.05999999999999997, 49516, 0.0025
10, 0.8, 98, 0.05999999999999997, 49650, 0.0025
10, 0.8, 98, 0.05999999999999997, 49651, 0.0025
10, 0.8, 98, 0.05999999999999997, 49785, 0.0025
10, 0.8, 98, 0.05999999999999997, 49920, 0.0025
10, 0.8, 98, 0.05999999999999997, 49921, 0.0025
10, 0.8, 98, 0.05999999999999997, 50062, 0.0025
10, 0.8, 98, 0.05999999999999997, 50063, 0.0025
10, 0.8, 98, 0.05999999999999997, 50064, 0.0025
10, 0.8, 98, 0.05999999999999997, 50065, 0.0025
10, 0.8, 98, 0.05999999999999997, 50066, 0.0025
10, 0.8, 98, 0.05999999999999997, 50208, 0.0025
10, 0.8, 98, 0.05999999999999997, 50350, 0.0025
10, 0.8, 98, 0.05999999999999997, 50627, 0.0025
10, 0.8, 116, 0.1050000000000001, 56241, 0.0025
10, 0.8, 116, 0.1050000000000001, 56242, 0.0025
10, 0.8, 116, 0.1050000000000001, 56389, 0.0025
10, 0.8, 116, 0.1050000000000001, 56390, 0.0025
10, 0.8, 116, 0.1050000000000001, 56537, 0.0025
10, 0.8, 116, 0.1050000000000001, 56538, 0.0025
10, 0.8, 116, 0.1050000000000001, 56539, 0.0025
10, 0.8, 116, 0.1050000000000001, 56684, 0.0025
10, 0.8, 116, 0.1050000000000001, 56685, 0.0025
10, 0.8, 116, 0.1050000000000001, 56835, 0.0025
10, 0.8, 116, 0.1050000000000001, 56836, 0.0025
10, 0.8, 116, 0.1050000000000001, 56983, 0.0025
10, 0.8, 116, 0.1050000000000001, 56985, 0.0025
10, 0.8, 116, 0.1050000000000001, 56986, 0.0025
10, 0.8, 116, 0.1050000000000001, 57134, 0.0025
10, 0.8, 116, 0.1050000000000001, 57283, 0.0025
10, 0.8, 116, 0.1050000000000001, 57285, 0.0025
10, 0.8, 116, 0.1050000000000001, 57435, 0.0025
10, 0.8, 116, 0.1050000000000001, 57437, 0.0025
10, 0.8, 116, 0.1050000000000001, 57589, 0.0025
10, 0.8, 116, 0.1050000000000001, 57903, 0.0025
10, 0.8, 116, 0.1050000000000001, 57904, 0.0025
10, 0.8, 116, 0.1050000000000001, 57905, 0.0025
10, 0.8, 116, 0.1050000000000001, 58060, 0.0025
10, 0.8, 116, 0.1050000000000001, 58061, 0.0025
10, 0.8, 116, 0.1050000000000001, 58062, 0.0025
10, 0.8, 116, 0.1050000000000001, 58213, 0.0025
10, 0.8, 116, 0.1050000000000001, 58214, 0.0025
10, 0.8, 116, 0.1050000000000001, 58215, 0.0025
10, 0.8, 116, 0.1050000000000001, 58216, 0.0025
10, 0.8, 116, 0.1050000000000001, 58217, 0.0025
10, 0.8, 116, 0.1050000000000001, 58372, 0.0025
10, 0.8, 116, 0.1050000000000001, 58374, 0.0025
10, 0.8, 116, 0.1050000000000001, 58535, 0.0025
10, 0.8, 116, 0.1050000000000001, 58536, 0.0025
10, 0.8, 116, 0.1050000000000001, 58537, 0.0025
10, 0.8, 116, 0.1050000000000001, 58538, 0.0025
10, 0.8, 116, 0.1050000000000001, 58539, 0.0025
10, 0.8, 116, 0.1050000000000001, 58702, 0.0025
10, 0.8, 116, 0.1050000000000001, 58703, 0.0025
10, 0.8, 116, 0.1050000000000001, 58873, 0.0025
10, 0.8, 116, 0.1050000000000001, 59041, 0.0025
10, 0.8, 116, 0.1050000000000001, 59042, 0.0025
10, 0.8, 137, 0.0699999999999997, 62563, 0.0025
10, 0.8, 137, 0.0699999999999997, 62564, 0.0025
10, 0.8, 137, 0.0699999999999997, 62566, 0.0025
10, 0.8, 137, 0.0699999999999997, 62567, 0.0025
10, 0.8, 137, 0.0699999999999997, 62739, 0.0025
10, 0.8, 137, 0.0699999999999997, 62740, 0.0025
10, 0.8, 137, 0.0699999999999997, 62741, 0.0025
10, 0.8, 137, 0.0699999999999997, 62910, 0.0025
10, 0.8, 137, 0.0699999999999997, 62911, 0.0025
10, 0.8, 137, 0.0699999999999997, 62913, 0.0025
10, 0.8, 137, 0.0699999999999997, 63087, 0.0025
10, 0.8, 137, 0.0699999999999997, 63088, 0.0025
10, 0.8, 137, 0.0699999999999997, 63089, 0.0025
10, 0.8, 137, 0.0699999999999997, 63254, 0.0025
10, 0.8, 137, 0.0699999999999997, 63255, 0.0025
10, 0.8, 137, 0.0699999999999997, 63258, 0.0025
10, 0.8, 137, 0.0699999999999997, 63421, 0.0025
10, 0.8, 137, 0.0699999999999997, 63422, 0.0025
10, 0.8, 137, 0.0699999999999997, 63423, 0.0025
10, 0.8, 137, 0.0699999999999997, 63587, 0.0025
10, 0.8, 137, 0.0699999999999997, 63592, 0.0025
10, 0.8, 137, 0.0699999999999997, 63757, 0.0025
10, 0.8, 137, 0.0699999999999997, 63919, 0.0025
10, 0.8, 137, 0.0699999999999997, 63920, 0.0025
10, 0.8, 137, 0.0699999999999997, 64080, 0.0025
10, 0.8, 137, 0.0699999999999997, 64081, 0.0025
10, 0.8, 137, 0.0699999999999997, 64082, 0.0025
10, 0.8, 137, 0.0699999999999997, 64400, 0.0025
10, 0.8, 137, 0.0699999999999997, 64712, 0.0025
10, 0.8, 144, 0.05, 65835, 0.0025
10, 0.8, 144, 0.05, 65836, 0.0025
10, 0.8, 144, 0.05, 65837, 0.0025
10, 0.8, 144, 0.05, 65975, 0.0025
10, 0.8, 144, 0.05, 65976, 0.0025
10, 0.8, 144, 0.05, 65977, 0.0025
10, 0.8, 144, 0.05, 65978, 0.0025
10, 0.8, 144, 0.05, 66113, 0.0025
10, 0.8, 144, 0.05, 66118, 0.0025
10, 0.8, 144, 0.05, 66249, 0.0025
10, 0.8, 144, 0.05, 66251, 0.0025
10, 0.8, 144, 0.05, 66258, 0.0025
10, 0.8, 144, 0.05, 66259, 0.0025
10, 0.8, 144, 0.05, 66387, 0.0025
10, 0.8, 144, 0.05, 66390, 0.0025
10, 0.8, 144, 0.05, 66393, 0.0025
10, 0.8, 144, 0.05, 66523, 0.0025
10, 0.8, 144, 0.05, 66524, 0.0025
10, 0.8, 144, 0.05, 66787, 0.0025
10, 0.8, 144, 0.05, 66788, 0.0025
10, 0.8, 144, 0.05, 66915, 0.0025
10, 0.8500000000000001, 1, 0.16, 598, 0.0025
10, 0.8500000000000001, 1, 0.16, 600, 0.0025
10, 0.8500000000000001, 1, 0.16, 601, 0.0025
10, 0.8500000000000001, 1, 0.16, 602, 0.0025
10, 0.8500000000000001, 1, 0.16, 603, 0.0025
10, 0.8500000000000001, 1, 0.16, 604, 0.0025
10, 0.8500000000000001, 1, 0.16, 648, 0.0025
10, 0.8500000000000001, 1, 0.16, 649, 0.0025
10, 0.8500000000000001, 1, 0.16, 650, 0.0025
10, 0.8500000000000001, 1, 0.16, 651, 0.0025
10, 0.8500000000000001, 1, 0.16, 652, 0.0025
10, 0.8500000000000001, 1, 0.16, 653, 0.0025
10, 0.8500000000000001, 1, 0.16, 654, 0.0025
10, 0.8500000000000001, 1, 0.16, 701, 0.0025
10, 0.8500000000000001, 1, 0.16, 702, 0.0025
10, 0.8500000000000001, 1, 0.16, 703, 0.0025
10, 0.8500000000000001, 1, 0.16, 704, 0.0025
10, 0.8500000000000001, 1, 0.16, 705, 0.0025
10, 0.8500000000000001, 1, 0.16, 706, 0.0025
10, 0.8500000000000001, 1, 0.16, 707, 0.0025
10, 0.8500000000000001, 1, 0.16, 756, 0.0025
10, 0.8500000000000001, 1, 0.16, 757, 0.0025
10, 0.8500000000000001, 1, 0.16, 758, 0.0025
10, 0.8500000000000001, 1, 0.16, 759, 0.0025
10, 0.8500000000000001, 1, 0.16, 760, 0.0025
10, 0.8500000000000001, 1, 0.16, 761, 0.0025
10, 0.8500000000000001, 1, 0.16, 762, 0.0025
10, 0.8500000000000001, 1, 0.16, 814, 0.0025
10, 0.8500000000000001, 1, 0.16, 815, 0.0025
10, 0.8500000000000001, 1, 0.16, 816, 0.0025
10, 0.8500000000000001, 1, 0.16, 817, 0.0025
10, 0.8500000000000001, 1, 0.16, 818, 0.0025
10, 0.8500000000000001, 1, 0.16, 874, 0.0025
10, 0.8500000000000001, 1, 0.16, 875, 0.0025
10, 0.8500000000000001, 1, 0.16, 876, 0.0025
10, 0.8500000000000001, 1, 0.16, 877, 0.0025
10, 0.8500000000000001, 1, 0.16, 936, 0.0025
10, 0.8500000000000001, 1, 0.16, 937, 0.0025
10, 0.8500000000000001, 1, 0.16, 938, 0.0025
10, 0.8500000000000001, 1, 0.16, 1053, 0.0025
10, 0.8500000000000001, 1, 0.16, 1119, 0.0025
10, 0.8500000000000001, 1, 0.16, 1188, 0.0025
10, 0.8500000000000001, 1, 0.16, 1258, 0.0025
10, 0.8500000000000001, 1, 0.16, 1330, 0.0025
10, 0.8500000000000001, 1, 0.16, 1331, 0.0025
10, 0.8500000000000001, 1, 0.16, 1332, 0.0025
10, 0.8500000000000001, 1, 0.16, 1333, 0.0025
10, 0.8500000000000001, 1, 0.16, 1334, 0.0025
10, 0.8500000000000001, 1, 0.16, 1406, 0.0025
10, 0.8500000000000001, 1, 0.16, 1407, 0.0025
10, 0.8500000000000001, 1, 0.16, 1408, 0.0025
10, 0.8500000000000001, 1, 0.16, 1409, 0.0025
10, 0.8500000000000001, 1, 0.16, 1410, 0.0025
10, 0.8500000000000001, 1, 0.16, 1482, 0.0025
10, 0.8500000000000001, 1, 0.16, 1483, 0.0025
10, 0.8500000000000001, 1, 0.16, 1484, 0.0025
10, 0.8500000000000001, 1, 0.16, 1485, 0.0025
10, 0.8500000000000001, 1, 0.16, 1486, 0.0025
10, 0.8500000000000001, 1, 0.16, 1560, 0.0025
10, 0.8500000000000001, 1, 0.16, 1561, 0.0025
10, 0.8500000000000001, 1, 0.16, 1562, 0.0025
10, 0.8500000000000001, 1, 0.16, 1563, 0.0025
10, 0.8500000000000001, 1, 0.16, 1641, 0.0025
10, 0.8500000000000001, 1, 0.16, 1642, 0.0025
10, 0.8500000000000001, 1, 0.16, 1724, 0.0025
10, 0.8500000000000001, 19, 0.1825000000000034, 6473, 0.0025
10, 0.8500000000000001, 19, 0.1825000000000034, 6474, 0.0025
10, 0.8500000000000001, 19, 0.1825000000000034, 6475, 0.0025
10, 0.8500000000000001, 19, 0.1825000000000034, 6603, 0.0025
10, 0.8500000000000001, 19, 0.1825000000000034, 6604, 0.0025
10, 0.8500000000000001, 19, 0.1825000000000034, 6605, 0.0025
10, 0.8500000000000001, 19, 0.1825000000000034, 6606, 0.0025
10, 0.8500000000000001, 19, 0.1825000000000034, 6607, 0.0025
10, 0.8500000000000001, 19, 0.1825000000000034, 6608, 0.0025
10, 0.8500000000000001, 19, 0.1825000000000034, 6609, 0.0025
10, 0.8500000000000001, 19, 0.1825000000000034, 6736, 0.0025
10, 0.8500000000000001, 19, 0.1825000000000034, 6737, 0.0025
10, 0.8500000000000001, 19, 0.1825000000000034, 6738, 0.0025
10, 0.8500000000000001, 19, 0.1825000000000034, 6739, 0.0025
10, 0.8500000000000001, 19, 0.1825000000000034, 6740, 0.0025
10, 0.8500000000000001, 19, 0.1825000000000034, 6741, 0.0025
10, 0.8500000000000001, 19, 0.1825000000000034, 6869, 0.0025
10, 0.8500000000000001, 19, 0.1825000000000034, 6870, 0.0025
10, 0.8500000000000001, 19, 0.1825000000000034, 6871, 0.0025
10, 0.8500000000000001, 19, 0.1825000000000034, 6872, 0.0025
10, 0.8500000000000001, 19, 0.1825000000000034, 6873, 0.0025
10, 0.8500000000000001, 19, 0.1825000000000034, 6874, 0.0025
10, 0.8500000000000001, 19, 0.1825000000000034, 6875, 0.0025
10, 0.8500000000000001, 19, 0.1825000000000034, 7003, 0.0025
10, 0.8500000000000001, 19, 0.1825000000000034, 7004, 0.0025
10, 0.8500000000000001, 19, 0.1825000000000034, 7005, 0.0025
10, 0.8500000000000001, 19, 0.1825000000000034, 7006, 0.0025
10, 0.8500000000000001, 19, 0.1825000000000034, 7007, 0.0025
10, 0.8500000000000001, 19, 0.1825000000000034, 7008, 0.0025
10, 0.8500000000000001, 19, 0.1825000000000034, 7009, 0.0025
10, 0.8500000000000001, 19, 0.1825000000000034, 7137, 0.0025
10, 0.8500000000000001, 19, 0.1825000000000034, 7138, 0.0025
10, 0.8500000000000001, 19, 0.1825000000000034, 7139, 0.0025
10, 0.8500000000000001, 19, 0.1825000000000034, 7140, 0.0025
10, 0.8500000000000001, 19, 0.1825000000000034, 7141, 0.0025
10, 0.8500000000000001, 19, 0.1825000000000034, 7142, 0.0025
10, 0.8500000000000001, 19, 0.1825000000000034, 7143, 0.0025
10, 0.8500000000000001, 19, 0.1825000000000034, 7144, 0.0025
10, 0.8500000000000001, 19, 0.1825000000000034, 7271, 0.0025
10, 0.8500000000000001, 19, 0.1825000000000034, 7272, 0.0025
10, 0.8500000000000001, 19, 0.1825000000000034, 7273, 0.0025
10, 0.8500000000000001, 19, 0.1825000000000034, 7274, 0.0025
10, 0.8500000000000001, 19, 0.1825000000000034, 7275, 0.0025
10, 0.8500000000000001, 19, 0.1825000000000034, 7276, 0.0025
10, 0.8500000000000001, 19, 0.1825000000000034, 7277, 0.0025
10, 0.8500000000000001, 19, 0.1825000000000034, 7278, 0.0025
10, 0.8500000000000001, 19, 0.1825000000000034, 7279, 0.0025
10, 0.8500000000000001, 19, 0.1825000000000034, 7280, 0.0025
10, 0.8500000000000001, 19, 0.1825000000000034, 7281, 0.0025
10, 0.8500000000000001, 19, 0.1825000000000034, 7408, 0.0025
10, 0.8500000000000001, 19, 0.1825000000000034, 7409, 0.0025
10, 0.8500000000000001, 19, 0.1825000000000034, 7410, 0.0025
10, 0.8500000000000001, 19, 0.1825000000000034, 7411, 0.0025
10, 0.8500000000000001, 19, 0.1825000000000034, 7412, 0.0025
10, 0.8500000000000001, 19, 0.1825000000000034, 7413, 0.0025
10, 0.8500000000000001, 19, 0.1825000000000034, 7414, 0.0025
10, 0.8500000000000001, 19, 0.1825000000000034, 7415, 0.0025
10, 0.8500000000000001, 19, 0.1825000000000034, 7416, 0.0025
10, 0.8500000000000001, 19, 0.1825000000000034, 7545, 0.0025
10, 0.8500000000000001, 19, 0.1825000000000034, 7546, 0.0025
10, 0.8500000000000001, 19, 0.1825000000000034, 7547, 0.0025
10, 0.8500000000000001, 19, 0.1825000000000034, 7548, 0.0025
10, 0.8500000000000001, 19, 0.1825000000000034, 7549, 0.0025
10, 0.8500000000000001, 19, 0.1825000000000034, 7550, 0.0025
10, 0.8500000000000001, 19, 0.1825000000000034, 7551, 0.0025
10, 0.8500000000000001, 19, 0.1825000000000034, 7552, 0.0025
10, 0.8500000000000001, 19, 0.1825000000000034, 7553, 0.0025
10, 0.8500000000000001, 19, 0.1825000000000034, 7684, 0.0025
10, 0.8500000000000001, 19, 0.1825000000000034, 7686, 0.0025
10, 0.8500000000000001, 19, 0.1825000000000034, 7687, 0.0025
10, 0.8500000000000001, 19, 0.1825000000000034, 7688, 0.0025
10, 0.8500000000000001, 19, 0.1825000000000034, 7689, 0.0025
10, 0.8500000000000001, 19, 0.1825000000000034, 7690, 0.0025
10, 0.8500000000000001, 19, 0.1825000000000034, 7824, 0.0025
10, 0.8500000000000001, 37, 0.09499999999999999, 14869, 0.0025
10, 0.8500000000000001, 37, 0.09499999999999999, 14982, 0.0025
10, 0.8500000000000001, 37, 0.09499999999999999, 15091, 0.0025
10, 0.8500000000000001, 37, 0.09499999999999999, 15092, 0.0025
10, 0.8500000000000001, 37, 0.09499999999999999, 15209, 0.0025
10, 0.8500000000000001, 37, 0.09499999999999999, 15322, 0.0025
10, 0.8500000000000001, 37, 0.09499999999999999, 15439, 0.0025
10, 0.8500000000000001, 37, 0.09499999999999999, 15440, 0.0025
10, 0.8500000000000001, 37, 0.09499999999999999, 15552, 0.0025
10, 0.8500000000000001, 37, 0.09499999999999999, 15553, 0.0025
10, 0.8500000000000001, 37, 0.09499999999999999, 15667, 0.0025
10, 0.8500000000000001, 37, 0.09499999999999999, 15668, 0.0025
10, 0.8500000000000001, 37, 0.09499999999999999, 15669, 0.0025
10, 0.8500000000000001, 37, 0.09499999999999999, 15786, 0.0025
10, 0.8500000000000001, 37, 0.09499999999999999, 15787, 0.0025
10, 0.8500000000000001, 37, 0.09499999999999999, 15788, 0.0025
10, 0.8500000000000001, 37, 0.09499999999999999, 15902, 0.0025
10, 0.8500000000000001, 37, 0.09499999999999999, 15903, 0.0025
10, 0.8500000000000001, 37, 0.09499999999999999, 16019, 0.0025
10, 0.8500000000000001, 37, 0.09499999999999999, 16020, 0.0025
10, 0.8500000000000001, 37, 0.09499999999999999, 16021, 0.0025
10, 0.8500000000000001, 37, 0.09499999999999999, 16136, 0.0025
10, 0.8500000000000001, 37, 0.09499999999999999, 16137, 0.0025
10, 0.8500000000000001, 37, 0.09499999999999999, 16138, 0.0025
10, 0.8500000000000001, 37, 0.09499999999999999, 16255, 0.0025
10, 0.8500000000000001, 37, 0.09499999999999999, 16256, 0.0025
10, 0.8500000000000001, 37, 0.09499999999999999, 16257, 0.0025
10, 0.8500000000000001, 37, 0.09499999999999999, 16369, 0.0025
10, 0.8500000000000001, 37, 0.09499999999999999, 16370, 0.0025
10, 0.8500000000000001, 37, 0.09499999999999999, 16371, 0.0025
10, 0.8500000000000001, 37, 0.09499999999999999, 16482, 0.0025
10, 0.8500000000000001, 37, 0.09499999999999999, 16483, 0.0025
10, 0.8500000000000001, 37, 0.09499999999999999, 16484, 0.0025
10, 0.8500000000000001, 37, 0.09499999999999999, 16485, 0.0025
10, 0.8500000000000001, 37, 0.09499999999999999, 16593, 0.0025
10, 0.8500000000000001, 37, 0.09499999999999999, 16594, 0.0025
10, 0.8500000000000001, 37, 0.09499999999999999, 16595, 0.0025
10, 0.8500000000000001, 37, 0.09499999999999999, 16700, 0.0025
10, 0.8500000000000001, 41, 0.15, 16755, 0.0025
10, 0.8500000000000001, 37, 0.09499999999999999, 16815, 0.0025
10, 0.8500000000000001, 41, 0.15, 16870, 0.0025
10, 0.8500000000000001, 41, 0.15, 16986, 0.0025
10, 0.8500000000000001, 41, 0.15, 17087, 0.0025
10, 0.8500000000000001, 41, 0.15, 17091, 0.0025
10, 0.8500000000000001, 41, 0.15, 17092, 0.0025
10, 0.8500000000000001, 41, 0.15, 17093, 0.0025
10, 0.8500000000000001, 41, 0.15, 17094, 0.0025
10, 0.8500000000000001, 41, 0.15, 17190, 0.0025
10, 0.8500000000000001, 41, 0.15, 17197, 0.0025
10, 0.8500000000000001, 41, 0.15, 17198, 0.0025
10, 0.8500000000000001, 41, 0.15, 17200, 0.0025
10, 0.8500000000000001, 41, 0.15, 17293, 0.0025
10, 0.8500000000000001, 41, 0.15, 17295, 0.0025
10, 0.8500000000000001, 41, 0.15, 17299, 0.0025
10, 0.8500000000000001, 41, 0.15, 17301, 0.0025
10, 0.8500000000000001, 41, 0.15, 17303, 0.0025
10, 0.8500000000000001, 41, 0.15, 17395, 0.0025
10, 0.8500000000000001, 41, 0.15, 17401, 0.0025
10, 0.8500000000000001, 41, 0.15, 17402, 0.0025
10, 0.8500000000000001, 41, 0.15, 17404, 0.0025
10, 0.8500000000000001, 41, 0.15, 17405, 0.0025
10, 0.8500000000000001, 41, 0.15, 17503, 0.0025
10, 0.8500000000000001, 41, 0.15, 17504, 0.0025
10, 0.8500000000000001, 41, 0.15, 17505, 0.0025
10, 0.8500000000000001, 41, 0.15, 17506, 0.0025
10, 0.8500000000000001, 41, 0.15, 17508, 0.0025
10, 0.8500000000000001, 41, 0.15, 17509, 0.0025
10, 0.8500000000000001, 41, 0.15, 17602, 0.0025
10, 0.8500000000000001, 41, 0.15, 17603, 0.0025
10, 0.8500000000000001, 41, 0.15, 17604, 0.0025
10, 0.8500000000000001, 41, 0.15, 17605, 0.0025
10, 0.8500000000000001, 41, 0.15, 17606, 0.0025
10, 0.8500000000000001, 41, 0.15, 17607, 0.0025
10, 0.8500000000000001, 41, 0.15, 17608, 0.0025
10, 0.8500000000000001, 41, 0.15, 17609, 0.0025
10, 0.8500000000000001, 41, 0.15, 17696, 0.0025
10, 0.8500000000000001, 41, 0.15, 17697, 0.0025
10, 0.8500000000000001, 41, 0.15, 17698, 0.0025
10, 0.8500000000000001, 41, 0.15, 17699, 0.0025
10, 0.8500000000000001, 41, 0.15, 17700, 0.0025
10, 0.8500000000000001, 41, 0.15, 17702, 0.0025
10, 0.8500000000000001, 41, 0.15, 17703, 0.0025
10, 0.8500000000000001, 41, 0.15, 17704, 0.0025
10, 0.8500000000000001, 41, 0.15, 17790, 0.0025
10, 0.8500000000000001, 41, 0.15, 17791, 0.0025
10, 0.8500000000000001, 41, 0.15, 17793, 0.0025
10, 0.8500000000000001, 41, 0.15, 17794, 0.0025
10, 0.8500000000000001, 41, 0.15, 17795, 0.0025
10, 0.8500000000000001, 41, 0.15, 17797, 0.0025
10, 0.8500000000000001, 41, 0.15, 17885, 0.0025
10, 0.8500000000000001, 41, 0.15, 17889, 0.0025
10, 0.8500000000000001, 41, 0.15, 17976, 0.0025
10, 0.8500000000000001, 41, 0.15, 17978, 0.0025
10, 0.8500000000000001, 41, 0.15, 17980, 0.0025
10, 0.8500000000000001, 41, 0.15, 17982, 0.0025
10, 0.8500000000000001, 41, 0.15, 18060, 0.0025
10, 0.8500000000000001, 41, 0.15, 18062, 0.0025
10, 0.8500000000000001, 41, 0.15, 18064, 0.0025
10, 0.8500000000000001, 41, 0.15, 18066, 0.0025
10, 0.8500000000000001, 41, 0.15, 18149, 0.0025
10, 0.8500000000000001, 51, 0.0925, 24190, 0.0025
10, 0.8500000000000001, 51, 0.0925, 24285, 0.0025
10, 0.8500000000000001, 51, 0.0925, 24382, 0.0025
10, 0.8500000000000001, 51, 0.0925, 24383, 0.0025
10, 0.8500000000000001, 51, 0.0925, 24593, 0.0025
10, 0.8500000000000001, 51, 0.0925, 24698, 0.0025
10, 0.8500000000000001, 51, 0.0925, 24699, 0.0025
10, 0.8500000000000001, 51, 0.0925, 24700, 0.0025
10, 0.8500000000000001, 51, 0.0925, 24808, 0.0025
10, 0.8500000000000001, 51, 0.0925, 24809, 0.0025
10, 0.8500000000000001, 51, 0.0925, 25146, 0.0025
10, 0.8500000000000001, 51, 0.0925, 25253, 0.0025
10, 0.8500000000000001, 51, 0.0925, 25255, 0.0025
10, 0.8500000000000001, 51, 0.0925, 25361, 0.0025
10, 0.8500000000000001, 51, 0.0925, 25362, 0.0025
10, 0.8500000000000001, 51, 0.0925, 25363, 0.0025
10, 0.8500000000000001, 51, 0.0925, 25471, 0.0025
10, 0.8500000000000001, 51, 0.0925, 25472, 0.0025
10, 0.8500000000000001, 51, 0.0925, 25473, 0.0025
10, 0.8500000000000001, 51, 0.0925, 25474, 0.0025
10, 0.8500000000000001, 51, 0.0925, 25582, 0.0025
10, 0.8500000000000001, 51, 0.0925, 25583, 0.0025
10, 0.8500000000000001, 51, 0.0925, 25584, 0.0025
10, 0.8500000000000001, 51, 0.0925, 25585, 0.0025
10, 0.8500000000000001, 51, 0.0925, 25691, 0.0025
10, 0.8500000000000001, 51, 0.0925, 25692, 0.0025
10, 0.8500000000000001, 51, 0.0925, 25694, 0.0025
10, 0.8500000000000001, 51, 0.0925, 25695, 0.0025
10, 0.8500000000000001, 51, 0.0925, 25806, 0.0025
10, 0.8500000000000001, 51, 0.0925, 25807, 0.0025
10, 0.8500000000000001, 51, 0.0925, 25808, 0.0025
10, 0.8500000000000001, 51, 0.0925, 25809, 0.0025
10, 0.8500000000000001, 51, 0.0925, 25918, 0.0025
10, 0.8500000000000001, 51, 0.0925, 25919, 0.0025
10, 0.8500000000000001, 51, 0.0925, 25920, 0.0025
10, 0.8500000000000001, 51, 0.0925, 25922, 0.0025
10, 0.8500000000000001, 51, 0.0925, 26036, 0.0025
10, 0.8500000000000001, 51, 0.0925, 26037, 0.0025
10, 0.8500000000000001, 71, 0.035, 33731, 0.0025
10, 0.8500000000000001, 71, 0.035, 33808, 0.0025
10, 0.8500000000000001, 71, 0.035, 35055, 0.0025
10, 0.8500000000000001, 71, 0.035, 35056, 0.0025
10, 0.8500000000000001, 71, 0.035, 35342, 0.0025
10, 0.8500000000000001, 71, 0.035, 35416, 0.0025
10, 0.8500000000000001, 71, 0.035, 35558, 0.0025
10, 0.8500000000000001, 71, 0.035, 35559, 0.0025
10, 0.8500000000000001, 71, 0.035, 35625, 0.0025
10, 0.8500000000000001, 71, 0.035, 35626, 0.0025
10, 0.8500000000000001, 71, 0.035, 35627, 0.0025
10, 0.8500000000000001, 71, 0.035, 35628, 0.0025
10, 0.8500000000000001, 71, 0.035, 35699, 0.0025
10, 0.8500000000000001, 71, 0.035, 35700, 0.0025
10, 0.8500000000000001, 71, 0.035, 35772, 0.0025
10, 0.8500000000000001, 98, 0.06, 48187, 0.0025
10, 0.8500000000000001, 98, 0.06, 48314, 0.0025
10, 0.8500000000000001, 98, 0.06, 48717, 0.0025
10, 0.8500000000000001, 98, 0.06, 48978, 0.0025
10, 0.8500000000000001, 98, 0.06, 48979, 0.0025
10, 0.8500000000000001, 98, 0.06, 49250, 0.0025
10, 0.8500000000000001, 98, 0.06, 49251, 0.0025
10, 0.8500000000000001, 98, 0.06, 49253, 0.0025
10, 0.8500000000000001, 98, 0.06, 49377, 0.0025
10, 0.8500000000000001, 98, 0.06, 49511, 0.0025
10, 0.8500000000000001, 98, 0.06, 49516, 0.0025
10, 0.8500000000000001, 98, 0.06, 49650, 0.0025
10, 0.8500000000000001, 98, 0.06, 49651, 0.0025
10, 0.8500000000000001, 98, 0.06, 49785, 0.0025
10, 0.8500000000000001, 98, 0.06, 49920, 0.0025
10, 0.8500000000000001, 98, 0.06, 49921, 0.0025
10, 0.8500000000000001, 98, 0.06, 50062, 0.0025
10, 0.8500000000000001, 98, 0.06, 50063, 0.0025
10, 0.8500000000000001, 98, 0.06, 50064, 0.0025
10, 0.8500000000000001, 98, 0.06, 50065, 0.0025
10, 0.8500000000000001, 98, 0.06, 50066, 0.0025
10, 0.8500000000000001, 98, 0.06, 50208, 0.0025
10, 0.8500000000000001, 98, 0.06, 50350, 0.0025
10, 0.8500000000000001, 98, 0.06, 50627, 0.0025
10, 0.8500000000000001, 116, 0.1049999999999999, 56241, 0.0025
10, 0.8500000000000001, 116, 0.1049999999999999, 56242, 0.0025
10, 0.8500000000000001, 116, 0.1049999999999999, 56389, 0.0025
10, 0.8500000000000001, 116, 0.1049999999999999, 56390, 0.0025
10, 0.8500000000000001, 116, 0.1049999999999999, 56537, 0.0025
10, 0.8500000000000001, 116, 0.1049999999999999, 56538, 0.0025
10, 0.8500000000000001, 116, 0.1049999999999999, 56539, 0.0025
10, 0.8500000000000001, 116, 0.1049999999999999, 56684, 0.0025
10, 0.8500000000000001, 116, 0.1049999999999999, 56685, 0.0025
10, 0.8500000000000001, 116, 0.1049999999999999, 56835, 0.0025
10, 0.8500000000000001, 116, 0.1049999999999999, 56836, 0.0025
10, 0.8500000000000001, 116, 0.1049999999999999, 56983, 0.0025
10, 0.8500000000000001, 116, 0.1049999999999999, 56985, 0.0025
10, 0.8500000000000001, 116, 0.1049999999999999, 56986, 0.0025
10, 0.8500000000000001, 116, 0.1049999999999999, 57134, 0.0025
10, 0.8500000000000001, 116, 0.1049999999999999, 57283, 0.0025
10, 0.8500000000000001, 116, 0.1049999999999999, 57285, 0.0025
10, 0.8500000000000001, 116, 0.1049999999999999, 57435, 0.0025
10, 0.8500000000000001, 116, 0.1049999999999999, 57437, 0.0025
10, 0.8500000000000001, 116, 0.1049999999999999, 57589, 0.0025
10, 0.8500000000000001, 116, 0.1049999999999999, 57903, 0.0025
10, 0.8500000000000001, 116, 0.1049999999999999, 57904, 0.0025
10, 0.8500000000000001, 116, 0.1049999999999999, 57905, 0.0025
10, 0.8500000000000001, 116, 0.1049999999999999, 58060, 0.0025
10, 0.8500000000000001, 116, 0.1049999999999999, 58061, 0.0025
10, 0.8500000000000001, 116, 0.1049999999999999, 58062, 0.0025
10, 0.8500000000000001, 116, 0.1049999999999999, 58213, 0.0025
10, 0.8500000000000001, 116, 0.1049999999999999, 58214, 0.0025
10, 0.8500000000000001, 116, 0.1049999999999999, 58215, 0.0025
10, 0.8500000000000001, 116, 0.1049999999999999, 58216, 0.0025
10, 0.8500000000000001, 116, 0.1049999999999999, 58217, 0.0025
10, 0.8500000000000001, 116, 0.1049999999999999, 58372, 0.0025
10, 0.8500000000000001, 116, 0.1049999999999999, 58374, 0.0025
10, 0.8500000000000001, 116, 0.1049999999999999, 58535, 0.0025
10, 0.8500000000000001, 116, 0.1049999999999999, 58536, 0.0025
10, 0.8500000000000001, 116, 0.1049999999999999, 58537, 0.0025
10, 0.8500000000000001, 116, 0.1049999999999999, 58538, 0.0025
10, 0.8500000000000001, 116, 0.1049999999999999, 58539, 0.0025
10, 0.8500000000000001, 116, 0.1049999999999999, 58702, 0.0025
10, 0.8500000000000001, 116, 0.1049999999999999, 58703, 0.0025
10, 0.8500000000000001, 116, 0.1049999999999999, 58873, 0.0025
10, 0.8500000000000001, 116, 0.1049999999999999, 59041, 0.0025
10, 0.8500000000000001, 116, 0.1049999999999999, 59042, 0.0025
10, 0.8500000000000001, 137, 0.0699999999999997, 62563, 0.0025
10, 0.8500000000000001, 137, 0.0699999999999997, 62564, 0.0025
10, 0.8500000000000001, 137, 0.0699999999999997, 62566, 0.0025
10, 0.8500000000000001, 137, 0.0699999999999997, 62567, 0.0025
10, 0.8500000000000001, 137, 0.0699999999999997, 62739, 0.0025
10, 0.8500000000000001, 137, 0.0699999999999997, 62740, 0.0025
10, 0.8500000000000001, 137, 0.0699999999999997, 62741, 0.0025
10, 0.8500000000000001, 137, 0.0699999999999997, 62910, 0.0025
10, 0.8500000000000001, 137, 0.0699999999999997, 62911, 0.0025
10, 0.8500000000000001, 137, 0.0699999999999997, 62913, 0.0025
10, 0.8500000000000001, 137, 0.0699999999999997, 63087, 0.0025
10, 0.8500000000000001, 137, 0.0699999999999997, 63088, 0.0025
10, 0.8500000000000001, 137, 0.0699999999999997, 63089, 0.0025
10, 0.8500000000000001, 137, 0.0699999999999997, 63254, 0.0025
10, 0.8500000000000001, 137, 0.0699999999999997, 63255, 0.0025
10, 0.8500000000000001, 137, 0.0699999999999997, 63258, 0.0025
10, 0.8500000000000001, 137, 0.0699999999999997, 63421, 0.0025
10, 0.8500000000000001, 137, 0.0699999999999997, 63422, 0.0025
10, 0.8500000000000001, 137, 0.0699999999999997, 63423, 0.0025
10, 0.8500000000000001, 137, 0.0699999999999997, 63587, 0.0025
10, 0.8500000000000001, 137, 0.0699999999999997, 63592, 0.0025
10, 0.8500000000000001, 137, 0.0699999999999997, 63757, 0.0025
10, 0.8500000000000001, 137, 0.0699999999999997, 63919, 0.0025
10, 0.8500000000000001, 137, 0.0699999999999997, 63920, 0.0025
10, 0.8500000000000001, 137, 0.0699999999999997, 64080, 0.0025
10, 0.8500000000000001, 137, 0.0699999999999997, 64081, 0.0025
10, 0.8500000000000001, 137, 0.0699999999999997, 64082, 0.0025
10, 0.8500000000000001, 137, 0.0699999999999997, 64400, 0.0025
10, 0.8500000000000001, 137, 0.0699999999999997, 64712, 0.0025
10, 0.8500000000000001, 144, 0.05, 65835, 0.0025
10, 0.8500000000000001, 144, 0.05, 65836, 0.0025
10, 0.8500000000000001, 144, 0.05, 65837, 0.0025
10, 0.8500000000000001, 144, 0.05, 65975, 0.0025
10, 0.8500000000000001, 144, 0.05, 65976, 0.0025
10, 0.8500000000000001, 144, 0.05, 65977, 0.0025
10, 0.8500000000000001, 144, 0.05, 65978, 0.0025
10, 0.8500000000000001, 144, 0.05, 66113, 0.0025
10, 0.8500000000000001, 144, 0.05, 66118, 0.0025
10, 0.8500000000000001, 144, 0.05, 66249, 0.0025
10, 0.8500000000000001, 144, 0.05, 66251, 0.0025
10, 0.8500000000000001, 144, 0.05, 66258, 0.0025
10, 0.8500000000000001, 144, 0.05, 66259, 0.0025
10, 0.8500000000000001, 144, 0.05, 66387, 0.0025
10, 0.8500000000000001, 144, 0.05, 66390, 0.0025
10, 0.8500000000000001, 144, 0.05, 66393, 0.0025
10, 0.8500000000000001, 144, 0.05, 66523, 0.0025
10, 0.8500000000000001, 144, 0.05, 66524, 0.0025
10, 0.8500000000000001, 144, 0.05, 66787, 0.0025
10, 0.8500000000000001, 144, 0.05, 66788, 0.0025
10, 0.8500000000000001, 144, 0.05, 66915, 0.0025
10, 0.9, 1, 0.1574999999999999, 600, 0.0025
10, 0.9, 1, 0.1574999999999999, 601, 0.0025
10, 0.9, 1, 0.1574999999999999, 602, 0.0025
10, 0.9, 1, 0.1574999999999999, 603, 0.0025
10, 0.9, 1, 0.1574999999999999, 604, 0.0025
10, 0.9, 1, 0.1574999999999999, 648, 0.0025
10, 0.9, 1, 0.1574999999999999, 649, 0.0025
10, 0.9, 1, 0.1574999999999999, 650, 0.0025
10, 0.9, 1, 0.1574999999999999, 651, 0.0025
10, 0.9, 1, 0.1574999999999999, 652, 0.0025
10, 0.9, 1, 0.1574999999999999, 653, 0.0025
10, 0.9, 1, 0.1574999999999999, 654, 0.0025
10, 0.9, 1, 0.1574999999999999, 701, 0.0025
10, 0.9, 1, 0.1574999999999999, 702, 0.0025
10, 0.9, 1, 0.1574999999999999, 703, 0.0025
10, 0.9, 1, 0.1574999999999999, 704, 0.0025
10, 0.9, 1, 0.1574999999999999, 705, 0.0025
10, 0.9, 1, 0.1574999999999999, 706, 0.0025
10, 0.9, 1, 0.1574999999999999, 707, 0.0025
10, 0.9, 1, 0.1574999999999999, 756, 0.0025
10, 0.9, 1, 0.1574999999999999, 757, 0.0025
10, 0.9, 1, 0.1574999999999999, 758, 0.0025
10, 0.9, 1, 0.1574999999999999, 759, 0.0025
10, 0.9, 1, 0.1574999999999999, 760, 0.0025
10, 0.9, 1, 0.1574999999999999, 761, 0.0025
10, 0.9, 1, 0.1574999999999999, 762, 0.0025
10, 0.9, 1, 0.1574999999999999, 814, 0.0025
10, 0.9, 1, 0.1574999999999999, 815, 0.0025
10, 0.9, 1, 0.1574999999999999, 816, 0.0025
10, 0.9, 1, 0.1574999999999999, 817, 0.0025
10, 0.9, 1, 0.1574999999999999, 818, 0.0025
10, 0.9, 1, 0.1574999999999999, 874, 0.0025
10, 0.9, 1, 0.1574999999999999, 875, 0.0025
10, 0.9, 1, 0.1574999999999999, 876, 0.0025
10, 0.9, 1, 0.1574999999999999, 877, 0.0025
10, 0.9, 1, 0.1574999999999999, 936, 0.0025
10, 0.9, 1, 0.1574999999999999, 937, 0.0025
10, 0.9, 1, 0.1574999999999999, 938, 0.0025
10, 0.9, 1, 0.1574999999999999, 1053, 0.0025
10, 0.9, 1, 0.1574999999999999, 1119, 0.0025
10, 0.9, 1, 0.1574999999999999, 1188, 0.0025
10, 0.9, 1, 0.1574999999999999, 1258, 0.0025
10, 0.9, 1, 0.1574999999999999, 1330, 0.0025
10, 0.9, 1, 0.1574999999999999, 1331, 0.0025
10, 0.9, 1, 0.1574999999999999, 1332, 0.0025
10, 0.9, 1, 0.1574999999999999, 1333, 0.0025
10, 0.9, 1, 0.1574999999999999, 1334, 0.0025
10, 0.9, 1, 0.1574999999999999, 1406, 0.0025
10, 0.9, 1, 0.1574999999999999, 1407, 0.0025
10, 0.9, 1, 0.1574999999999999, 1408, 0.0025
10, 0.9, 1, 0.1574999999999999, 1409, 0.0025
10, 0.9, 1, 0.1574999999999999, 1410, 0.0025
10, 0.9, 1, 0.1574999999999999, 1482, 0.0025
10, 0.9, 1, 0.1574999999999999, 1483, 0.0025
10, 0.9, 1, 0.1574999999999999, 1484, 0.0025
10, 0.9, 1, 0.1574999999999999, 1485, 0.0025
10, 0.9, 1, 0.1574999999999999, 1486, 0.0025
10, 0.9, 1, 0.1574999999999999, 1560, 0.0025
10, 0.9, 1, 0.1574999999999999, 1561, 0.0025
10, 0.9, 1, 0.1574999999999999, 1562, 0.0025
10, 0.9, 1, 0.1574999999999999, 1563, 0.0025
10, 0.9, 1, 0.1574999999999999, 1641, 0.0025
10, 0.9, 1, 0.1574999999999999, 1642, 0.0025
10, 0.9, 1, 0.1574999999999999, 1724, 0.0025
10, 0.9, 19, 0.1750000000000001, 6473, 0.0025
10, 0.9, 19, 0.1750000000000001, 6474, 0.0025
10, 0.9, 19, 0.1750000000000001, 6475, 0.0025
10, 0.9, 19, 0.1750000000000001, 6604, 0.0025
10, 0.9, 19, 0.1750000000000001, 6605, 0.0025
10, 0.9, 19, 0.1750000000000001, 6606, 0.0025
10, 0.9, 19, 0.1750000000000001, 6607, 0.0025
10, 0.9, 19, 0.1750000000000001, 6608, 0.0025
10, 0.9, 19, 0.1750000000000001, 6736, 0.0025
10, 0.9, 19, 0.1750000000000001, 6737, 0.0025
10, 0.9, 19, 0.1750000000000001, 6738, 0.0025
10, 0.9, 19, 0.1750000000000001, 6739, 0.0025
10, 0.9, 19, 0.1750000000000001, 6740, 0.0025
10, 0.9, 19, 0.1750000000000001, 6741, 0.0025
10, 0.9, 19, 0.1750000000000001, 6869, 0.0025
10, 0.9, 19, 0.1750000000000001, 6870, 0.0025
10, 0.9, 19, 0.1750000000000001, 6871, 0.0025
10, 0.9, 19, 0.1750000000000001, 6872, 0.0025
10, 0.9, 19, 0.1750000000000001, 6873, 0.0025
10, 0.9, 19, 0.1750000000000001, 6874, 0.0025
10, 0.9, 19, 0.1750000000000001, 6875, 0.0025
10, 0.9, 19, 0.1750000000000001, 7003, 0.0025
10, 0.9, 19, 0.1750000000000001, 7004, 0.0025
10, 0.9, 19, 0.1750000000000001, 7005, 0.0025
10, 0.9, 19, 0.1750000000000001, 7006, 0.0025
10, 0.9, 19, 0.1750000000000001, 7007, 0.0025
10, 0.9, 19, 0.1750000000000001, 7008, 0.0025
10, 0.9, 19, 0.1750000000000001, 7009, 0.0025
10, 0.9, 19, 0.1750000000000001, 7137, 0.0025
10, 0.9, 19, 0.1750000000000001, 7138, 0.0025
10, 0.9, 19, 0.1750000000000001, 7139, 0.0025
10, 0.9, 19, 0.1750000000000001, 7140, 0.0025
10, 0.9, 19, 0.1750000000000001, 7141, 0.0025
10, 0.9, 19, 0.1750000000000001, 7142, 0.0025
10, 0.9, 19, 0.1750000000000001, 7143, 0.0025
10, 0.9, 19, 0.1750000000000001, 7144, 0.0025
10, 0.9, 19, 0.1750000000000001, 7271, 0.0025
10, 0.9, 19, 0.1750000000000001, 7272, 0.0025
10, 0.9, 19, 0.1750000000000001, 7273, 0.0025
10, 0.9, 19, 0.1750000000000001, 7274, 0.0025
10, 0.9, 19, 0.1750000000000001, 7275, 0.0025
10, 0.9, 19, 0.1750000000000001, 7276, 0.0025
10, 0.9, 19, 0.1750000000000001, 7277, 0.0025
10, 0.9, 19, 0.1750000000000001, 7278, 0.0025
10, 0.9, 19, 0.1750000000000001, 7279, 0.0025
10, 0.9, 19, 0.1750000000000001, 7280, 0.0025
10, 0.9, 19, 0.1750000000000001, 7281, 0.0025
10, 0.9, 19, 0.1750000000000001, 7408, 0.0025
10, 0.9, 19, 0.1750000000000001, 7409, 0.0025
10, 0.9, 19, 0.1750000000000001, 7410, 0.0025
10, 0.9, 19, 0.1750000000000001, 7411, 0.0025
10, 0.9, 19, 0.1750000000000001, 7412, 0.0025
10, 0.9, 19, 0.1750000000000001, 7413, 0.0025
10, 0.9, 19, 0.1750000000000001, 7414, 0.0025
10, 0.9, 19, 0.1750000000000001, 7415, 0.0025
10, 0.9, 19, 0.1750000000000001, 7416, 0.0025
10, 0.9, 19, 0.1750000000000001, 7545, 0.0025
10, 0.9, 19, 0.1750000000000001, 7546, 0.0025
10, 0.9, 19, 0.1750000000000001, 7547, 0.0025
10, 0.9, 19, 0.1750000000000001, 7548, 0.0025
10, 0.9, 19, 0.1750000000000001, 7549, 0.0025
10, 0.9, 19, 0.1750000000000001, 7550, 0.0025
10, 0.9, 19, 0.1750000000000001, 7551, 0.0025
10, 0.9, 19, 0.1750000000000001, 7552, 0.0025
10, 0.9, 19, 0.1750000000000001, 7553, 0.0025
10, 0.9, 19, 0.1750000000000001, 7684, 0.0025
10, 0.9, 19, 0.1750000000000001, 7686, 0.0025
10, 0.9, 19, 0.1750000000000001, 7687, 0.0025
10, 0.9, 19, 0.1750000000000001, 7688, 0.0025
10, 0.9, 19, 0.1750000000000001, 7689, 0.0025
10, 0.9, 19, 0.1750000000000001, 7824, 0.0025
10, 0.9, 37, 0.1024999999999999, 14869, 0.0025
10, 0.9, 37, 0.1024999999999999, 14982, 0.0025
10, 0.9, 37, 0.1024999999999999, 15091, 0.0025
10, 0.9, 37, 0.1024999999999999, 15092, 0.0025
10, 0.9, 37, 0.1024999999999999, 15209, 0.0025
10, 0.9, 37, 0.1024999999999999, 15322, 0.0025
10, 0.9, 37, 0.1024999999999999, 15439, 0.0025
10, 0.9, 37, 0.1024999999999999, 15440, 0.0025
10, 0.9, 37, 0.1024999999999999, 15552, 0.0025
10, 0.9, 37, 0.1024999999999999, 15553, 0.0025
10, 0.9, 37, 0.1024999999999999, 15667, 0.0025
10, 0.9, 37, 0.1024999999999999, 15668, 0.0025
10, 0.9, 37, 0.1024999999999999, 15669, 0.0025
10, 0.9, 37, 0.1024999999999999, 15786, 0.0025
10, 0.9, 37, 0.1024999999999999, 15787, 0.0025
10, 0.9, 37, 0.1024999999999999, 15788, 0.0025
10, 0.9, 37, 0.1024999999999999, 15901, 0.0025
10, 0.9, 37, 0.1024999999999999, 15902, 0.0025
10, 0.9, 37, 0.1024999999999999, 15903, 0.0025
10, 0.9, 37, 0.1024999999999999, 16019, 0.0025
10, 0.9, 37, 0.1024999999999999, 16020, 0.0025
10, 0.9, 37, 0.1024999999999999, 16021, 0.0025
10, 0.9, 37, 0.1024999999999999, 16136, 0.0025
10, 0.9, 37, 0.1024999999999999, 16137, 0.0025
10, 0.9, 37, 0.1024999999999999, 16138, 0.0025
10, 0.9, 37, 0.1024999999999999, 16254, 0.0025
10, 0.9, 37, 0.1024999999999999, 16255, 0.0025
10, 0.9, 37, 0.1024999999999999, 16256, 0.0025
10, 0.9, 37, 0.1024999999999999, 16257, 0.0025
10, 0.9, 37, 0.1024999999999999, 16369, 0.0025
10, 0.9, 37, 0.1024999999999999, 16370, 0.0025
10, 0.9, 37, 0.1024999999999999, 16371, 0.0025
10, 0.9, 37, 0.1024999999999999, 16482, 0.0025
10, 0.9, 37, 0.1024999999999999, 16483, 0.0025
10, 0.9, 37, 0.1024999999999999, 16484, 0.0025
10, 0.9, 37, 0.1024999999999999, 16485, 0.0025
10, 0.9, 37, 0.1024999999999999, 16593, 0.0025
10, 0.9, 37, 0.1024999999999999, 16594, 0.0025
10, 0.9, 37, 0.1024999999999999, 16595, 0.0025
10, 0.9, 37, 0.1024999999999999, 16699, 0.0025
10, 0.9, 37, 0.1024999999999999, 16700, 0.0025
10, 0.9, 41, 0.1475, 16755, 0.0025
10, 0.9, 37, 0.1024999999999999, 16815, 0.0025
10, 0.9, 41, 0.1475, 16870, 0.0025
10, 0.9, 41, 0.1475, 16986, 0.0025
10, 0.9, 41, 0.1475, 17087, 0.0025
10, 0.9, 41, 0.1475, 17091, 0.0025
10, 0.9, 41, 0.1475, 17092, 0.0025
10, 0.9, 41, 0.1475, 17093, 0.0025
10, 0.9, 41, 0.1475, 17094, 0.0025
10, 0.9, 41, 0.1475, 17190, 0.0025
10, 0.9, 41, 0.1475, 17197, 0.0025
10, 0.9, 41, 0.1475, 17198, 0.0025
10, 0.9, 41, 0.1475, 17200, 0.0025
10, 0.9, 41, 0.1475, 17293, 0.0025
10, 0.9, 41, 0.1475, 17295, 0.0025
10, 0.9, 41, 0.1475, 17299, 0.0025
10, 0.9, 41, 0.1475, 17301, 0.0025
10, 0.9, 41, 0.1475, 17303, 0.0025
10, 0.9, 41, 0.1475, 17395, 0.0025
10, 0.9, 41, 0.1475, 17401, 0.0025
10, 0.9, 41, 0.1475, 17402, 0.0025
10, 0.9, 41, 0.1475, 17404, 0.0025
10, 0.9, 41, 0.1475, 17405, 0.0025
10, 0.9, 41, 0.1475, 17503, 0.0025
10, 0.9, 41, 0.1475, 17504, 0.0025
10, 0.9, 41, 0.1475, 17505, 0.0025
10, 0.9, 41, 0.1475, 17506, 0.0025
10, 0.9, 41, 0.1475, 17508, 0.0025
10, 0.9, 41, 0.1475, 17509, 0.0025
10, 0.9, 41, 0.1475, 17602, 0.0025
10, 0.9, 41, 0.1475, 17603, 0.0025
10, 0.9, 41, 0.1475, 17604, 0.0025
10, 0.9, 41, 0.1475, 17605, 0.0025
10, 0.9, 41, 0.1475, 17606, 0.0025
10, 0.9, 41, 0.1475, 17607, 0.0025
10, 0.9, 41, 0.1475, 17608, 0.0025
10, 0.9, 41, 0.1475, 17609, 0.0025
10, 0.9, 41, 0.1475, 17696, 0.0025
10, 0.9, 41, 0.1475, 17697, 0.0025
10, 0.9, 41, 0.1475, 17698, 0.0025
10, 0.9, 41, 0.1475, 17699, 0.0025
10, 0.9, 41, 0.1475, 17700, 0.0025
10, 0.9, 41, 0.1475, 17702, 0.0025
10, 0.9, 41, 0.1475, 17703, 0.0025
10, 0.9, 41, 0.1475, 17704, 0.0025
10, 0.9, 41, 0.1475, 17791, 0.0025
10, 0.9, 41, 0.1475, 17793, 0.0025
10, 0.9, 41, 0.1475, 17794, 0.0025
10, 0.9, 41, 0.1475, 17795, 0.0025
10, 0.9, 41, 0.1475, 17797, 0.0025
10, 0.9, 41, 0.1475, 17885, 0.0025
10, 0.9, 41, 0.1475, 17889, 0.0025
10, 0.9, 41, 0.1475, 17976, 0.0025
10, 0.9, 41, 0.1475, 17978, 0.0025
10, 0.9, 41, 0.1475, 17980, 0.0025
10, 0.9, 41, 0.1475, 17982, 0.0025
10, 0.9, 41, 0.1475, 18060, 0.0025
10, 0.9, 41, 0.1475, 18062, 0.0025
10, 0.9, 41, 0.1475, 18064, 0.0025
10, 0.9, 41, 0.1475, 18066, 0.0025
10, 0.9, 41, 0.1475, 18149, 0.0025
10, 0.9, 51, 0.09499999999999999, 24190, 0.0025
10, 0.9, 51, 0.09499999999999999, 24285, 0.0025
10, 0.9, 51, 0.09499999999999999, 24382, 0.0025
10, 0.9, 51, 0.09499999999999999, 24383, 0.0025
10, 0.9, 51, 0.09499999999999999, 24593, 0.0025
10, 0.9, 51, 0.09499999999999999, 24698, 0.0025
10, 0.9, 51, 0.09499999999999999, 24699, 0.0025
10, 0.9, 51, 0.09499999999999999, 24700, 0.0025
10, 0.9, 51, 0.09499999999999999, 24808, 0.0025
10, 0.9, 51, 0.09499999999999999, 24809, 0.0025
10, 0.9, 51, 0.09499999999999999, 25146, 0.0025
10, 0.9, 51, 0.09499999999999999, 25253, 0.0025
10, 0.9, 51, 0.09499999999999999, 25254, 0.0025
10, 0.9, 51, 0.09499999999999999, 25255, 0.0025
10, 0.9, 51, 0.09499999999999999, 25361, 0.0025
10, 0.9, 51, 0.09499999999999999, 25362, 0.0025
10, 0.9, 51, 0.09499999999999999, 25363, 0.0025
10, 0.9, 51, 0.09499999999999999, 25471, 0.0025
10, 0.9, 51, 0.09499999999999999, 25472, 0.0025
10, 0.9, 51, 0.09499999999999999, 25473, 0.0025
10, 0.9, 51, 0.09499999999999999, 25474, 0.0025
10, 0.9, 51, 0.09499999999999999, 25582, 0.0025
10, 0.9, 51, 0.09499999999999999, 25583, 0.0025
10, 0.9, 51, 0.09499999999999999, 25584, 0.0025
10, 0.9, 51, 0.09499999999999999, 25585, 0.0025
10, 0.9, 51, 0.09499999999999999, 25691, 0.0025
10, 0.9, 51, 0.09499999999999999, 25692, 0.0025
10, 0.9, 51, 0.09499999999999999, 25694, 0.0025
10, 0.9, 51, 0.09499999999999999, 25695, 0.0025
10, 0.9, 51, 0.09499999999999999, 25806, 0.0025
10, 0.9, 51, 0.09499999999999999, 25807, 0.0025
10, 0.9, 51, 0.09499999999999999, 25808, 0.0025
10, 0.9, 51, 0.09499999999999999, 25809, 0.0025
10, 0.9, 51, 0.09499999999999999, 25918, 0.0025
10, 0.9, 51, 0.09499999999999999, 25919, 0.0025
10, 0.9, 51, 0.09499999999999999, 25920, 0.0025
10, 0.9, 51, 0.09499999999999999, 25922, 0.0025
10, 0.9, 51, 0.09499999999999999, 26036, 0.0025
10, 0.9, 51, 0.09499999999999999, 26037, 0.0025
10, 0.9, 71, 0.035, 33731, 0.0025
10, 0.9, 71, 0.035, 33808, 0.0025
10, 0.9, 71, 0.035, 35055, 0.0025
10, 0.9, 71, 0.035, 35056, 0.0025
10, 0.9, 71, 0.035, 35342, 0.0025
10, 0.9, 71, 0.035, 35416, 0.0025
10, 0.9, 71, 0.035, 35558, 0.0025
10, 0.9, 71, 0.035, 35559, 0.0025
10, 0.9, 71, 0.035, 35625, 0.0025
10, 0.9, 71, 0.035, 35626, 0.0025
10, 0.9, 71, 0.035, 35627, 0.0025
10, 0.9, 71, 0.035, 35628, 0.0025
10, 0.9, 71, 0.035, 35699, 0.0025
10, 0.9, 71, 0.035, 35700, 0.0025
10, 0.9, 71, 0.035, 35772, 0.0025
10, 0.9, 98, 0.06250000000000014, 48187, 0.0025
10, 0.9, 98, 0.06250000000000014, 48314, 0.0025
10, 0.9, 98, 0.06250000000000014, 48717, 0.0025
10, 0.9, 98, 0.06250000000000014, 48978, 0.0025
10, 0.9, 98, 0.06250000000000014, 48979, 0.0025
10, 0.9, 98, 0.06250000000000014, 49250, 0.0025
10, 0.9, 98, 0.06250000000000014, 49251, 0.0025
10, 0.9, 98, 0.06250000000000014, 49253, 0.0025
10, 0.9, 98, 0.06250000000000014, 49377, 0.0025
10, 0.9, 98, 0.06250000000000014, 49511, 0.0025
10, 0.9, 98, 0.06250000000000014, 49516, 0.0025
10, 0.9, 98, 0.06250000000000014, 49650, 0.0025
10, 0.9, 98, 0.06250000000000014, 49651, 0.0025
10, 0.9, 98, 0.06250000000000014, 49785, 0.0025
10, 0.9, 98, 0.06250000000000014, 49920, 0.0025
10, 0.9, 98, 0.06250000000000014, 49921, 0.0025
10, 0.9, 98, 0.06250000000000014, 50062, 0.0025
10, 0.9, 98, 0.06250000000000014, 50063, 0.0025
10, 0.9, 98, 0.06250000000000014, 50064, 0.0025
10, 0.9, 98, 0.06250000000000014, 50065, 0.0025
10, 0.9, 98, 0.06250000000000014, 50066, 0.0025
10, 0.9, 98, 0.06250000000000014, 50208, 0.0025
10, 0.9, 98, 0.06250000000000014, 50350, 0.0025
10, 0.9, 98, 0.06250000000000014, 50627, 0.0025
10, 0.9, 116, 0.1049999999999999, 56241, 0.0025
10, 0.9, 116, 0.1049999999999999, 56242, 0.0025
10, 0.9, 116, 0.1049999999999999, 56389, 0.0025
10, 0.9, 116, 0.1049999999999999, 56390, 0.0025
10, 0.9, 116, 0.1049999999999999, 56537, 0.0025
10, 0.9, 116, 0.1049999999999999, 56538, 0.0025
10, 0.9, 116, 0.1049999999999999, 56539, 0.0025
10, 0.9, 116, 0.1049999999999999, 56684, 0.0025
10, 0.9, 116, 0.1049999999999999, 56685, 0.0025
10, 0.9, 116, 0.1049999999999999, 56835, 0.0025
10, 0.9, 116, 0.1049999999999999, 56836, 0.0025
10, 0.9, 116, 0.1049999999999999, 56983, 0.0025
10, 0.9, 116, 0.1049999999999999, 56985, 0.0025
10, 0.9, 116, 0.1049999999999999, 56986, 0.0025
10, 0.9, 116, 0.1049999999999999, 57134, 0.0025
10, 0.9, 116, 0.1049999999999999, 57283, 0.0025
10, 0.9, 116, 0.1049999999999999, 57285, 0.0025
10, 0.9, 116, 0.1049999999999999, 57435, 0.0025
10, 0.9, 116, 0.1049999999999999, 57437, 0.0025
10, 0.9, 116, 0.1049999999999999, 57589, 0.0025
10, 0.9, 116, 0.1049999999999999, 57903, 0.0025
10, 0.9, 116, 0.1049999999999999, 57904, 0.0025
10, 0.9, 116, 0.1049999999999999, 57905, 0.0025
10, 0.9, 116, 0.1049999999999999, 58060, 0.0025
10, 0.9, 116, 0.1049999999999999, 58061, 0.0025
10, 0.9, 116, 0.1049999999999999, 58062, 0.0025
10, 0.9, 116, 0.1049999999999999, 58213, 0.0025
10, 0.9, 116, 0.1049999999999999, 58214, 0.0025
10, 0.9, 116, 0.1049999999999999, 58215, 0.0025
10, 0.9, 116, 0.1049999999999999, 58216, 0.0025
10, 0.9, 116, 0.1049999999999999, 58217, 0.0025
10, 0.9, 116, 0.1049999999999999, 58372, 0.0025
10, 0.9, 116, 0.1049999999999999, 58374, 0.0025
10, 0.9, 116, 0.1049999999999999, 58535, 0.0025
10, 0.9, 116, 0.1049999999999999, 58536, 0.0025
10, 0.9, 116, 0.1049999999999999, 58537, 0.0025
10, 0.9, 116, 0.1049999999999999, 58538, 0.0025
10, 0.9, 116, 0.1049999999999999, 58539, 0.0025
10, 0.9, 116, 0.1049999999999999, 58702, 0.0025
10, 0.9, 116, 0.1049999999999999, 58703, 0.0025
10, 0.9, 116, 0.1049999999999999, 58873, 0.0025
10, 0.9, 116, 0.1049999999999999, 59041, 0.0025
10, 0.9, 116, 0.1049999999999999, 59042, 0.0025
10, 0.9, 137, 0.06999999999999998, 62563, 0.0025
10, 0.9, 137, 0.06999999999999998, 62564, 0.0025
10, 0.9, 137, 0.06999999999999998, 62566, 0.0025
10, 0.9, 137, 0.06999999999999998, 62567, 0.0025
10, 0.9, 137, 0.06999999999999998, 62739, 0.0025
10, 0.9, 137, 0.06999999999999998, 62740, 0.0025
10, 0.9, 137, 0.06999999999999998, 62741, 0.0025
10, 0.9, 137, 0.06999999999999998, 62910, 0.0025
10, 0.9, 137, 0.06999999999999998, 62911, 0.0025
10, 0.9, 137, 0.06999999999999998, 62913, 0.0025
10, 0.9, 137, 0.06999999999999998, 63087, 0.0025
10, 0.9, 137, 0.06999999999999998, 63088, 0.0025
10, 0.9, 137, 0.06999999999999998, 63089, 0.0025
10, 0.9, 137, 0.06999999999999998, 63254, 0.0025
10, 0.9, 137, 0.06999999999999998, 63255, 0.0025
10, 0.9, 137, 0.06999999999999998, 63258, 0.0025
10, 0.9, 137, 0.06999999999999998, 63421, 0.0025
10, 0.9, 137, 0.06999999999999998, 63422, 0.0025
10, 0.9, 137, 0.06999999999999998, 63423, 0.0025
10, 0.9, 137, 0.06999999999999998, 63587, 0.0025
10, 0.9, 137, 0.06999999999999998, 63592, 0.0025
10, 0.9, 137, 0.06999999999999998, 63757, 0.0025
10, 0.9, 137, 0.06999999999999998, 63919, 0.0025
10, 0.9, 137, 0.06999999999999998, 63920, 0.0025
10, 0.9, 137, 0.06999999999999998, 64080, 0.0025
10, 0.9, 137, 0.06999999999999998, 64081, 0.0025
10, 0.9, 137, 0.06999999999999998, 64082, 0.0025
10, 0.9, 137, 0.06999999999999998, 64400, 0.0025
10, 0.9, 137, 0.06999999999999998, 64712, 0.0025
10, 0.9, 144, 0.05, 65835, 0.0025
10, 0.9, 144, 0.05, 65836, 0.0025
10, 0.9, 144, 0.05, 65837, 0.0025
10, 0.9, 144, 0.05, 65975, 0.0025
10, 0.9, 144, 0.05, 65976, 0.0025
10, 0.9, 144, 0.05, 65977, 0.0025
10, 0.9, 144, 0.05, 65978, 0.0025
10, 0.9, 144, 0.05, 66113, 0.0025
10, 0.9, 144, 0.05, 66118, 0.0025
10, 0.9, 144, 0.05, 66249, 0.0025
10, 0.9, 144, 0.05, 66251, 0.0025
10, 0.9, 144, 0.05, 66258, 0.0025
10, 0.9, 144, 0.05, 66259, 0.0025
10, 0.9, 144, 0.05, 66387, 0.0025
10, 0.9, 144, 0.05, 66390, 0.0025
10, 0.9, 144, 0.05, 66393, 0.0025
10, 0.9, 144, 0.05, 66523, 0.0025
10, 0.9, 144, 0.05, 66524, 0.0025
10, 0.9, 144, 0.05, 66787, 0.0025
10, 0.9, 144, 0.05, 66788, 0.0025
10, 0.9, 144, 0.05, 66915, 0.0025
10, 0.9500000000000001, 1, 0.1549999999999999, 600, 0.0025
10, 0.9500000000000001, 1, 0.1549999999999999, 601, 0.0025
10, 0.9500000000000001, 1, 0.1549999999999999, 602, 0.0025
10, 0.9500000000000001, 1, 0.1549999999999999, 604, 0.0025
10, 0.9500000000000001, 1, 0.1549999999999999, 648, 0.0025
10, 0.9500000000000001, 1, 0.1549999999999999, 649, 0.0025
10, 0.9500000000000001, 1, 0.1549999999999999, 650, 0.0025
10, 0.9500000000000001, 1, 0.1549999999999999, 651, 0.0025
10, 0.9500000000000001, 1, 0.1549999999999999, 652, 0.0025
10, 0.9500000000000001, 1, 0.1549999999999999, 653, 0.0025
10, 0.9500000000000001, 1, 0.1549999999999999, 654, 0.0025
10, 0.9500000000000001, 1, 0.1549999999999999, 701, 0.0025
10, 0.9500000000000001, 1, 0.1549999999999999, 702, 0.0025
10, 0.9500000000000001, 1, 0.1549999999999999, 703, 0.0025
10, 0.9500000000000001, 1, 0.1549999999999999, 704, 0.0025
10, 0.9500000000000001, 1, 0.1549999999999999, 705, 0.0025
10, 0.9500000000000001, 1, 0.1549999999999999, 706, 0.0025
10, 0.9500000000000001, 1, 0.1549999999999999, 707, 0.0025
10, 0.9500000000000001, 1, 0.1549999999999999, 756, 0.0025
10, 0.9500000000000001, 1, 0.1549999999999999, 757, 0.0025
10, 0.9500000000000001, 1, 0.1549999999999999, 758, 0.0025
10, 0.9500000000000001, 1, 0.1549999999999999, 759, 0.0025
10, 0.9500000000000001, 1, 0.1549999999999999, 760, 0.0025
10, 0.9500000000000001, 1, 0.1549999999999999, 761, 0.0025
10, 0.9500000000000001, 1, 0.1549999999999999, 762, 0.0025
10, 0.9500000000000001, 1, 0.1549999999999999, 814, 0.0025
10, 0.9500000000000001, 1, 0.1549999999999999, 815, 0.0025
10, 0.9500000000000001, 1, 0.1549999999999999, 816, 0.0025
10, 0.9500000000000001, 1, 0.1549999999999999, 817, 0.0025
10, 0.9500000000000001, 1, 0.1549999999999999, 818, 0.0025
10, 0.9500000000000001, 1, 0.1549999999999999, 874, 0.0025
10, 0.9500000000000001, 1, 0.1549999999999999, 875, 0.0025
10, 0.9500000000000001, 1, 0.1549999999999999, 876, 0.0025
10, 0.9500000000000001, 1, 0.1549999999999999, 877, 0.0025
10, 0.9500000000000001, 1, 0.1549999999999999, 936, 0.0025
10, 0.9500000000000001, 1, 0.1549999999999999, 937, 0.0025
10, 0.9500000000000001, 1, 0.1549999999999999, 938, 0.0025
10, 0.9500000000000001, 1, 0.1549999999999999, 1053, 0.0025
10, 0.9500000000000001, 1, 0.1549999999999999, 1119, 0.0025
10, 0.9500000000000001, 1, 0.1549999999999999, 1188, 0.0025
10, 0.9500000000000001, 1, 0.1549999999999999, 1258, 0.0025
10, 0.9500000000000001, 1, 0.1549999999999999, 1330, 0.0025
10, 0.9500000000000001, 1, 0.1549999999999999, 1331, 0.0025
10, 0.9500000000000001, 1, 0.1549999999999999, 1332, 0.0025
10, 0.9500000000000001, 1, 0.1549999999999999, 1333, 0.0025
10, 0.9500000000000001, 1, 0.1549999999999999, 1334, 0.0025
10, 0.9500000000000001, 1, 0.1549999999999999, 1406, 0.0025
10, 0.9500000000000001, 1, 0.1549999999999999, 1407, 0.0025
10, 0.9500000000000001, 1, 0.1549999999999999, 1408, 0.0025
10, 0.9500000000000001, 1, 0.1549999999999999, 1409, 0.0025
10, 0.9500000000000001, 1, 0.1549999999999999, 1410, 0.0025
10, 0.9500000000000001, 1, 0.1549999999999999, 1482, 0.0025
10, 0.9500000000000001, 1, 0.1549999999999999, 1483, 0.0025
10, 0.9500000000000001, 1, 0.1549999999999999, 1484, 0.0025
10, 0.9500000000000001, 1, 0.1549999999999999, 1485, 0.0025
10, 0.9500000000000001, 1, 0.1549999999999999, 1486, 0.0025
10, 0.9500000000000001, 1, 0.1549999999999999, 1560, 0.0025
10, 0.9500000000000001, 1, 0.1549999999999999, 1561, 0.0025
10, 0.9500000000000001, 1, 0.1549999999999999, 1562, 0.0025
10, 0.9500000000000001, 1, 0.1549999999999999, 1563, 0.0025
10, 0.9500000000000001, 1, 0.1549999999999999, 1641, 0.0025
10, 0.9500000000000001, 1, 0.1549999999999999, 1642, 0.0025
10, 0.9500000000000001, 1, 0.1549999999999999, 1724, 0.0025
10, 0.9500000000000001, 19, 0.1649999999999998, 6474, 0.0025
10, 0.9500000000000001, 19, 0.1649999999999998, 6475, 0.0025
10, 0.9500000000000001, 19, 0.1649999999999998, 6604, 0.0025
10, 0.9500000000000001, 19, 0.1649999999999998, 6605, 0.0025
10, 0.9500000000000001, 19, 0.1649999999999998, 6606, 0.0025
10, 0.9500000000000001, 19, 0.1649999999999998, 6607, 0.0025
10, 0.9500000000000001, 19, 0.1649999999999998, 6608, 0.0025
10, 0.9500000000000001, 19, 0.1649999999999998, 6736, 0.0025
10, 0.9500000000000001, 19, 0.1649999999999998, 6737, 0.0025
10, 0.9500000000000001, 19, 0.1649999999999998, 6738, 0.0025
10, 0.9500000000000001, 19, 0.1649999999999998, 6739, 0.0025
10, 0.9500000000000001, 19, 0.1649999999999998, 6740, 0.0025
10, 0.9500000000000001, 19, 0.1649999999999998, 6741, 0.0025
10, 0.9500000000000001, 19, 0.1649999999999998, 6869, 0.0025
10, 0.9500000000000001, 19, 0.1649999999999998, 6870, 0.0025
10, 0.9500000000000001, 19, 0.1649999999999998, 6871, 0.0025
10, 0.9500000000000001, 19, 0.1649999999999998, 6872, 0.0025
10, 0.9500000000000001, 19, 0.1649999999999998, 6873, 0.0025
10, 0.9500000000000001, 19, 0.1649999999999998, 6874, 0.0025
10, 0.9500000000000001, 19, 0.1649999999999998, 6875, 0.0025
10, 0.9500000000000001, 19, 0.1649999999999998, 7004, 0.0025
10, 0.9500000000000001, 19, 0.1649999999999998, 7005, 0.0025
10, 0.9500000000000001, 19, 0.1649999999999998, 7006, 0.0025
10, 0.9500000000000001, 19, 0.1649999999999998, 7007, 0.0025
10, 0.9500000000000001, 19, 0.1649999999999998, 7008, 0.0025
10, 0.9500000000000001, 19, 0.1649999999999998, 7009, 0.0025
10, 0.9500000000000001, 19, 0.1649999999999998, 7137, 0.0025
10, 0.9500000000000001, 19, 0.1649999999999998, 7138, 0.0025
10, 0.9500000000000001, 19, 0.1649999999999998, 7139, 0.0025
10, 0.9500000000000001, 19, 0.1649999999999998, 7140, 0.0025
10, 0.9500000000000001, 19, 0.1649999999999998, 7141, 0.0025
10, 0.9500000000000001, 19, 0.1649999999999998, 7142, 0.0025
10, 0.9500000000000001, 19, 0.1649999999999998, 7143, 0.0025
10, 0.9500000000000001, 19, 0.1649999999999998, 7144, 0.0025
10, 0.9500000000000001, 19, 0.1649999999999998, 7271, 0.0025
10, 0.9500000000000001, 19, 0.1649999999999998, 7272, 0.0025
10, 0.9500000000000001, 19, 0.1649999999999998, 7273, 0.0025
10, 0.9500000000000001, 19, 0.1649999999999998, 7274, 0.0025
10, 0.9500000000000001, 19, 0.1649999999999998, 7275, 0.0025
10, 0.9500000000000001, 19, 0.1649999999999998, 7276, 0.0025
10, 0.9500000000000001, 19, 0.1649999999999998, 7277, 0.0025
10, 0.9500000000000001, 19, 0.1649999999999998, 7278, 0.0025
10, 0.9500000000000001, 19, 0.1649999999999998, 7279, 0.0025
10, 0.9500000000000001, 19, 0.1649999999999998, 7280, 0.0025
10, 0.9500000000000001, 19, 0.1649999999999998, 7408, 0.0025
10, 0.9500000000000001, 19, 0.1649999999999998, 7409, 0.0025
10, 0.9500000000000001, 19, 0.1649999999999998, 7410, 0.0025
10, 0.9500000000000001, 19, 0.1649999999999998, 7411, 0.0025
10, 0.9500000000000001, 19, 0.1649999999999998, 7412, 0.0025
10, 0.9500000000000001, 19, 0.1649999999999998, 7413, 0.0025
10, 0.9500000000000001, 19, 0.1649999999999998, 7414, 0.0025
10, 0.9500000000000001, 19, 0.1649999999999998, 7415, 0.0025
10, 0.9500000000000001, 19, 0.1649999999999998, 7416, 0.0025
10, 0.9500000000000001, 19, 0.1649999999999998, 7546, 0.0025
10, 0.9500000000000001, 19, 0.1649999999999998, 7547, 0.0025
10, 0.9500000000000001, 19, 0.1649999999999998, 7548, 0.0025
10, 0.9500000000000001, 19, 0.1649999999999998, 7549, 0.0025
10, 0.9500000000000001, 19, 0.1649999999999998, 7550, 0.0025
10, 0.9500000000000001, 19, 0.1649999999999998, 7551, 0.0025
10, 0.9500000000000001, 19, 0.1649999999999998, 7552, 0.0025
10, 0.9500000000000001, 19, 0.1649999999999998, 7553, 0.0025
10, 0.9500000000000001, 19, 0.1649999999999998, 7684, 0.0025
10, 0.9500000000000001, 19, 0.1649999999999998, 7686, 0.0025
10, 0.9500000000000001, 19, 0.1649999999999998, 7687, 0.0025
10, 0.9500000000000001, 19, 0.1649999999999998, 7688, 0.0025
10, 0.9500000000000001, 19, 0.1649999999999998, 7689, 0.0025
10, 0.9500000000000001, 19, 0.1649999999999998, 7824, 0.0025
10, 0.9500000000000001, 37, 0.1099999999999999, 14869, 0.0025
10, 0.9500000000000001, 37, 0.1099999999999999, 14982, 0.0025
10, 0.9500000000000001, 37, 0.1099999999999999, 15091, 0.0025
10, 0.9500000000000001, 37, 0.1099999999999999, 15092, 0.0025
10, 0.9500000000000001, 37, 0.1099999999999999, 15209, 0.0025
10, 0.9500000000000001, 37, 0.1099999999999999, 15321, 0.0025
10, 0.9500000000000001, 37, 0.1099999999999999, 15322, 0.0025
10, 0.9500000000000001, 37, 0.1099999999999999, 15439, 0.0025
10, 0.9500000000000001, 37, 0.1099999999999999, 15440, 0.0025
10, 0.9500000000000001, 37, 0.1099999999999999, 15552, 0.0025
10, 0.9500000000000001, 37, 0.1099999999999999, 15553, 0.0025
10, 0.9500000000000001, 37, 0.1099999999999999, 15667, 0.0025
10, 0.9500000000000001, 37, 0.1099999999999999, 15668, 0.0025
10, 0.9500000000000001, 37, 0.1099999999999999, 15669, 0.0025
10, 0.9500000000000001, 37, 0.1099999999999999, 15786, 0.0025
10, 0.9500000000000001, 37, 0.1099999999999999, 15787, 0.0025
10, 0.9500000000000001, 37, 0.1099999999999999, 15788, 0.0025
10, 0.9500000000000001, 37, 0.1099999999999999, 15901, 0.0025
10, 0.9500000000000001, 37, 0.1099999999999999, 15902, 0.0025
10, 0.9500000000000001, 37, 0.1099999999999999, 15903, 0.0025
10, 0.9500000000000001, 37, 0.1099999999999999, 16019, 0.0025
10, 0.9500000000000001, 37, 0.1099999999999999, 16020, 0.0025
10, 0.9500000000000001, 37, 0.1099999999999999, 16021, 0.0025
10, 0.9500000000000001, 37, 0.1099999999999999, 16136, 0.0025
10, 0.9500000000000001, 37, 0.1099999999999999, 16137, 0.0025
10, 0.9500000000000001, 37, 0.1099999999999999, 16138, 0.0025
10, 0.9500000000000001, 37, 0.1099999999999999, 16254, 0.0025
10, 0.9500000000000001, 37, 0.1099999999999999, 16255, 0.0025
10, 0.9500000000000001, 37, 0.1099999999999999, 16256, 0.0025
10, 0.9500000000000001, 37, 0.1099999999999999, 16257, 0.0025
10, 0.9500000000000001, 37, 0.1099999999999999, 16369, 0.0025
10, 0.9500000000000001, 37, 0.1099999999999999, 16370, 0.0025
10, 0.9500000000000001, 37, 0.1099999999999999, 16371, 0.0025
10, 0.9500000000000001, 37, 0.1099999999999999, 16482, 0.0025
10, 0.9500000000000001, 37, 0.1099999999999999, 16483, 0.0025
10, 0.9500000000000001, 37, 0.1099999999999999, 16484, 0.0025
10, 0.9500000000000001, 37, 0.1099999999999999, 16485, 0.0025
10, 0.9500000000000001, 37, 0.1099999999999999, 16592, 0.0025
10, 0.9500000000000001, 37, 0.1099999999999999, 16593, 0.0025
10, 0.9500000000000001, 37, 0.1099999999999999, 16594, 0.0025
10, 0.9500000000000001, 37, 0.1099999999999999, 16595, 0.0025
10, 0.9500000000000001, 37, 0.1099999999999999, 16699, 0.0025
10, 0.9500000000000001, 37, 0.1099999999999999, 16700, 0.0025
10, 0.9500000000000001, 41, 0.1450000000000005, 16755, 0.0025
10, 0.9500000000000001, 37, 0.1099999999999999, 16815, 0.0025
10, 0.9500000000000001, 41, 0.1450000000000005, 16870, 0.0025
10, 0.9500000000000001, 37, 0.1099999999999999, 16927, 0.0025
10, 0.9500000000000001, 41, 0.1450000000000005, 16986, 0.0025
10, 0.9500000000000001, 41, 0.1450000000000005, 17087, 0.0025
10, 0.9500000000000001, 41, 0.1450000000000005, 17091, 0.0025
10, 0.9500000000000001, 41, 0.1450000000000005, 17092, 0.0025
10, 0.9500000000000001, 41, 0.1450000000000005, 17093, 0.0025
10, 0.9500000000000001, 41, 0.1450000000000005, 17094, 0.0025
10, 0.9500000000000001, 41, 0.1450000000000005, 17190, 0.0025
10, 0.9500000000000001, 41, 0.1450000000000005, 17197, 0.0025
10, 0.9500000000000001, 41, 0.1450000000000005, 17198, 0.0025
10, 0.9500000000000001, 41, 0.1450000000000005, 17293, 0.0025
10, 0.9500000000000001, 41, 0.1450000000000005, 17295, 0.0025
10, 0.9500000000000001, 41, 0.1450000000000005, 17299, 0.0025
10, 0.9500000000000001, 41, 0.1450000000000005, 17301, 0.0025
10, 0.9500000000000001, 41, 0.1450000000000005, 17303, 0.0025
10, 0.9500000000000001, 41, 0.1450000000000005, 17395, 0.0025
10, 0.9500000000000001, 41, 0.1450000000000005, 17401, 0.0025
10, 0.9500000000000001, 41, 0.1450000000000005, 17402, 0.0025
10, 0.9500000000000001, 41, 0.1450000000000005, 17404, 0.0025
10, 0.9500000000000001, 41, 0.1450000000000005, 17405, 0.0025
10, 0.9500000000000001, 41, 0.1450000000000005, 17503, 0.0025
10, 0.9500000000000001, 41, 0.1450000000000005, 17504, 0.0025
10, 0.9500000000000001, 41, 0.1450000000000005, 17505, 0.0025
10, 0.9500000000000001, 41, 0.1450000000000005, 17506, 0.0025
10, 0.9500000000000001, 41, 0.1450000000000005, 17508, 0.0025
10, 0.9500000000000001, 41, 0.1450000000000005, 17509, 0.0025
10, 0.9500000000000001, 41, 0.1450000000000005, 17602, 0.0025
10, 0.9500000000000001, 41, 0.1450000000000005, 17603, 0.0025
10, 0.9500000000000001, 41, 0.1450000000000005, 17604, 0.0025
10, 0.9500000000000001, 41, 0.1450000000000005, 17605, 0.0025
10, 0.9500000000000001, 41, 0.1450000000000005, 17606, 0.0025
10, 0.9500000000000001, 41, 0.1450000000000005, 17607, 0.0025
10, 0.9500000000000001, 41, 0.1450000000000005, 17608, 0.0025
10, 0.9500000000000001, 41, 0.1450000000000005, 17609, 0.0025
10, 0.9500000000000001, 41, 0.1450000000000005, 17696, 0.0025
10, 0.9500000000000001, 41, 0.1450000000000005, 17697, 0.0025
10, 0.9500000000000001, 41, 0.1450000000000005, 17698, 0.0025
10, 0.9500000000000001, 41, 0.1450000000000005, 17699, 0.0025
10, 0.9500000000000001, 41, 0.1450000000000005, 17700, 0.0025
10, 0.9500000000000001, 41, 0.1450000000000005, 17702, 0.0025
10, 0.9500000000000001, 41, 0.1450000000000005, 17703, 0.0025
10, 0.9500000000000001, 41, 0.1450000000000005, 17704, 0.0025
10, 0.9500000000000001, 41, 0.1450000000000005, 17791, 0.0025
10, 0.9500000000000001, 41, 0.1450000000000005, 17793, 0.0025
10, 0.9500000000000001, 41, 0.1450000000000005, 17794, 0.0025
10, 0.9500000000000001, 41, 0.1450000000000005, 17795, 0.0025
10, 0.9500000000000001, 41, 0.1450000000000005, 17797, 0.0025
10, 0.9500000000000001, 41, 0.1450000000000005, 17885, 0.0025
10, 0.9500000000000001, 41, 0.1450000000000005, 17889, 0.0025
10, 0.9500000000000001, 41, 0.1450000000000005, 17976, 0.0025
10, 0.9500000000000001, 41, 0.1450000000000005, 17978, 0.0025
10, 0.9500000000000001, 41, 0.1450000000000005, 17980, 0.0025
10, 0.9500000000000001, 41, 0.1450000000000005, 17982, 0.0025
10, 0.9500000000000001, 41, 0.1450000000000005, 18060, 0.0025
10, 0.9500000000000001, 41, 0.1450000000000005, 18062, 0.0025
10, 0.9500000000000001, 41, 0.1450000000000005, 18064, 0.0025
10, 0.9500000000000001, 41, 0.1450000000000005, 18066, 0.0025
10, 0.9500000000000001, 41, 0.1450000000000005, 18149, 0.0025
10, 0.9500000000000001, 51, 0.09499999999999999, 24190, 0.0025
10, 0.9500000000000001, 51, 0.09499999999999999, 24285, 0.0025
10, 0.9500000000000001, 51, 0.09499999999999999, 24382, 0.0025
10, 0.9500000000000001, 51, 0.09499999999999999, 24383, 0.0025
10, 0.9500000000000001, 51, 0.09499999999999999, 24593, 0.0025
10, 0.9500000000000001, 51, 0.09499999999999999, 24698, 0.0025
10, 0.9500000000000001, 51, 0.09499999999999999, 24699, 0.0025
10, 0.9500000000000001, 51, 0.09499999999999999, 24700, 0.0025
10, 0.9500000000000001, 51, 0.09499999999999999, 24808, 0.0025
10, 0.9500000000000001, 51, 0.09499999999999999, 24809, 0.0025
10, 0.9500000000000001, 51, 0.09499999999999999, 25146, 0.0025
10, 0.9500000000000001, 51, 0.09499999999999999, 25253, 0.0025
10, 0.9500000000000001, 51, 0.09499999999999999, 25254, 0.0025
10, 0.9500000000000001, 51, 0.09499999999999999, 25255, 0.0025
10, 0.9500000000000001, 51, 0.09499999999999999, 25361, 0.0025
10, 0.9500000000000001, 51, 0.09499999999999999, 25362, 0.0025
10, 0.9500000000000001, 51, 0.09499999999999999, 25363, 0.0025
10, 0.9500000000000001, 51, 0.09499999999999999, 25471, 0.0025
10, 0.9500000000000001, 51, 0.09499999999999999, 25472, 0.0025
10, 0.9500000000000001, 51, 0.09499999999999999, 25473, 0.0025
10, 0.9500000000000001, 51, 0.09499999999999999, 25474, 0.0025
10, 0.9500000000000001, 51, 0.09499999999999999, 25582, 0.0025
10, 0.9500000000000001, 51, 0.09499999999999999, 25583, 0.0025
10, 0.9500000000000001, 51, 0.09499999999999999, 25584, 0.0025
10, 0.9500000000000001, 51, 0.09499999999999999, 25585, 0.0025
10, 0.9500000000000001, 51, 0.09499999999999999, 25691, 0.0025
10, 0.9500000000000001, 51, 0.09499999999999999, 25692, 0.0025
10, 0.9500000000000001, 51, 0.09499999999999999, 25694, 0.0025
10, 0.9500000000000001, 51, 0.09499999999999999, 25695, 0.0025
10, 0.9500000000000001, 51, 0.09499999999999999, 25806, 0.0025
10, 0.9500000000000001, 51, 0.09499999999999999, 25807, 0.0025
10, 0.9500000000000001, 51, 0.09499999999999999, 25808, 0.0025
10, 0.9500000000000001, 51, 0.09499999999999999, 25809, 0.0025
10, 0.9500000000000001, 51, 0.09499999999999999, 25918, 0.0025
10, 0.9500000000000001, 51, 0.09499999999999999, 25919, 0.0025
10, 0.9500000000000001, 51, 0.09499999999999999, 25920, 0.0025
10, 0.9500000000000001, 51, 0.09499999999999999, 25922, 0.0025
10, 0.9500000000000001, 51, 0.09499999999999999, 26036, 0.0025
10, 0.9500000000000001, 51, 0.09499999999999999, 26037, 0.0025
10, 0.9500000000000001, 71, 0.035, 33731, 0.0025
10, 0.9500000000000001, 71, 0.035, 33808, 0.0025
10, 0.9500000000000001, 71, 0.035, 35055, 0.0025
10, 0.9500000000000001, 71, 0.035, 35056, 0.0025
10, 0.9500000000000001, 71, 0.035, 35342, 0.0025
10, 0.9500000000000001, 71, 0.035, 35416, 0.0025
10, 0.9500000000000001, 71, 0.035, 35558, 0.0025
10, 0.9500000000000001, 71, 0.035, 35559, 0.0025
10, 0.9500000000000001, 71, 0.035, 35625, 0.0025
10, 0.9500000000000001, 71, 0.035, 35626, 0.0025
10, 0.9500000000000001, 71, 0.035, 35627, 0.0025
10, 0.9500000000000001, 71, 0.035, 35628, 0.0025
10, 0.9500000000000001, 71, 0.035, 35699, 0.0025
10, 0.9500000000000001, 71, 0.035, 35700, 0.0025
10, 0.9500000000000001, 71, 0.035, 35772, 0.0025
10, 0.9500000000000001, 98, 0.0625, 48187, 0.0025
10, 0.9500000000000001, 98, 0.0625, 48314, 0.0025
10, 0.9500000000000001, 98, 0.0625, 48717, 0.0025
10, 0.9500000000000001, 98, 0.0625, 48978, 0.0025
10, 0.9500000000000001, 98, 0.0625, 48979, 0.0025
10, 0.9500000000000001, 98, 0.0625, 49250, 0.0025
10, 0.9500000000000001, 98, 0.0625, 49251, 0.0025
10, 0.9500000000000001, 98, 0.0625, 49253, 0.0025
10, 0.9500000000000001, 98, 0.0625, 49377, 0.0025
10, 0.9500000000000001, 98, 0.0625, 49511, 0.0025
10, 0.9500000000000001, 98, 0.0625, 49516, 0.0025
10, 0.9500000000000001, 98, 0.0625, 49650, 0.0025
10, 0.9500000000000001, 98, 0.0625, 49651, 0.0025
10, 0.9500000000000001, 98, 0.0625, 49785, 0.0025
10, 0.9500000000000001, 98, 0.0625, 49920, 0.0025
10, 0.9500000000000001, 98, 0.0625, 49921, 0.0025
10, 0.9500000000000001, 98, 0.0625, 50062, 0.0025
10, 0.9500000000000001, 98, 0.0625, 50063, 0.0025
10, 0.9500000000000001, 98, 0.0625, 50064, 0.0025
10, 0.9500000000000001, 98, 0.0625, 50065, 0.0025
10, 0.9500000000000001, 98, 0.0625, 50066, 0.0025
10, 0.9500000000000001, 98, 0.0625, 50208, 0.0025
10, 0.9500000000000001, 98, 0.0625, 50350, 0.0025
10, 0.9500000000000001, 98, 0.0625, 50627, 0.0025
10, 0.9500000000000001, 116, 0.1049999999999999, 56241, 0.0025
10, 0.9500000000000001, 116, 0.1049999999999999, 56242, 0.0025
10, 0.9500000000000001, 116, 0.1049999999999999, 56389, 0.0025
10, 0.9500000000000001, 116, 0.1049999999999999, 56390, 0.0025
10, 0.9500000000000001, 116, 0.1049999999999999, 56537, 0.0025
10, 0.9500000000000001, 116, 0.1049999999999999, 56538, 0.0025
10, 0.9500000000000001, 116, 0.1049999999999999, 56539, 0.0025
10, 0.9500000000000001, 116, 0.1049999999999999, 56684, 0.0025
10, 0.9500000000000001, 116, 0.1049999999999999, 56685, 0.0025
10, 0.9500000000000001, 116, 0.1049999999999999, 56835, 0.0025
10, 0.9500000000000001, 116, 0.1049999999999999, 56836, 0.0025
10, 0.9500000000000001, 116, 0.1049999999999999, 56983, 0.0025
10, 0.9500000000000001, 116, 0.1049999999999999, 56985, 0.0025
10, 0.9500000000000001, 116, 0.1049999999999999, 56986, 0.0025
10, 0.9500000000000001, 116, 0.1049999999999999, 57134, 0.0025
10, 0.9500000000000001, 116, 0.1049999999999999, 57283, 0.0025
10, 0.9500000000000001, 116, 0.1049999999999999, 57285, 0.0025
10, 0.9500000000000001, 116, 0.1049999999999999, 57435, 0.0025
10, 0.9500000000000001, 116, 0.1049999999999999, 57437, 0.0025
10, 0.9500000000000001, 116, 0.1049999999999999, 57589, 0.0025
10, 0.9500000000000001, 116, 0.1049999999999999, 57903, 0.0025
10, 0.9500000000000001, 116, 0.1049999999999999, 57904, 0.0025
10, 0.9500000000000001, 116, 0.1049999999999999, 57905, 0.0025
10, 0.9500000000000001, 116, 0.1049999999999999, 58060, 0.0025
10, 0.9500000000000001, 116, 0.1049999999999999, 58061, 0.0025
10, 0.9500000000000001, 116, 0.1049999999999999, 58062, 0.0025
10, 0.9500000000000001, 116, 0.1049999999999999, 58213, 0.0025
10, 0.9500000000000001, 116, 0.1049999999999999, 58214, 0.0025
10, 0.9500000000000001, 116, 0.1049999999999999, 58215, 0.0025
10, 0.9500000000000001, 116, 0.1049999999999999, 58216, 0.0025
10, 0.9500000000000001, 116, 0.1049999999999999, 58217, 0.0025
10, 0.9500000000000001, 116, 0.1049999999999999, 58372, 0.0025
10, 0.9500000000000001, 116, 0.1049999999999999, 58374, 0.0025
10, 0.9500000000000001, 116, 0.1049999999999999, 58535, 0.0025
10, 0.9500000000000001, 116, 0.1049999999999999, 58536, 0.0025
10, 0.9500000000000001, 116, 0.1049999999999999, 58537, 0.0025
10, 0.9500000000000001, 116, 0.1049999999999999, 58538, 0.0025
10, 0.9500000000000001, 116, 0.1049999999999999, 58539, 0.0025
10, 0.9500000000000001, 116, 0.1049999999999999, 58702, 0.0025
10, 0.9500000000000001, 116, 0.1049999999999999, 58703, 0.0025
10, 0.9500000000000001, 116, 0.1049999999999999, 58873, 0.0025
10, 0.9500000000000001, 116, 0.1049999999999999, 59041, 0.0025
10, 0.9500000000000001, 116, 0.1049999999999999, 59042, 0.0025
10, 0.9500000000000001, 137, 0.075, 62563, 0.0025
10, 0.9500000000000001, 137, 0.075, 62564, 0.0025
10, 0.9500000000000001, 137, 0.075, 62566, 0.0025
10, 0.9500000000000001, 137, 0.075, 62567, 0.0025
10, 0.9500000000000001, 137, 0.075, 62739, 0.0025
10, 0.9500000000000001, 137, 0.075, 62740, 0.0025
10, 0.9500000000000001, 137, 0.075, 62741, 0.0025
10, 0.9500000000000001, 137, 0.075, 62910, 0.0025
10, 0.9500000000000001, 137, 0.075, 62911, 0.0025
10, 0.9500000000000001, 137, 0.075, 62913, 0.0025
10, 0.9500000000000001, 137, 0.075, 63087, 0.0025
10, 0.9500000000000001, 137, 0.075, 63088, 0.0025
10, 0.9500000000000001, 137, 0.075, 63089, 0.0025
10, 0.9500000000000001, 137, 0.075, 63254, 0.0025
10, 0.9500000000000001, 137, 0.075, 63255, 0.0025
10, 0.9500000000000001, 137, 0.075, 63258, 0.0025
10, 0.9500000000000001, 137, 0.075, 63421, 0.0025
10, 0.9500000000000001, 137, 0.075, 63422, 0.0025
10, 0.9500000000000001, 137, 0.075, 63423, 0.0025
10, 0.9500000000000001, 137, 0.075, 63587, 0.0025
10, 0.9500000000000001, 137, 0.075, 63592, 0.0025
10, 0.9500000000000001, 137, 0.075, 63757, 0.0025
10, 0.9500000000000001, 137, 0.075, 63919, 0.0025
10, 0.9500000000000001, 137, 0.075, 63920, 0.0025
10, 0.9500000000000001, 137, 0.075, 64080, 0.0025
10, 0.9500000000000001, 137, 0.075, 64081, 0.0025
10, 0.9500000000000001, 137, 0.075, 64082, 0.0025
10, 0.9500000000000001, 137, 0.075, 64400, 0.0025
10, 0.9500000000000001, 137, 0.075, 64712, 0.0025
10, 0.9500000000000001, 144, 0.0525, 65835, 0.0025
10, 0.9500000000000001, 144, 0.0525, 65836, 0.0025
10, 0.9500000000000001, 144, 0.0525, 65837, 0.0025
10, 0.9500000000000001, 144, 0.0525, 65975, 0.0025
10, 0.9500000000000001, 144, 0.0525, 65976, 0.0025
10, 0.9500000000000001, 144, 0.0525, 65977, 0.0025
10, 0.9500000000000001, 144, 0.0525, 65978, 0.0025
10, 0.9500000000000001, 144, 0.0525, 66113, 0.0025
10, 0.9500000000000001, 144, 0.0525, 66118, 0.0025
10, 0.9500000000000001, 144, 0.0525, 66249, 0.0025
10, 0.9500000000000001, 144, 0.0525, 66251, 0.0025
10, 0.9500000000000001, 144, 0.0525, 66258, 0.0025
10, 0.9500000000000001, 144, 0.0525, 66259, 0.0025
10, 0.9500000000000001, 144, 0.0525, 66387, 0.0025
10, 0.9500000000000001, 144, 0.0525, 66390, 0.0025
10, 0.9500000000000001, 144, 0.0525, 66393, 0.0025
10, 0.9500000000000001, 144, 0.0525, 66523, 0.0025
10, 0.9500000000000001, 144, 0.0525, 66524, 0.0025
10, 0.9500000000000001, 144, 0.0525, 66787, 0.0025
10, 0.9500000000000001, 144, 0.0525, 66788, 0.0025
10, 0.9500000000000001, 144, 0.0525, 66915, 0.0025
20, 0.05, 1, 0.0325, 1408, 0.0025
20, 0.05, 1, 0.0325, 1409, 0.0025
20, 0.05, 1, 0.0325, 1410, 0.0025
20, 0.05, 1, 0.0325, 1483, 0.0025
20, 0.05, 1, 0.0325, 1484, 0.0025
20, 0.05, 1, 0.0325, 1485, 0.0025
20, 0.05, 1, 0.0325, 1486, 0.0025
20, 0.05, 2, 0.0325, 1551, 0.0025
20, 0.05, 1, 0.0325, 1560, 0.0025
20, 0.05, 1, 0.0325, 1561, 0.0025
20, 0.05, 1, 0.0325, 1562, 0.0025
20, 0.05, 1, 0.0325, 1563, 0.0025
20, 0.05, 1, 0.0325, 1641, 0.0025
20, 0.05, 1, 0.0325, 1642, 0.0025
20, 0.05, 2, 0.0325, 1712, 0.0025
20, 0.05, 1, 0.0325, 1724, 0.0025
20, 0.05, 6, 0.0325, 1744, 0.0025
20, 0.05, 6, 0.0325, 1832, 0.0025
20, 0.05, 6, 0.0325, 1834, 0.0025
20, 0.05, 6, 0.0325, 1835, 0.0025
20, 0.05, 2, 0.0325, 1884, 0.0025
20, 0.05, 6, 0.0325, 1922, 0.0025
20, 0.05, 6, 0.0325, 1923, 0.0025
20, 0.05, 6, 0.0325, 1924, 0.0025
20, 0.05, 2, 0.0325, 1971, 0.0025
20, 0.05, 2, 0.0325, 1972, 0.0025
20, 0.05, 2, 0.0325, 1973, 0.0025
20, 0.05, 2, 0.0325, 1974, 0.0025
20, 0.05, 6, 0.0325, 2016, 0.0025
20, 0.05, 6, 0.0325, 2017, 0.0025
20, 0.05, 2, 0.0325, 2064, 0.0025
20, 0.05, 2, 0.0325, 2065, 0.0025
20, 0.05, 2, 0.0325, 2066, 0.0025
20, 0.05, 2, 0.0325, 2067, 0.0025
20, 0.05, 10, 0.0325, 2101, 0.0025
20, 0.05, 6, 0.0325, 2111, 0.0025
20, 0.05, 2, 0.0325, 2160, 0.0025
20, 0.05, 2, 0.0325, 2161, 0.0025
20, 0.05, 2, 0.0325, 2259, 0.0025
20, 0.05, 10, 0.0325, 2399, 0.0025
20, 0.05, 10, 0.0325, 2400, 0.0025
20, 0.05, 5, 0.0325, 2535, 0.0025
20, 0.05, 5, 0.0325, 2536, 0.0025
20, 0.05, 5, 0.0325, 2537, 0.0025
20, 0.05, 3, 0.0325, 2547, 0.0025
20, 0.05, 3, 0.0325, 2548, 0.0025
20, 0.05, 3, 0.0325, 2549, 0.0025
20, 0.05, 10, 0.0325, 2604, 0.0025
20, 0.05, 10, 0.0325, 2605, 0.0025
20, 0.05, 3, 0.0325, 2650, 0.0025
20, 0.05, 3, 0.0325, 2651, 0.0025
20, 0.05, 3, 0.0325, 2754, 0.0025
20, 0.05, 3, 0.0325, 2755, 0.0025
20, 0.05, 10, 0.0325, 2813, 0.0025
20, 0.05, 10, 0.0325, 2815, 0.0025
20, 0.05, 3, 0.0325, 2860, 0.0025
20, 0.05, 10, 0.0325, 2920, 0.0025
20, 0.05, 10, 0.0325, 3136, 0.0025
20, 0.05, 10, 0.0325, 3243, 0.0025
20, 0.05, 6, 0.0325, 3258, 0.0025
20, 0.05, 5, 0.0325, 3273, 0.0025
20, 0.05, 5, 0.0325, 3274, 0.0025
20, 0.05, 5, 0.0325, 3275, 0.0025
20, 0.05, 4, 0.0325, 3322, 0.0025
20, 0.05, 4, 0.0325, 3325, 0.0025
20, 0.05, 4, 0.0325, 3326, 0.0025
20, 0.05, 10, 0.0325, 3352, 0.0025
20, 0.05, 6, 0.0325, 3366, 0.0025
20, 0.05, 6, 0.0325, 3367, 0.0025
20, 0.05, 5, 0.0325, 3382, 0.0025
20, 0.05, 5, 0.0325, 3383, 0.0025
20, 0.05, 3, 0.0325, 3394, 0.0025
20, 0.05, 3, 0.0325, 3395, 0.0025
20, 0.05, 3, 0.0325, 3396, 0.0025
20, 0.05, 11, 0.0325, 3485, 0.0025
20, 0.05, 11, 0.0325, 3486, 0.0025
20, 0.05, 11, 0.0325, 3487, 0.0025
20, 0.05, 5, 0.0325, 3493, 0.0025
20, 0.05, 5, 0.0325, 3494, 0.0025
20, 0.05, 3, 0.0325, 3506, 0.0025
20, 0.05, 3, 0.0325, 3507, 0.0025
20, 0.05, 4, 0.0325, 3544, 0.0025
20, 0.05, 4, 0.0325, 3545, 0.0025
20, 0.05, 10, 0.0325, 3575, 0.0025
20, 0.05, 6, 0.0325, 3589, 0.0025
20, 0.05, 11, 0.0325, 3597, 0.0025
20, 0.05, 11, 0.0325, 3598, 0.0025
20, 0.05, 5, 0.0325, 3604, 0.0025
20, 0.05, 3, 0.0325, 3618, 0.0025
20, 0.05, 4, 0.0325, 3651, 0.0025
20, 0.05, 4, 0.0325, 3653, 0.0025
20, 0.05, 10, 0.0325, 3686, 0.0025
20, 0.05, 11, 0.0325, 3710, 0.0025
20, 0.05, 11, 0.0325, 3711, 0.0025
20, 0.05, 5, 0.0325, 3715, 0.0025
20, 0.05, 5, 0.0325, 3716, 0.0025
20, 0.05, 4, 0.0325, 3765, 0.0025
20, 0.05, 4, 0.0325, 3767, 0.0025
20, 0.05, 10, 0.0325, 3802, 0.0025
20, 0.05, 11, 0.0325, 3824, 0.0025
20, 0.05, 11, 0.0325, 3825, 0.0025
20, 0.05, 12, 0.0325, 3843, 0.0025
20, 0.05, 12, 0.0325, 3844, 0.0025
20, 0.05, 4, 0.0325, 3877, 0.0025
20, 0.05, 4, 0.0325, 3880, 0.0025
20, 0.05, 11, 0.0325, 3939, 0.0025
20, 0.05, 11, 0.0325, 3940, 0.0025
20, 0.05, 5, 0.0325, 3943, 0.0025
20, 0.05, 12, 0.0325, 3957, 0.0025
20, 0.05, 12, 0.0325, 3958, 0.0025
20, 0.05, 4, 0.0325, 3992, 0.0025
20, 0.05, 4, 0.0325, 3993, 0.0025
20, 0.05, 4, 0.0325, 3997, 0.0025
20, 0.05, 11, 0.0325, 4053, 0.0025
20, 0.05, 12, 0.0325, 4072, 0.0025
20, 0.05, 12, 0.0325, 4073, 0.0025
20, 0.05, 12, 0.0325, 4188, 0.0025
20, 0.05, 12, 0.0325, 4189, 0.0025
20, 0.05, 11, 0.0325, 4288, 0.0025
20, 0.05, 12, 0.0325, 4305, 0.0025
20, 0.05, 12, 0.0325, 4306, 0.0025
20, 0.05, 11, 0.0325, 4407, 0.0025
20, 0.05, 12, 0.0325, 4423, 0.0025
20, 0.05, 12, 0.0325, 4424, 0.0025
20, 0.05, 8, 0.0325, 4440, 0.0025
20, 0.05, 12, 0.0325, 4542, 0.0025
20, 0.05, 8, 0.0325, 4558, 0.0025
20, 0.05, 8, 0.0325, 4677, 0.0025
20, 0.05, 8, 0.0325, 4678, 0.0025
20, 0.05, 7, 0.03250000000000001, 4691, 0.0025
20, 0.05, 12, 0.0325, 4783, 0.0025
20, 0.05, 8, 0.0325, 4798, 0.0025
20, 0.05, 8, 0.0325, 4799, 0.0025
20, 0.05, 7, 0.03250000000000001, 4811, 0.0025
20, 0.05, 8, 0.0325, 4919, 0.0025
20, 0.05, 7, 0.03250000000000001, 4931, 0.0025
20, 0.05, 7, 0.03250000000000001, 4932, 0.0025
20, 0.05, 8, 0.0325, 5040, 0.0025
20, 0.05, 8, 0.0325, 5041, 0.0025
20, 0.05, 8, 0.0325, 5042, 0.0025
20, 0.05, 7, 0.03250000000000001, 5054, 0.0025
20, 0.05, 8, 0.0325, 5164, 0.0025
20, 0.05, 7, 0.03250000000000001, 5175, 0.0025
20, 0.05, 7, 0.03250000000000001, 5176, 0.0025
20, 0.05, 7, 0.03250000000000001, 5177, 0.0025
20, 0.05, 8, 0.0325, 5287, 0.0025
20, 0.05, 8, 0.0325, 5288, 0.0025
20, 0.05, 7, 0.03250000000000001, 5299, 0.0025
20, 0.05, 7, 0.03250000000000001, 5300, 0.0025
20, 0.05, 7, 0.03250000000000001, 5424, 0.0025
20, 0.05, 7, 0.03250000000000001, 5425, 0.0025
20, 0.05, 7, 0.03250000000000001, 5426, 0.0025
20, 0.05, 15, 0.0325, 5534, 0.0025
20, 0.05, 8, 0.0325, 5539, 0.0025
20, 0.05, 7, 0.03250000000000001, 5551, 0.0025
20, 0.05, 15, 0.0325, 5661, 0.0025
20, 0.05, 16, 0.0325, 5678, 0.0025
20, 0.05, 15, 0.0325, 5790, 0.0025
20, 0.05, 16, 0.0325, 5806, 0.0025
20, 0.05, 15, 0.0325, 5918, 0.0025
20, 0.05, 15, 0.0325, 5919, 0.0025
20, 0.05, 16, 0.0325, 5934, 0.0025
20, 0.05, 9, 0.05999999999999986, 5953, 0.0025
20, 0.05, 9, 0.05999999999999986, 5955, 0.0025
20, 0.05, 15, 0.0325, 6047, 0.0025
20, 0.05, 15, 0.0325, 6048, 0.0025
20, 0.05, 15, 0.0325, 6049, 0.0025
20, 0.05, 16, 0.0325, 6063, 0.0025
20, 0.05, 9, 0.05999999999999986, 6082, 0.0025
20, 0.05, 9, 0.05999999999999986, 6083, 0.0025
20, 0.05, 9, 0.05999999999999986, 6086, 0.0025
20, 0.05, 9, 0.05999999999999986, 6087, 0.0025
20, 0.05, 18, 0.1850000000000003, 6093, 0.0025
20, 0.05, 15, 0.0325, 6177, 0.0025
20, 0.05, 15, 0.0325, 6178, 0.0025
20, 0.05, 16, 0.0325, 6192, 0.0025
20, 0.05, 9, 0.05999999999999986, 6209, 0.0025
20, 0.05, 9, 0.05999999999999986, 6210, 0.0025
20, 0.05, 9, 0.05999999999999986, 6211, 0.0025
20, 0.05, 9, 0.05999999999999986, 6212, 0.0025
20, 0.05, 9, 0.05999999999999986, 6213, 0.0025
20, 0.05, 9, 0.05999999999999986, 6214, 0.0025
20, 0.05, 9, 0.05999999999999986, 6215, 0.0025
20, 0.05, 9, 0.05999999999999986, 6216, 0.0025
20, 0.05, 18, 0.1850000000000003, 6219, 0.0025
20, 0.05, 18, 0.1850000000000003, 6220, 0.0025
20, 0.05, 18, 0.1850000000000003, 6221, 0.0025
20, 0.05, 18, 0.1850000000000003, 6222, 0.0025
20, 0.05, 18, 0.1850000000000003, 6223, 0.0025
20, 0.05, 15, 0.0325, 6308, 0.0025
20, 0.05, 15, 0.0325, 6309, 0.0025
20, 0.05, 16, 0.0325, 6323, 0.0025
20, 0.05, 9, 0.05999999999999986, 6342, 0.0025
20, 0.05, 9, 0.05999999999999986, 6343, 0.0025
20, 0.05, 9, 0.05999999999999986, 6344, 0.0025
20, 0.05, 9, 0.05999999999999986, 6345, 0.0025
20, 0.05, 9, 0.05999999999999986, 6346, 0.0025
20, 0.05, 9, 0.05999999999999986, 6347, 0.0025
20, 0.05, 18, 0.1850000000000003, 6350, 0.0025
20, 0.05, 18, 0.1850000000000003, 6351, 0.0025
20, 0.05, 18, 0.1850000000000003, 6352, 0.0025
20, 0.05, 18, 0.1850000000000003, 6353, 0.0025
20, 0.05, 18, 0.1850000000000003, 6354, 0.0025
20, 0.05, 16, 0.0325, 6454, 0.0025
20, 0.05, 19, 0.2, 6472, 0.0025
20, 0.05, 19, 0.2, 6473, 0.0025
20, 0.05, 19, 0.2, 6474, 0.0025
20, 0.05, 19, 0.2, 6475, 0.0025
20, 0.05, 9, 0.05999999999999986, 6476, 0.0025
20, 0.05, 9, 0.05999999999999986, 6477, 0.0025
20, 0.05, 9, 0.05999999999999986, 6478, 0.0025
20, 0.05, 9, 0.05999999999999986, 6479, 0.0025
20, 0.05, 18, 0.1850000000000003, 6480, 0.0025
20, 0.05, 18, 0.1850000000000003, 6481, 0.0025
20, 0.05, 18, 0.1850000000000003, 6482, 0.0025
20, 0.05, 18, 0.1850000000000003, 6483, 0.0025
20, 0.05, 18, 0.1850000000000003, 6484, 0.0025
20, 0.05, 18, 0.1850000000000003, 6485, 0.0025
20, 0.05, 18, 0.1850000000000003, 6487, 0.0025
20, 0.05, 15, 0.0325, 6572, 0.0025
20, 0.05, 16, 0.0325, 6586, 0.0025
20, 0.05, 14, 0.03500000000000015, 6601, 0.0025
20, 0.05, 19, 0.2, 6603, 0.0025
20, 0.05, 19, 0.2, 6604, 0.0025
20, 0.05, 19, 0.2, 6605, 0.0025
20, 0.05, 19, 0.2, 6606, 0.0025
20, 0.05, 19, 0.2, 6607, 0.0025
20, 0.05, 19, 0.2, 6608, 0.0025
20, 0.05, 19, 0.2, 6609, 0.0025
20, 0.05, 9, 0.05999999999999986, 6611, 0.0025
20, 0.05, 18, 0.1850000000000003, 6612, 0.0025
20, 0.05, 18, 0.1850000000000003, 6613, 0.0025
20, 0.05, 18, 0.1850000000000003, 6614, 0.0025
20, 0.05, 18, 0.1850000000000003, 6615, 0.0025
20, 0.05, 18, 0.1850000000000003, 6616, 0.0025
20, 0.05, 18, 0.1850000000000003, 6617, 0.0025
20, 0.05, 18, 0.1850000000000003, 6618, 0.0025
20, 0.05, 15, 0.0325, 6705, 0.0025
20, 0.05, 16, 0.0325, 6719, 0.0025
20, 0.05, 14, 0.03500000000000015, 6732, 0.0025
20, 0.05, 14, 0.03500000000000015, 6733, 0.0025
20, 0.05, 14, 0.03500000000000015, 6734, 0.0025
20, 0.05, 19, 0.2, 6736, 0.0025
20, 0.05, 19, 0.2, 6737, 0.0025
20, 0.05, 19, 0.2, 6738, 0.0025
20, 0.05, 19, 0.2, 6739, 0.0025
20, 0.05, 19, 0.2, 6740, 0.0025
20, 0.05, 19, 0.2, 6741, 0.0025
20, 0.05, 19, 0.2, 6742, 0.0025
20, 0.05, 18, 0.1850000000000003, 6745, 0.0025
20, 0.05, 18, 0.1850000000000003, 6746, 0.0025
20, 0.05, 18, 0.1850000000000003, 6747, 0.0025
20, 0.05, 18, 0.1850000000000003, 6748, 0.0025
20, 0.05, 18, 0.1850000000000003, 6749, 0.0025
20, 0.05, 18, 0.1850000000000003, 6751, 0.0025
20, 0.05, 16, 0.0325, 6852, 0.0025
20, 0.05, 14, 0.03500000000000015, 6866, 0.0025
20, 0.05, 14, 0.03500000000000015, 6867, 0.0025
20, 0.05, 19, 0.2, 6869, 0.0025
20, 0.05, 19, 0.2, 6870, 0.0025
20, 0.05, 19, 0.2, 6871, 0.0025
20, 0.05, 19, 0.2, 6872, 0.0025
20, 0.05, 19, 0.2, 6873, 0.0025
20, 0.05, 19, 0.2, 6874, 0.0025
20, 0.05, 19, 0.2, 6875, 0.0025
20, 0.05, 19, 0.2, 6876, 0.0025
20, 0.05, 18, 0.1850000000000003, 6878, 0.0025
20, 0.05, 18, 0.1850000000000003, 6879, 0.0025
20, 0.05, 18, 0.1850000000000003, 6880, 0.0025
20, 0.05, 18, 0.1850000000000003, 6881, 0.0025
20, 0.05, 16, 0.0325, 6986, 0.0025
20, 0.05, 14, 0.03500000000000015, 6999, 0.0025
20, 0.05, 14, 0.03500000000000015, 7000, 0.0025
20, 0.05, 19, 0.2, 7003, 0.0025
20, 0.05, 19, 0.2, 7004, 0.0025
20, 0.05, 19, 0.2, 7005, 0.0025
20, 0.05, 19, 0.2, 7006, 0.0025
20, 0.05, 19, 0.2, 7007, 0.0025
20, 0.05, 19, 0.2, 7008, 0.0025
20, 0.05, 19, 0.2, 7009, 0.0025
20, 0.05, 19, 0.2, 7010, 0.0025
20, 0.05, 18, 0.1850000000000003, 7012, 0.0025
20, 0.05, 18, 0.1850000000000003, 7013, 0.0025
20, 0.05, 18, 0.1850000000000003, 7014, 0.0025
20, 0.05, 18, 0.1850000000000003, 7015, 0.0025
20, 0.05, 16, 0.0325, 7119, 0.0025
20, 0.05, 16, 0.0325, 7120, 0.0025
20, 0.05, 14, 0.03500000000000015, 7133, 0.0025
20, 0.05, 14, 0.03500000000000015, 7134, 0.0025
20, 0.05, 19, 0.2, 7136, 0.0025
20, 0.05, 19, 0.2, 7137, 0.0025
20, 0.05, 19, 0.2, 7138, 0.0025
20, 0.05, 19, 0.2, 7139, 0.0025
20, 0.05, 19, 0.2, 7140, 0.0025
20, 0.05, 19, 0.2, 7141, 0.0025
20, 0.05, 19, 0.2, 7142, 0.0025
20, 0.05, 19, 0.2, 7143, 0.0025
20, 0.05, 19, 0.2, 7144, 0.0025
20, 0.05, 18, 0.1850000000000003, 7146, 0.0025
20, 0.05, 18, 0.1850000000000003, 7147, 0.0025
20, 0.05, 18, 0.1850000000000003, 7148, 0.0025
20, 0.05, 18, 0.1850000000000003, 7149, 0.0025
20, 0.05, 18, 0.1850000000000003, 7150, 0.0025
20, 0.05, 16, 0.0325, 7256, 0.0025
20, 0.05, 14, 0.03500000000000015, 7269, 0.0025
20, 0.05, 14, 0.03500000000000015, 7270, 0.0025
20, 0.05, 19, 0.2, 7271, 0.0025
20, 0.05, 19, 0.2, 7272, 0.0025
20, 0.05, 19, 0.2, 7273, 0.0025
20, 0.05, 19, 0.2, 7274, 0.0025
20, 0.05, 19, 0.2, 7275, 0.0025
20, 0.05, 19, 0.2, 7276, 0.0025
20, 0.05, 19, 0.2, 7277, 0.0025
20, 0.05, 19, 0.2, 7278, 0.0025
20, 0.05, 19, 0.2, 7279, 0.0025
20, 0.05, 19, 0.2, 7280, 0.0025
20, 0.05, 19, 0.2, 7281, 0.0025
20, 0.05, 18, 0.1850000000000003, 7282, 0.0025
20, 0.05, 18, 0.1850000000000003, 7283, 0.0025
20, 0.05, 18, 0.1850000000000003, 7284, 0.0025
20, 0.05, 18, 0.1850000000000003, 7285, 0.0025
20, 0.05, 18, 0.1850000000000003, 7286, 0.0025
20, 0.05, 19, 0.2, 7407, 0.0025
20, 0.05, 19, 0.2, 7408, 0.0025
20, 0.05, 19, 0.2, 7409, 0.0025
20, 0.05, 19, 0.2, 7410, 0.0025
20, 0.05, 19, 0.2, 7411, 0.0025
20, 0.05, 19, 0.2, 7412, 0.0025
20, 0.05, 19, 0.2, 7413, 0.0025
20, 0.05, 19, 0.2, 7414, 0.0025
20, 0.05, 19, 0.2, 7415, 0.0025
20, 0.05, 19, 0.2, 7416, 0.0025
20, 0.05, 18, 0.1850000000000003, 7418, 0.0025
20, 0.05, 18, 0.1850000000000003, 7419, 0.0025
20, 0.05, 18, 0.1850000000000003, 7420, 0.0025
20, 0.05, 18, 0.1850000000000003, 7421, 0.0025
20, 0.05, 18, 0.1850000000000003, 7422, 0.0025
20, 0.05, 14, 0.03500000000000015, 7542, 0.0025
20, 0.05, 14, 0.03500000000000015, 7543, 0.0025
20, 0.05, 19, 0.2, 7545, 0.0025
20, 0.05, 19, 0.2, 7546, 0.0025
20, 0.05, 19, 0.2, 7547, 0.0025
20, 0.05, 19, 0.2, 7548, 0.0025
20, 0.05, 19, 0.2, 7549, 0.0025
20, 0.05, 19, 0.2, 7550, 0.0025
20, 0.05, 19, 0.2, 7551, 0.0025
20, 0.05, 19, 0.2, 7552, 0.0025
20, 0.05, 19, 0.2, 7553, 0.0025
20, 0.05, 18, 0.1850000000000003, 7555, 0.0025
20, 0.05, 18, 0.1850000000000003, 7556, 0.0025
20, 0.05, 18, 0.1850000000000003, 7557, 0.0025
20, 0.05, 18, 0.1850000000000003, 7558, 0.0025
20, 0.05, 14, 0.03500000000000015, 7681, 0.0025
20, 0.05, 19, 0.2, 7684, 0.0025
20, 0.05, 19, 0.2, 7685, 0.0025
20, 0.05, 19, 0.2, 7686, 0.0025
20, 0.05, 19, 0.2, 7687, 0.0025
20, 0.05, 19, 0.2, 7688, 0.0025
20, 0.05, 19, 0.2, 7689, 0.0025
20, 0.05, 19, 0.2, 7690, 0.0025
20, 0.05, 18, 0.1850000000000003, 7693, 0.0025
20, 0.05, 18, 0.1850000000000003, 7694, 0.0025
20, 0.05, 18, 0.1850000000000003, 7695, 0.0025
20, 0.05, 18, 0.1850000000000003, 7696, 0.0025
20, 0.05, 19, 0.2, 7824, 0.0025
20, 0.05, 18, 0.1850000000000003, 7832, 0.0025
20, 0.05, 18, 0.1850000000000003, 7833, 0.0025
20, 0.05, 18, 0.1850000000000003, 7834, 0.0025
20, 0.05, 18, 0.1850000000000003, 7835, 0.0025
20, 0.05, 18, 0.1850000000000003, 7971, 0.0025
20, 0.05, 18, 0.1850000000000003, 7972, 0.0025
20, 0.05, 18, 0.1850000000000003, 7973, 0.0025
20, 0.05, 18, 0.1850000000000003, 7974, 0.0025
20, 0.05, 18, 0.1850000000000003, 8111, 0.0025
20, 0.05, 18, 0.1850000000000003, 8112, 0.0025
20, 0.05, 18, 0.1850000000000003, 8113, 0.0025
20, 0.05, 18, 0.1850000000000003, 8252, 0.0025
20, 0.05, 18, 0.1850000000000003, 8253, 0.0025
20, 0.05, 25, 0.0325, 9428, 0.0025
20, 0.05, 25, 0.0325, 9577, 0.0025
20, 0.05, 25, 0.0325, 9578, 0.0025
20, 0.05, 25, 0.0325, 9717, 0.0025
20, 0.05, 25, 0.0325, 9718, 0.0025
20, 0.05, 25, 0.0325, 9719, 0.0025
20, 0.05, 25, 0.0325, 9720, 0.0025
20, 0.05, 25, 0.0325, 9847, 0.0025
20, 0.05, 25, 0.0325, 9849, 0.0025
20, 0.05, 25, 0.0325, 9850, 0.0025
20, 0.05, 25, 0.0325, 10090, 0.0025
20, 0.05, 25, 0.0325, 10203, 0.0025
20, 0.05, 25, 0.0325, 10204, 0.0025
20, 0.05, 25, 0.0325, 10205, 0.0025
20, 0.05, 31, 0.0325, 11242, 0.0025
20, 0.05, 31, 0.0325, 11353, 0.0025
20, 0.05, 31, 0.0325, 11469, 0.0025
20, 0.05, 31, 0.0325, 11580, 0.0025
20, 0.05, 31, 0.0325, 11581, 0.0025
20, 0.05, 31, 0.0325, 11582, 0.0025
20, 0.05, 31, 0.0325, 11694, 0.0025
20, 0.05, 31, 0.0325, 11695, 0.0025
20, 0.05, 31, 0.0325, 11696, 0.0025
20, 0.05, 31, 0.0325, 11807, 0.0025
20, 0.05, 31, 0.0325, 11808, 0.0025
20, 0.05, 31, 0.0325, 11809, 0.0025
20, 0.05, 31, 0.0325, 11810, 0.0025
20, 0.05, 31, 0.0325, 11921, 0.0025
20, 0.05, 41, 0.0325, 17092, 0.0025
20, 0.05, 41, 0.0325, 17190, 0.0025
20, 0.05, 41, 0.0325, 17295, 0.0025
20, 0.05, 41, 0.0325, 17299, 0.0025
20, 0.05, 41, 0.0325, 17395, 0.0025
20, 0.05, 41, 0.0325, 17401, 0.0025
20, 0.05, 41, 0.0325, 17402, 0.0025
20, 0.05, 41, 0.0325, 17503, 0.0025
20, 0.05, 41, 0.0325, 17505, 0.0025
20, 0.05, 41, 0.0325, 17506, 0.0025
20, 0.05, 41, 0.0325, 17602, 0.0025
20, 0.05, 41, 0.0325, 17603, 0.0025
20, 0.05, 41, 0.0325, 17605, 0.0025
20, 0.05, 41, 0.0325, 17700, 0.0025
20, 0.1, 1, 0.0325, 1408, 0.0025
20, 0.1, 1, 0.0325, 1409, 0.0025
20, 0.1, 1, 0.0325, 1410, 0.0025
20, 0.1, 1, 0.0325, 1483, 0.0025
20, 0.1, 1, 0.0325, 1484, 0.0025
20, 0.1, 1, 0.0325, 1485, 0.0025
20, 0.1, 1, 0.0325, 1486, 0.0025
20, 0.1, 2, 0.0325, 1551, 0.0025
20, 0.1, 1, 0.0325, 1560, 0.0025
20, 0.1, 1, 0.0325, 1561, 0.0025
20, 0.1, 1, 0.0325, 1562, 0.0025
20, 0.1, 1, 0.0325, 1563, 0.0025
20, 0.1, 1, 0.0325, 1641, 0.0025
20, 0.1, 1, 0.0325, 1642, 0.0025
20, 0.1, 2, 0.0325, 1712, 0.0025
20, 0.1, 1, 0.0325, 1724, 0.0025
20, 0.1, 6, 0.0325, 1744, 0.0025
20, 0.1, 6, 0.0325, 1832, 0.0025
20, 0.1, 6, 0.0325, 1834, 0.0025
20, 0.1, 6, 0.0325, 1835, 0.0025
20, 0.1, 2, 0.0325, 1884, 0.0025
20, 0.1, 6, 0.0325, 1922, 0.0025
20, 0.1, 6, 0.0325, 1923, 0.0025
20, 0.1, 6, 0.0325, 1924, 0.0025
20, 0.1, 2, 0.0325, 1971, 0.0025
20, 0.1, 2, 0.0325, 1972, 0.0025
20, 0.1, 2, 0.0325, 1973, 0.0025
20, 0.1, 2, 0.0325, 1974, 0.0025
20, 0.1, 6, 0.0325, 2016, 0.0025
20, 0.1, 6, 0.0325, 2017, 0.0025
20, 0.1, 2, 0.0325, 2064, 0.0025
20, 0.1, 2, 0.0325, 2065, 0.0025
20, 0.1, 2, 0.0325, 2066, 0.0025
20, 0.1, 2, 0.0325, 2067, 0.0025
20, 0.1, 6, 0.0325, 2111, 0.0025
20, 0.1, 2, 0.0325, 2160, 0.0025
20, 0.1, 2, 0.0325, 2161, 0.0025
20, 0.1, 2, 0.0325, 2259, 0.0025
20, 0.1, 5, 0.0325, 2535, 0.0025
20, 0.1, 5, 0.0325, 2536, 0.0025
20, 0.1, 5, 0.0325, 2537, 0.0025
20, 0.1, 3, 0.0325, 2547, 0.0025
20, 0.1, 3, 0.0325, 2548, 0.0025
20, 0.1, 3, 0.0325, 2549, 0.0025
20, 0.1, 3, 0.0325, 2650, 0.0025
20, 0.1, 3, 0.0325, 2651, 0.0025
20, 0.1, 3, 0.0325, 2754, 0.0025
20, 0.1, 3, 0.0325, 2755, 0.0025
20, 0.1, 3, 0.0325, 2860, 0.0025
20, 0.1, 6, 0.0325, 3258, 0.0025
20, 0.1, 5, 0.0325, 3273, 0.0025
20, 0.1, 5, 0.0325, 3274, 0.0025
20, 0.1, 5, 0.0325, 3275, 0.0025
20, 0.1, 4, 0.0325, 3322, 0.0025
20, 0.1, 4, 0.0325, 3325, 0.0025
20, 0.1, 4, 0.0325, 3326, 0.0025
20, 0.1, 6, 0.0325, 3366, 0.0025
20, 0.1, 6, 0.0325, 3367, 0.0025
20, 0.1, 5, 0.0325, 3382, 0.0025
20, 0.1, 5, 0.0325, 3383, 0.0025
20, 0.1, 3, 0.0325, 3394, 0.0025
20, 0.1, 3, 0.0325, 3395, 0.0025
20, 0.1, 3, 0.0325, 3396, 0.0025
20, 0.1, 5, 0.0325, 3493, 0.0025
20, 0.1, 5, 0.0325, 3494, 0.0025
20, 0.1, 3, 0.0325, 3506, 0.0025
20, 0.1, 3, 0.0325, 3507, 0.0025
20, 0.1, 4, 0.0325, 3544, 0.0025
20, 0.1, 4, 0.0325, 3545, 0.0025
20, 0.1, 6, 0.0325, 3589, 0.0025
20, 0.1, 5, 0.0325, 3604, 0.0025
20, 0.1, 3, 0.0325, 3618, 0.0025
20, 0.1, 4, 0.0325, 3651, 0.0025
20, 0.1, 4, 0.0325, 3653, 0.0025
20, 0.1, 5, 0.0325, 3715, 0.0025
20, 0.1, 5, 0.0325, 3716, 0.0025
20, 0.1, 4, 0.0325, 3765, 0.0025
20, 0.1, 4, 0.0325, 3767, 0.0025
20, 0.1, 12, 0.0325, 3843, 0.0025
20, 0.1, 12, 0.0325, 3844, 0.0025
20, 0.1, 4, 0.0325, 3877, 0.0025
20, 0.1, 4, 0.0325, 3880, 0.0025
20, 0.1, 5, 0.0325, 3943, 0.0025
20, 0.1, 12, 0.0325, 3957, 0.0025
20, 0.1, 12, 0.0325, 3958, 0.0025
20, 0.1, 4, 0.0325, 3992, 0.0025
20, 0.1, 4, 0.0325, 3993, 0.0025
20, 0.1, 4, 0.0325, 3997, 0.0025
20, 0.1, 12, 0.0325, 4072, 0.0025
20, 0.1, 12, 0.0325, 4073, 0.0025
20, 0.1, 12, 0.0325, 4188, 0.0025
20, 0.1, 12, 0.0325, 4189, 0.0025
20, 0.1, 12, 0.0325, 4305, 0.0025
20, 0.1, 12, 0.0325, 4306, 0.0025
20, 0.1, 12, 0.0325, 4423, 0.0025
20, 0.1, 12, 0.0325, 4424, 0.0025
20, 0.1, 8, 0.0325, 4440, 0.0025
20, 0.1, 12, 0.0325, 4542, 0.0025
20, 0.1, 8, 0.0325, 4558, 0.0025
20, 0.1, 8, 0.0325, 4677, 0.0025
20, 0.1, 8, 0.0325, 4678, 0.0025
20, 0.1, 7, 0.0325, 4691, 0.0025
20, 0.1, 12, 0.0325, 4783, 0.0025
20, 0.1, 8, 0.0325, 4798, 0.0025
20, 0.1, 8, 0.0325, 4799, 0.0025
20, 0.1, 7, 0.0325, 4811, 0.0025
20, 0.1, 8, 0.0325, 4919, 0.0025
20, 0.1, 7, 0.0325, 4931, 0.0025
20, 0.1, 7, 0.0325, 4932, 0.0025
20, 0.1, 8, 0.0325, 5041, 0.0025
20, 0.1, 8, 0.0325, 5042, 0.0025
20, 0.1, 7, 0.0325, 5054, 0.0025
20, 0.1, 8, 0.0325, 5164, 0.0025
20, 0.1, 7, 0.0325, 5175, 0.0025
20, 0.1, 7, 0.0325, 5176, 0.0025
20, 0.1, 7, 0.0325, 5177, 0.0025
20, 0.1, 8, 0.0325, 5287, 0.0025
20, 0.1, 8, 0.0325, 5288, 0.0025
20, 0.1, 7, 0.0325, 5299, 0.0025
20, 0.1, 7, 0.0325, 5300, 0.0025
20, 0.1, 8, 0.0325, 5413, 0.0025
20, 0.1, 7, 0.0325, 5424, 0.0025
20, 0.1, 7, 0.0325, 5425, 0.0025
20, 0.1, 7, 0.0325, 5426, 0.0025
20, 0.1, 15, 0.0325, 5534, 0.0025
20, 0.1, 8, 0.0325, 5539, 0.0025
20, 0.1, 7, 0.0325, 5551, 0.0025
20, 0.1, 15, 0.0325, 5661, 0.0025
20, 0.1, 16, 0.0325, 5678, 0.0025
20, 0.1, 15, 0.0325, 5790, 0.0025
20, 0.1, 16, 0.0325, 5806, 0.0025
20, 0.1, 15, 0.0325, 5918, 0.0025
20, 0.1, 15, 0.0325, 5919, 0.0025
20, 0.1, 16, 0.0325, 5934, 0.0025
20, 0.1, 9, 0.04750000000000035, 5953, 0.0025
20, 0.1, 15, 0.0325, 6047, 0.0025
20, 0.1, 15, 0.0325, 6048, 0.0025
20, 0.1, 15, 0.0325, 6049, 0.0025
20, 0.1, 16, 0.0325, 6063, 0.0025
20, 0.1, 9, 0.04750000000000035, 6086, 0.0025
20, 0.1, 18, 0.2, 6093, 0.0025
20, 0.1, 15, 0.0325, 6177, 0.0025
20, 0.1, 15, 0.0325, 6178, 0.0025
20, 0.1, 16, 0.0325, 6192, 0.0025
20, 0.1, 9, 0.04750000000000035, 6210, 0.0025
20, 0.1, 9, 0.04750000000000035, 6211, 0.002500000000000004
20, 0.1, 9, 0.04750000000000035, 6212, 0.0025
20, 0.1, 9, 0.04750000000000035, 6213, 0.0025
20, 0.1, 9, 0.04750000000000035, 6214, 0.0025
20, 0.1, 9, 0.04750000000000035, 6215, 0.0025
20, 0.1, 9, 0.04750000000000035, 6216, 0.0025
20, 0.1, 18, 0.2, 6219, 0.0025
20, 0.1, 18, 0.2, 6220, 0.0025
20, 0.1, 18, 0.2, 6221, 0.0025
20, 0.1, 18, 0.2, 6222, 0.0025
20, 0.1, 18, 0.2, 6223, 0.0025
20, 0.1, 15, 0.0325, 6308, 0.0025
20, 0.1, 15, 0.0325, 6309, 0.0025
20, 0.1, 16, 0.0325, 6323, 0.0025
20, 0.1, 9, 0.04750000000000035, 6342, 0.0025
20, 0.1, 9, 0.04750000000000035, 6343, 0.0025
20, 0.1, 9, 0.04750000000000035, 6344, 0.0025
20, 0.1, 9, 0.04750000000000035, 6345, 0.0025
20, 0.1, 9, 0.04750000000000035, 6346, 0.0025
20, 0.1, 9, 0.04750000000000035, 6347, 0.0025
20, 0.1, 18, 0.2, 6350, 0.0025
20, 0.1, 18, 0.2, 6351, 0.0025
20, 0.1, 18, 0.2, 6352, 0.0025
20, 0.1, 18, 0.2, 6353, 0.0025
20, 0.1, 18, 0.2, 6354, 0.0025
20, 0.1, 18, 0.2, 6355, 0.0025
20, 0.1, 16, 0.0325, 6454, 0.0025
20, 0.1, 19, 0.2, 6472, 0.0025
20, 0.1, 19, 0.2, 6473, 0.0025
20, 0.1, 19, 0.2, 6474, 0.0025
20, 0.1, 19, 0.2, 6475, 0.0025
20, 0.1, 9, 0.04750000000000035, 6476, 0.0025
20, 0.1, 9, 0.04750000000000035, 6477, 0.0025
20, 0.1, 9, 0.04750000000000035, 6478, 0.0025
20, 0.1, 9, 0.04750000000000035, 6479, 0.0025
20, 0.1, 18, 0.2, 6480, 0.0025
20, 0.1, 18, 0.2, 6481, 0.0025
20, 0.1, 18, 0.2, 6482, 0.0025
20, 0.1, 18, 0.2, 6483, 0.0025
20, 0.1, 18, 0.2, 6484, 0.0025
20, 0.1, 18, 0.2, 6485, 0.0025
20, 0.1, 18, 0.2, 6486, 0.0025
20, 0.1, 18, 0.2, 6487, 0.0025
20, 0.1, 15, 0.0325, 6572, 0.0025
20, 0.1, 16, 0.0325, 6586, 0.0025
20, 0.1, 14, 0.0325, 6601, 0.0025
20, 0.1, 19, 0.2, 6603, 0.0025
20, 0.1, 19, 0.2, 6604, 0.0025
20, 0.1, 19, 0.2, 6605, 0.0025
20, 0.1, 19, 0.2, 6606, 0.0025
20, 0.1, 19, 0.2, 6607, 0.0025
20, 0.1, 19, 0.2, 6608, 0.0025
20, 0.1, 19, 0.2, 6609, 0.0025
20, 0.1, 9, 0.04750000000000035, 6611, 0.0025
20, 0.1, 18, 0.2, 6612, 0.0025
20, 0.1, 18, 0.2, 6613, 0.0025
20, 0.1, 18, 0.2, 6614, 0.0025
20, 0.1, 18, 0.2, 6615, 0.0025
20, 0.1, 18, 0.2, 6616, 0.0025
20, 0.1, 18, 0.2, 6617, 0.0025
20, 0.1, 18, 0.2, 6618, 0.0025
20, 0.1, 18, 0.2, 6619, 0.0025
20, 0.1, 15, 0.0325, 6705, 0.0025
20, 0.1, 16, 0.0325, 6719, 0.0025
20, 0.1, 14, 0.0325, 6733, 0.0025
20, 0.1, 14, 0.0325, 6734, 0.0025
20, 0.1, 19, 0.2, 6736, 0.0025
20, 0.1, 19, 0.2, 6737, 0.0025
20, 0.1, 19, 0.2, 6738, 0.0025
20, 0.1, 19, 0.2, 6739, 0.0025
20, 0.1, 19, 0.2, 6740, 0.0025
20, 0.1, 19, 0.2, 6741, 0.0025
20, 0.1, 19, 0.2, 6742, 0.0025
20, 0.1, 18, 0.2, 6745, 0.0025
20, 0.1, 18, 0.2, 6746, 0.0025
20, 0.1, 18, 0.2, 6747, 0.0025
20, 0.1, 18, 0.2, 6748, 0.0025
20, 0.1, 18, 0.2, 6749, 0.0025
20, 0.1, 18, 0.2, 6750, 0.0025
20, 0.1, 18, 0.2, 6751, 0.0025
20, 0.1, 18, 0.2, 6752, 0.0025
20, 0.1, 16, 0.0325, 6852, 0.0025
20, 0.1, 14, 0.0325, 6866, 0.0025
20, 0.1, 14, 0.0325, 6867, 0.0025
20, 0.1, 19, 0.2, 6869, 0.0025
20, 0.1, 19, 0.2, 6870, 0.0025
20, 0.1, 19, 0.2, 6871, 0.0025
20, 0.1, 19, 0.2, 6872, 0.0025
20, 0.1, 19, 0.2, 6873, 0.0025
20, 0.1, 19, 0.2, 6874, 0.0025
20, 0.1, 19, 0.2, 6875, 0.0025
20, 0.1, 19, 0.2, 6876, 0.0025
20, 0.1, 18, 0.2, 6878, 0.0025
20, 0.1, 18, 0.2, 6879, 0.0025
20, 0.1, 18, 0.2, 6880, 0.0025
20, 0.1, 18, 0.2, 6881, 0.0025
20, 0.1, 16, 0.0325, 6986, 0.0025
20, 0.1, 14, 0.0325, 6999, 0.0025
20, 0.1, 14, 0.0325, 7000, 0.0025
20, 0.1, 19, 0.2, 7003, 0.0025
20, 0.1, 19, 0.2, 7004, 0.0025
20, 0.1, 19, 0.2, 7005, 0.0025
20, 0.1, 19, 0.2, 7006, 0.0025
20, 0.1, 19, 0.2, 7007, 0.0025
20, 0.1, 19, 0.2, 7008, 0.0025
20, 0.1, 19, 0.2, 7009, 0.0025
20, 0.1, 19, 0.2, 7010, 0.0025
20, 0.1, 18, 0.2, 7012, 0.0025
20, 0.1, 18, 0.2, 7013, 0.0025
20, 0.1, 18, 0.2, 7014, 0.0025
20, 0.1, 18, 0.2, 7015, 0.0025
20, 0.1, 16, 0.0325, 7119, 0.0025
20, 0.1, 16, 0.0325, 7120, 0.0025
20, 0.1, 14, 0.0325, 7133, 0.0025
20, 0.1, 14, 0.0325, 7134, 0.0025
20, 0.1, 19, 0.2, 7136, 0.0025
20, 0.1, 19, 0.2, 7137, 0.0025
20, 0.1, 19, 0.2, 7138, 0.0025
20, 0.1, 19, 0.2, 7139, 0.0025
20, 0.1, 19, 0.2, 7140, 0.0025
20, 0.1, 19, 0.2, 7141, 0.0025
20, 0.1, 19, 0.2, 7142, 0.0025
20, 0.1, 19, 0.2, 7143, 0.0025
20, 0.1, 19, 0.2, 7144, 0.0025
20, 0.1, 18, 0.2, 7146, 0.0025
20, 0.1, 18, 0.2, 7147, 0.0025
20, 0.1, 18, 0.2, 7148, 0.0025
20, 0.1, 18, 0.2, 7149, 0.0025
20, 0.1, 18, 0.2, 7150, 0.0025
20, 0.1, 16, 0.0325, 7256, 0.0025
20, 0.1, 14, 0.0325, 7269, 0.0025
20, 0.1, 14, 0.0325, 7270, 0.0025
20, 0.1, 19, 0.2, 7271, 0.0025
20, 0.1, 19, 0.2, 7272, 0.0025
20, 0.1, 19, 0.2, 7273, 0.0025
20, 0.1, 19, 0.2, 7274, 0.0025
20, 0.1, 19, 0.2, 7275, 0.0025
20, 0.1, 19, 0.2, 7276, 0.0025
20, 0.1, 19, 0.2, 7277, 0.0025
20, 0.1, 19, 0.2, 7278, 0.0025
20, 0.1, 19, 0.2, 7279, 0.0025
20, 0.1, 19, 0.2, 7280, 0.0025
20, 0.1, 19, 0.2, 7281, 0.0025
20, 0.1, 18, 0.2, 7282, 0.0025
20, 0.1, 18, 0.2, 7283, 0.0025
20, 0.1, 18, 0.2, 7284, 0.0025
20, 0.1, 18, 0.2, 7285, 0.0025
20, 0.1, 18, 0.2, 7286, 0.0025
20, 0.1, 19, 0.2, 7407, 0.0025
20, 0.1, 19, 0.2, 7408, 0.0025
20, 0.1, 19, 0.2, 7409, 0.0025
20, 0.1, 19, 0.2, 7410, 0.0025
20, 0.1, 19, 0.2, 7411, 0.0025
20, 0.1, 19, 0.2, 7412, 0.0025
20, 0.1, 19, 0.2, 7413, 0.0025
20, 0.1, 19, 0.2, 7414, 0.0025
20, 0.1, 19, 0.2, 7415, 0.0025
20, 0.1, 19, 0.2, 7416, 0.0025
20, 0.1, 18, 0.2, 7418, 0.0025
20, 0.1, 18, 0.2, 7419, 0.0025
20, 0.1, 18, 0.2, 7420, 0.0025
20, 0.1, 18, 0.2, 7421, 0.0025
20, 0.1, 18, 0.2, 7422, 0.0025
20, 0.1, 14, 0.0325, 7542, 0.0025
20, 0.1, 14, 0.0325, 7543, 0.0025
20, 0.1, 19, 0.2, 7545, 0.0025
20, 0.1, 19, 0.2, 7546, 0.0025
20, 0.1, 19, 0.2, 7547, 0.0025
20, 0.1, 19, 0.2, 7548, 0.0025
20, 0.1, 19, 0.2, 7549, 0.0025
20, 0.1, 19, 0.2, 7550, 0.0025
20, 0.1, 19, 0.2, 7551, 0.0025
20, 0.1, 19, 0.2, 7552, 0.0025
20, 0.1, 19, 0.2, 7553, 0.0025
20, 0.1, 18, 0.2, 7555, 0.0025
20, 0.1, 18, 0.2, 7556, 0.0025
20, 0.1, 18, 0.2, 7557, 0.0025
20, 0.1, 18, 0.2, 7558, 0.0025
20, 0.1, 18, 0.2, 7559, 0.0025
20, 0.1, 14, 0.0325, 7681, 0.0025
20, 0.1, 19, 0.2, 7684, 0.0025
20, 0.1, 19, 0.2, 7685, 0.0025
20, 0.1, 19, 0.2, 7686, 0.0025
20, 0.1, 19, 0.2, 7687, 0.0025
20, 0.1, 19, 0.2, 7688, 0.0025
20, 0.1, 19, 0.2, 7689, 0.0025
20, 0.1, 19, 0.2, 7690, 0.0025
20, 0.1, 18, 0.2, 7693, 0.0025
20, 0.1, 18, 0.2, 7694, 0.0025
20, 0.1, 18, 0.2, 7695, 0.0025
20, 0.1, 18, 0.2, 7696, 0.0025
20, 0.1, 19, 0.2, 7824, 0.0025
20, 0.1, 18, 0.2, 7832, 0.0025
20, 0.1, 18, 0.2, 7833, 0.0025
20, 0.1, 18, 0.2, 7834, 0.0025
20, 0.1, 18, 0.2, 7835, 0.0025
20, 0.1, 18, 0.2, 7971, 0.0025
20, 0.1, 18, 0.2, 7972, 0.0025
20, 0.1, 18, 0.2, 7973, 0.0025
20, 0.1, 18, 0.2, 7974, 0.0025
20, 0.1, 18, 0.2, 8111, 0.0025
20, 0.1, 18, 0.2, 8112, 0.0025
20, 0.1, 18, 0.2, 8113, 0.0025
20, 0.1, 18, 0.2, 8252, 0.0025
20, 0.1, 18, 0.2, 8253, 0.0025
20, 0.1, 25, 0.0325, 9428, 0.0025
20, 0.1, 25, 0.0325, 9577, 0.0025
20, 0.1, 25, 0.0325, 9578, 0.0025
20, 0.1, 25, 0.0325, 9717, 0.0025
20, 0.1, 25, 0.0325, 9718, 0.0025
20, 0.1, 25, 0.0325, 9719, 0.0025
20, 0.1, 25, 0.0325, 9720, 0.0025
20, 0.1, 25, 0.0325, 9847, 0.0025
20, 0.1, 25, 0.0325, 9849, 0.0025
20, 0.1, 25, 0.0325, 9850, 0.0025
20, 0.1, 25, 0.0325, 10090, 0.0025
20, 0.1, 25, 0.0325, 10203, 0.0025
20, 0.1, 25, 0.0325, 10204, 0.0025
20, 0.1, 25, 0.0325, 10205, 0.0025
20, 0.1, 31, 0.0325, 11242, 0.0025
20, 0.1, 31, 0.0325, 11353, 0.0025
20, 0.1, 31, 0.0325, 11469, 0.0025
20, 0.1, 31, 0.0325, 11580, 0.0025
20, 0.1, 31, 0.0325, 11581, 0.0025
20, 0.1, 31, 0.0325, 11582, 0.0025
20, 0.1, 31, 0.0325, 11694, 0.0025
20, 0.1, 31, 0.0325, 11695, 0.0025
20, 0.1, 31, 0.0325, 11696, 0.0025
20, 0.1, 31, 0.0325, 11807, 0.0025
20, 0.1, 31, 0.0325, 11808, 0.0025
20, 0.1, 31, 0.0325, 11809, 0.0025
20, 0.1, 31, 0.0325, 11810, 0.0025
20, 0.1, 31, 0.0325, 11921, 0.0025
20, 0.1, 33, 0.0325, 16311, 0.0025
20, 0.1, 33, 0.0325, 16536, 0.0025
20, 0.1, 33, 0.0325, 16537, 0.0025
20, 0.1, 33, 0.0325, 16645, 0.0025
20, 0.1, 33, 0.0325, 16646, 0.0025
20, 0.1, 33, 0.0325, 16648, 0.0025
20, 0.1, 33, 0.0325, 16860, 0.0025
20, 0.1, 33, 0.0325, 16863, 0.0025
20, 0.1, 33, 0.0325, 16865, 0.0025
20, 0.1, 33, 0.0325, 16866, 0.0025
20, 0.1, 33, 0.0325, 16868, 0.0025
20, 0.1, 38, 0.0325, 16879, 0.0025
20, 0.1, 33, 0.0325, 16974, 0.0025
20, 0.1, 38, 0.0325, 16990, 0.0025
20, 0.1, 38, 0.0325, 16991, 0.0025
20, 0.1, 41, 0.0325, 17092, 0.0025
20, 0.1, 38, 0.0325, 17098, 0.0025
20, 0.1, 33, 0.0325, 17184, 0.0025
20, 0.1, 41, 0.0325, 17190, 0.0025
20, 0.1, 38, 0.0325, 17201, 0.0025
20, 0.1, 38, 0.0325, 17203, 0.0025
20, 0.1, 41, 0.0325, 17295, 0.0025
20, 0.1, 41, 0.0325, 17299, 0.0025
20, 0.1, 38, 0.0325, 17304, 0.0025
20, 0.1, 38, 0.0325, 17305, 0.0025
20, 0.1, 38, 0.0325, 17306, 0.0025
20, 0.1, 41, 0.0325, 17395, 0.0025
20, 0.1, 41, 0.0325, 17401, 0.0025
20, 0.1, 41, 0.0325, 17402, 0.0025
20, 0.1, 38, 0.0325, 17407, 0.0025
20, 0.1, 38, 0.0325, 17408, 0.0025
20, 0.1, 38, 0.0325, 17409, 0.0025
20, 0.1, 41, 0.0325, 17503, 0.0025
20, 0.1, 41, 0.0325, 17505, 0.0025
20, 0.1, 41, 0.0325, 17506, 0.0025
20, 0.1, 38, 0.0325, 17512, 0.0025
20, 0.1, 41, 0.0325, 17602, 0.0025
20, 0.1, 41, 0.0325, 17603, 0.0025
20, 0.1, 41, 0.0325, 17605, 0.0025
20, 0.1, 38, 0.0325, 17612, 0.0025
20, 0.1, 33, 0.0325, 17691, 0.0025
20, 0.1, 41, 0.0325, 17700, 0.0025
20, 0.15000000000000002, 1, 0.0325, 1408, 0.0025
20, 0.15000000000000002, 1, 0.0325, 1409, 0.0025
20, 0.15000000000000002, 1, 0.0325, 1410, 0.0025
20, 0.15000000000000002, 1, 0.0325, 1483, 0.0025
20, 0.15000000000000002, 1, 0.0325, 1484, 0.0025
20, 0.15000000000000002, 1, 0.0325, 1485, 0.0025
20, 0.15000000000000002, 1, 0.0325, 1486, 0.0025
20, 0.15000000000000002, 2, 0.0325, 1551, 0.0025
20, 0.15000000000000002, 1, 0.0325, 1560, 0.0025
20, 0.15000000000000002, 1, 0.0325, 1561, 0.0025
20, 0.15000000000000002, 1, 0.0325, 1562, 0.0025
20, 0.15000000000000002, 1, 0.0325, 1563, 0.0025
20, 0.15000000000000002, 1, 0.0325, 1641, 0.0025
20, 0.15000000000000002, 1, 0.0325, 1642, 0.0025
20, 0.15000000000000002, 2, 0.0325, 1712, 0.0025
20, 0.15000000000000002, 1, 0.0325, 1724, 0.0025
20, 0.15000000000000002, 6, 0.0325, 1744, 0.0025
20, 0.15000000000000002, 6, 0.0325, 1832, 0.0025
20, 0.15000000000000002, 6, 0.0325, 1834, 0.0025
20, 0.15000000000000002, 6, 0.0325, 1835, 0.0025
20, 0.15000000000000002, 2, 0.0325, 1884, 0.0025
20, 0.15000000000000002, 6, 0.0325, 1922, 0.0025
20, 0.15000000000000002, 6, 0.0325, 1923, 0.0025
20, 0.15000000000000002, 6, 0.0325, 1924, 0.0025
20, 0.15000000000000002, 2, 0.0325, 1971, 0.0025
20, 0.15000000000000002, 2, 0.0325, 1972, 0.0025
20, 0.15000000000000002, 2, 0.0325, 1973, 0.0025
20, 0.15000000000000002, 2, 0.0325, 1974, 0.0025
20, 0.15000000000000002, 6, 0.0325, 2016, 0.0025
20, 0.15000000000000002, 6, 0.0325, 2017, 0.0025
20, 0.15000000000000002, 2, 0.0325, 2064, 0.0025
20, 0.15000000000000002, 2, 0.0325, 2065, 0.0025
20, 0.15000000000000002, 2, 0.0325, 2066, 0.0025
20, 0.15000000000000002, 2, 0.0325, 2067, 0.0025
20, 0.15000000000000002, 6, 0.0325, 2111, 0.0025
20, 0.15000000000000002, 2, 0.0325, 2160, 0.0025
20, 0.15000000000000002, 2, 0.0325, 2161, 0.0025
20, 0.15000000000000002, 2, 0.0325, 2259, 0.0025
20, 0.15000000000000002, 5, 0.0325, 2535, 0.0025
20, 0.15000000000000002, 5, 0.0325, 2536, 0.0025
20, 0.15000000000000002, 5, 0.0325, 2537, 0.0025
20, 0.15000000000000002, 3, 0.0325, 2547, 0.0025
20, 0.15000000000000002, 3, 0.0325, 2548, 0.0025
20, 0.15000000000000002, 3, 0.0325, 2549, 0.0025
20, 0.15000000000000002, 3, 0.0325, 2650, 0.0025
20, 0.15000000000000002, 3, 0.0325, 2651, 0.0025
20, 0.15000000000000002, 3, 0.0325, 2754, 0.0025
20, 0.15000000000000002, 3, 0.0325, 2755, 0.0025
20, 0.15000000000000002, 3, 0.0325, 2860, 0.0025
20, 0.15000000000000002, 6, 0.0325, 3258, 0.0025
20, 0.15000000000000002, 5, 0.0325, 3273, 0.0025
20, 0.15000000000000002, 5, 0.0325, 3274, 0.0025
20, 0.15000000000000002, 5, 0.0325, 3275, 0.0025
20, 0.15000000000000002, 4, 0.0325, 3322, 0.0025
20, 0.15000000000000002, 4, 0.0325, 3325, 0.0025
20, 0.15000000000000002, 4, 0.0325, 3326, 0.0025
20, 0.15000000000000002, 6, 0.0325, 3366, 0.0025
20, 0.15000000000000002, 6, 0.0325, 3367, 0.0025
20, 0.15000000000000002, 5, 0.0325, 3382, 0.0025
20, 0.15000000000000002, 5, 0.0325, 3383, 0.0025
20, 0.15000000000000002, 3, 0.0325, 3394, 0.0025
20, 0.15000000000000002, 3, 0.0325, 3395, 0.0025
20, 0.15000000000000002, 3, 0.0325, 3396, 0.0025
20, 0.15000000000000002, 5, 0.0325, 3493, 0.0025
20, 0.15000000000000002, 5, 0.0325, 3494, 0.0025
20, 0.15000000000000002, 3, 0.0325, 3506, 0.0025
20, 0.15000000000000002, 3, 0.0325, 3507, 0.0025
20, 0.15000000000000002, 4, 0.0325, 3544, 0.0025
20, 0.15000000000000002, 4, 0.0325, 3545, 0.0025
20, 0.15000000000000002, 6, 0.0325, 3589, 0.0025
20, 0.15000000000000002, 5, 0.0325, 3604, 0.0025
20, 0.15000000000000002, 3, 0.0325, 3618, 0.0025
20, 0.15000000000000002, 4, 0.0325, 3651, 0.0025
20, 0.15000000000000002, 4, 0.0325, 3653, 0.0025
20, 0.15000000000000002, 5, 0.0325, 3715, 0.0025
20, 0.15000000000000002, 5, 0.0325, 3716, 0.0025
20, 0.15000000000000002, 4, 0.0325, 3765, 0.0025
20, 0.15000000000000002, 4, 0.0325, 3767, 0.0025
20, 0.15000000000000002, 4, 0.0325, 3877, 0.0025
20, 0.15000000000000002, 4, 0.0325, 3880, 0.0025
20, 0.15000000000000002, 5, 0.0325, 3943, 0.0025
20, 0.15000000000000002, 4, 0.0325, 3992, 0.0025
20, 0.15000000000000002, 4, 0.0325, 3993, 0.0025
20, 0.15000000000000002, 4, 0.0325, 3997, 0.0025
20, 0.15000000000000002, 8, 0.0325, 4440, 0.0025
20, 0.15000000000000002, 8, 0.0325, 4558, 0.0025
20, 0.15000000000000002, 8, 0.0325, 4677, 0.0025
20, 0.15000000000000002, 8, 0.0325, 4678, 0.0025
20, 0.15000000000000002, 7, 0.0325, 4691, 0.0025
20, 0.15000000000000002, 8, 0.0325, 4798, 0.0025
20, 0.15000000000000002, 8, 0.0325, 4799, 0.0025
20, 0.15000000000000002, 7, 0.0325, 4811, 0.0025
20, 0.15000000000000002, 8, 0.0325, 4919, 0.0025
20, 0.15000000000000002, 7, 0.0325, 4931, 0.0025
20, 0.15000000000000002, 7, 0.0325, 4932, 0.0025
20, 0.15000000000000002, 8, 0.0325, 5041, 0.0025
20, 0.15000000000000002, 8, 0.0325, 5042, 0.0025
20, 0.15000000000000002, 7, 0.0325, 5054, 0.0025
20, 0.15000000000000002, 8, 0.0325, 5164, 0.0025
20, 0.15000000000000002, 7, 0.0325, 5175, 0.0025
20, 0.15000000000000002, 7, 0.0325, 5176, 0.0025
20, 0.15000000000000002, 7, 0.0325, 5177, 0.0025
20, 0.15000000000000002, 8, 0.0325, 5287, 0.0025
20, 0.15000000000000002, 8, 0.0325, 5288, 0.0025
20, 0.15000000000000002, 7, 0.0325, 5299, 0.0025
20, 0.15000000000000002, 7, 0.0325, 5300, 0.0025
20, 0.15000000000000002, 8, 0.0325, 5413, 0.0025
20, 0.15000000000000002, 7, 0.0325, 5424, 0.0025
20, 0.15000000000000002, 7, 0.0325, 5425, 0.0025
20, 0.15000000000000002, 7, 0.0325, 5426, 0.0025
20, 0.15000000000000002, 15, 0.0325, 5534, 0.0025
20, 0.15000000000000002, 8, 0.0325, 5539, 0.0025
20, 0.15000000000000002, 7, 0.0325, 5551, 0.0025
20, 0.15000000000000002, 15, 0.0325, 5661, 0.0025
20, 0.15000000000000002, 16, 0.0325, 5678, 0.0025
20, 0.15000000000000002, 15, 0.0325, 5790, 0.0025
20, 0.15000000000000002, 16, 0.0325, 5806, 0.0025
20, 0.15000000000000002, 15, 0.0325, 5918, 0.0025
20, 0.15000000000000002, 15, 0.0325, 5919, 0.0025
20, 0.15000000000000002, 16, 0.0325, 5934, 0.0025
20, 0.15000000000000002, 9, 0.04749999999999846, 5953, 0.0025
20, 0.15000000000000002, 15, 0.0325, 6047, 0.0025
20, 0.15000000000000002, 15, 0.0325, 6048, 0.0025
20, 0.15000000000000002, 15, 0.0325, 6049, 0.0025
20, 0.15000000000000002, 16, 0.0325, 6063, 0.0025
20, 0.15000000000000002, 9, 0.04749999999999846, 6086, 0.0025
20, 0.15000000000000002, 15, 0.0325, 6177, 0.0025
20, 0.15000000000000002, 15, 0.0325, 6178, 0.0025
20, 0.15000000000000002, 16, 0.0325, 6192, 0.0025
20, 0.15000000000000002, 9, 0.04749999999999846, 6210, 0.0025
20, 0.15000000000000002, 9, 0.04749999999999846, 6211, 0.0025
20, 0.15000000000000002, 9, 0.04749999999999846, 6212, 0.0025
20, 0.15000000000000002, 9, 0.04749999999999846, 6213, 0.0025
20, 0.15000000000000002, 9, 0.04749999999999846, 6214, 0.0025
20, 0.15000000000000002, 9, 0.04749999999999846, 6215, 0.0025
20, 0.15000000000000002, 9, 0.04749999999999846, 6216, 0.0025
20, 0.15000000000000002, 18, 0.1475, 6219, 0.0025
20, 0.15000000000000002, 18, 0.1475, 6221, 0.0025
20, 0.15000000000000002, 18, 0.1475, 6222, 0.0025
20, 0.15000000000000002, 15, 0.0325, 6308, 0.0025
20, 0.15000000000000002, 15, 0.0325, 6309, 0.0025
20, 0.15000000000000002, 16, 0.0325, 6323, 0.0025
20, 0.15000000000000002, 9, 0.04749999999999846, 6342, 0.0025
20, 0.15000000000000002, 9, 0.04749999999999846, 6343, 0.0025
20, 0.15000000000000002, 9, 0.04749999999999846, 6344, 0.0025
20, 0.15000000000000002, 9, 0.04749999999999846, 6345, 0.0025
20, 0.15000000000000002, 9, 0.04749999999999846, 6346, 0.0025
20, 0.15000000000000002, 9, 0.04749999999999846, 6347, 0.0025
20, 0.15000000000000002, 18, 0.1475, 6350, 0.0025
20, 0.15000000000000002, 18, 0.1475, 6351, 0.0025
20, 0.15000000000000002, 18, 0.1475, 6352, 0.0025
20, 0.15000000000000002, 18, 0.1475, 6353, 0.0025
20, 0.15000000000000002, 16, 0.0325, 6454, 0.0025
20, 0.15000000000000002, 19, 0.2, 6472, 0.0025
20, 0.15000000000000002, 19, 0.2, 6473, 0.0025
20, 0.15000000000000002, 19, 0.2, 6474, 0.0025
20, 0.15000000000000002, 19, 0.2, 6475, 0.0025
20, 0.15000000000000002, 9, 0.04749999999999846, 6476, 0.0025
20, 0.15000000000000002, 9, 0.04749999999999846, 6477, 0.0025
20, 0.15000000000000002, 9, 0.04749999999999846, 6478, 0.0025
20, 0.15000000000000002, 9, 0.04749999999999846, 6479, 0.0025
20, 0.15000000000000002, 18, 0.1475, 6480, 0.0025
20, 0.15000000000000002, 18, 0.1475, 6481, 0.0025
20, 0.15000000000000002, 18, 0.1475, 6482, 0.0025
20, 0.15000000000000002, 18, 0.1475, 6483, 0.0025
20, 0.15000000000000002, 18, 0.1475, 6484, 0.0025
20, 0.15000000000000002, 18, 0.1475, 6485, 0.0025
20, 0.15000000000000002, 15, 0.0325, 6572, 0.0025
20, 0.15000000000000002, 16, 0.0325, 6586, 0.0025
20, 0.15000000000000002, 14, 0.0325, 6601, 0.0025
20, 0.15000000000000002, 19, 0.2, 6603, 0.0025
20, 0.15000000000000002, 19, 0.2, 6604, 0.0025
20, 0.15000000000000002, 19, 0.2, 6605, 0.0025
20, 0.15000000000000002, 19, 0.2, 6606, 0.0025
20, 0.15000000000000002, 19, 0.2, 6607, 0.0025
20, 0.15000000000000002, 19, 0.2, 6608, 0.0025
20, 0.15000000000000002, 19, 0.2, 6609, 0.0025
20, 0.15000000000000002, 9, 0.04749999999999846, 6611, 0.0025
20, 0.15000000000000002, 18, 0.1475, 6612, 0.0025
20, 0.15000000000000002, 18, 0.1475, 6613, 0.0025
20, 0.15000000000000002, 18, 0.1475, 6614, 0.0025
20, 0.15000000000000002, 18, 0.1475, 6615, 0.0025
20, 0.15000000000000002, 18, 0.1475, 6616, 0.0025
20, 0.15000000000000002, 15, 0.0325, 6705, 0.0025
20, 0.15000000000000002, 16, 0.0325, 6719, 0.0025
20, 0.15000000000000002, 14, 0.0325, 6733, 0.0025
20, 0.15000000000000002, 14, 0.0325, 6734, 0.0025
20, 0.15000000000000002, 19, 0.2, 6736, 0.0025
20, 0.15000000000000002, 19, 0.2, 6737, 0.0025
20, 0.15000000000000002, 19, 0.2, 6738, 0.0025
20, 0.15000000000000002, 19, 0.2, 6739, 0.0025
20, 0.15000000000000002, 19, 0.2, 6740, 0.0025
20, 0.15000000000000002, 19, 0.2, 6741, 0.0025
20, 0.15000000000000002, 19, 0.2, 6742, 0.0025
20, 0.15000000000000002, 18, 0.1475, 6745, 0.0025
20, 0.15000000000000002, 18, 0.1475, 6746, 0.0025
20, 0.15000000000000002, 18, 0.1475, 6747, 0.0025
20, 0.15000000000000002, 18, 0.1475, 6748, 0.0025
20, 0.15000000000000002, 16, 0.0325, 6852, 0.0025
20, 0.15000000000000002, 14, 0.0325, 6866, 0.0025
20, 0.15000000000000002, 14, 0.0325, 6867, 0.0025
20, 0.15000000000000002, 19, 0.2, 6869, 0.0025
20, 0.15000000000000002, 19, 0.2, 6870, 0.0025
20, 0.15000000000000002, 19, 0.2, 6871, 0.0025
20, 0.15000000000000002, 19, 0.2, 6872, 0.0025
20, 0.15000000000000002, 19, 0.2, 6873, 0.0025
20, 0.15000000000000002, 19, 0.2, 6874, 0.0025
20, 0.15000000000000002, 19, 0.2, 6875, 0.0025
20, 0.15000000000000002, 19, 0.2, 6876, 0.0025
20, 0.15000000000000002, 18, 0.1475, 6878, 0.0025
20, 0.15000000000000002, 18, 0.1475, 6879, 0.0025
20, 0.15000000000000002, 18, 0.1475, 6880, 0.0025
20, 0.15000000000000002, 16, 0.0325, 6986, 0.0025
20, 0.15000000000000002, 14, 0.0325, 6999, 0.0025
20, 0.15000000000000002, 14, 0.0325, 7000, 0.0025
20, 0.15000000000000002, 19, 0.2, 7003, 0.0025
20, 0.15000000000000002, 19, 0.2, 7004, 0.0025
20, 0.15000000000000002, 19, 0.2, 7005, 0.0025
20, 0.15000000000000002, 19, 0.2, 7006, 0.0025
20, 0.15000000000000002, 19, 0.2, 7007, 0.0025
20, 0.15000000000000002, 19, 0.2, 7008, 0.0025
20, 0.15000000000000002, 19, 0.2, 7009, 0.0025
20, 0.15000000000000002, 19, 0.2, 7010, 0.0025
20, 0.15000000000000002, 18, 0.1475, 7012, 0.0025
20, 0.15000000000000002, 18, 0.1475, 7013, 0.0025
20, 0.15000000000000002, 18, 0.1475, 7014, 0.0025
20, 0.15000000000000002, 18, 0.1475, 7015, 0.0025
20, 0.15000000000000002, 16, 0.0325, 7119, 0.0025
20, 0.15000000000000002, 16, 0.0325, 7120, 0.0025
20, 0.15000000000000002, 14, 0.0325, 7133, 0.0025
20, 0.15000000000000002, 14, 0.0325, 7134, 0.0025
20, 0.15000000000000002, 19, 0.2, 7136, 0.0025
20, 0.15000000000000002, 19, 0.2, 7137, 0.0025
20, 0.15000000000000002, 19, 0.2, 7138, 0.0025
20, 0.15000000000000002, 19, 0.2, 7139, 0.0025
20, 0.15000000000000002, 19, 0.2, 7140, 0.0025
20, 0.15000000000000002, 19, 0.2, 7141, 0.0025
20, 0.15000000000000002, 19, 0.2, 7142, 0.0025
20, 0.15000000000000002, 19, 0.2, 7143, 0.0025
20, 0.15000000000000002, 19, 0.2, 7144, 0.0025
20, 0.15000000000000002, 18, 0.1475, 7146, 0.0025
20, 0.15000000000000002, 18, 0.1475, 7147, 0.0025
20, 0.15000000000000002, 18, 0.1475, 7148, 0.0025
20, 0.15000000000000002, 18, 0.1475, 7149, 0.0025
20, 0.15000000000000002, 16, 0.0325, 7256, 0.0025
20, 0.15000000000000002, 14, 0.0325, 7269, 0.0025
20, 0.15000000000000002, 14, 0.0325, 7270, 0.0025
20, 0.15000000000000002, 19, 0.2, 7271, 0.0025
20, 0.15000000000000002, 19, 0.2, 7272, 0.0025
20, 0.15000000000000002, 19, 0.2, 7273, 0.0025
20, 0.15000000000000002, 19, 0.2, 7274, 0.0025
20, 0.15000000000000002, 19, 0.2, 7275, 0.0025
20, 0.15000000000000002, 19, 0.2, 7276, 0.0025
20, 0.15000000000000002, 19, 0.2, 7277, 0.0025
20, 0.15000000000000002, 19, 0.2, 7278, 0.0025
20, 0.15000000000000002, 19, 0.2, 7279, 0.0025
20, 0.15000000000000002, 19, 0.2, 7280, 0.0025
20, 0.15000000000000002, 19, 0.2, 7281, 0.0025
20, 0.15000000000000002, 18, 0.1475, 7282, 0.0025
20, 0.15000000000000002, 18, 0.1475, 7283, 0.0025
20, 0.15000000000000002, 18, 0.1475, 7284, 0.0025
20, 0.15000000000000002, 18, 0.1475, 7285, 0.0025
20, 0.15000000000000002, 18, 0.1475, 7286, 0.0025
20, 0.15000000000000002, 19, 0.2, 7407, 0.0025
20, 0.15000000000000002, 19, 0.2, 7408, 0.0025
20, 0.15000000000000002, 19, 0.2, 7409, 0.0025
20, 0.15000000000000002, 19, 0.2, 7410, 0.0025
20, 0.15000000000000002, 19, 0.2, 7411, 0.0025
20, 0.15000000000000002, 19, 0.2, 7412, 0.0025
20, 0.15000000000000002, 19, 0.2, 7413, 0.0025
20, 0.15000000000000002, 19, 0.2, 7414, 0.0025
20, 0.15000000000000002, 19, 0.2, 7415, 0.0025
20, 0.15000000000000002, 19, 0.2, 7416, 0.0025
20, 0.15000000000000002, 18, 0.1475, 7418, 0.0025
20, 0.15000000000000002, 18, 0.1475, 7419, 0.0025
20, 0.15000000000000002, 18, 0.1475, 7420, 0.0025
20, 0.15000000000000002, 18, 0.1475, 7421, 0.0025
20, 0.15000000000000002, 14, 0.0325, 7542, 0.0025
20, 0.15000000000000002, 14, 0.0325, 7543, 0.0025
20, 0.15000000000000002, 19, 0.2, 7545, 0.0025
20, 0.15000000000000002, 19, 0.2, 7546, 0.0025
20, 0.15000000000000002, 19, 0.2, 7547, 0.0025
20, 0.15000000000000002, 19, 0.2, 7548, 0.0025
20, 0.15000000000000002, 19, 0.2, 7549, 0.0025
20, 0.15000000000000002, 19, 0.2, 7550, 0.0025
20, 0.15000000000000002, 19, 0.2, 7551, 0.0025
20, 0.15000000000000002, 19, 0.2, 7552, 0.0025
20, 0.15000000000000002, 19, 0.2, 7553, 0.0025
20, 0.15000000000000002, 18, 0.1475, 7555, 0.0025
20, 0.15000000000000002, 18, 0.1475, 7556, 0.0025
20, 0.15000000000000002, 18, 0.1475, 7557, 0.0025
20, 0.15000000000000002, 18, 0.1475, 7558, 0.0025
20, 0.15000000000000002, 14, 0.0325, 7681, 0.0025
20, 0.15000000000000002, 19, 0.2, 7684, 0.0025
20, 0.15000000000000002, 19, 0.2, 7685, 0.0025
20, 0.15000000000000002, 19, 0.2, 7686, 0.0025
20, 0.15000000000000002, 19, 0.2, 7687, 0.0025
20, 0.15000000000000002, 19, 0.2, 7688, 0.0025
20, 0.15000000000000002, 19, 0.2, 7689, 0.0025
20, 0.15000000000000002, 19, 0.2, 7690, 0.0025
20, 0.15000000000000002, 18, 0.1475, 7693, 0.0025
20, 0.15000000000000002, 18, 0.1475, 7694, 0.0025
20, 0.15000000000000002, 18, 0.1475, 7695, 0.0025
20, 0.15000000000000002, 18, 0.1475, 7696, 0.0025
20, 0.15000000000000002, 19, 0.2, 7824, 0.0025
20, 0.15000000000000002, 18, 0.1475, 7832, 0.0025
20, 0.15000000000000002, 18, 0.1475, 7833, 0.0025
20, 0.15000000000000002, 18, 0.1475, 7834, 0.0025
20, 0.15000000000000002, 18, 0.1475, 7971, 0.0025
20, 0.15000000000000002, 18, 0.1475, 7972, 0.0025
20, 0.15000000000000002, 18, 0.1475, 7973, 0.0025
20, 0.15000000000000002, 18, 0.1475, 8111, 0.0025
20, 0.15000000000000002, 18, 0.1475, 8112, 0.0025
20, 0.15000000000000002, 18, 0.1475, 8113, 0.0025
20, 0.15000000000000002, 18, 0.1475, 8252, 0.0025
20, 0.15000000000000002, 25, 0.08249999999999999, 9428, 0.0025
20, 0.15000000000000002, 25, 0.08249999999999999, 9577, 0.0025
20, 0.15000000000000002, 25, 0.08249999999999999, 9578, 0.0025
20, 0.15000000000000002, 25, 0.08249999999999999, 9717, 0.0025
20, 0.15000000000000002, 25, 0.08249999999999999, 9718, 0.0025
20, 0.15000000000000002, 25, 0.08249999999999999, 9719, 0.0025
20, 0.15000000000000002, 25, 0.08249999999999999, 9720, 0.0025
20, 0.15000000000000002, 25, 0.08249999999999999, 9847, 0.0025
20, 0.15000000000000002, 25, 0.08249999999999999, 9849, 0.0025
20, 0.15000000000000002, 25, 0.08249999999999999, 9850, 0.0025
20, 0.15000000000000002, 25, 0.08249999999999999, 9851, 0.0025
20, 0.15000000000000002, 25, 0.08249999999999999, 9852, 0.0025
20, 0.15000000000000002, 25, 0.08249999999999999, 9975, 0.0025
20, 0.15000000000000002, 25, 0.08249999999999999, 9976, 0.0025
20, 0.15000000000000002, 25, 0.08249999999999999, 9977, 0.0025
20, 0.15000000000000002, 25, 0.08249999999999999, 10090, 0.0025
20, 0.15000000000000002, 25, 0.08249999999999999, 10093, 0.0025
20, 0.15000000000000002, 25, 0.08249999999999999, 10095, 0.0025
20, 0.15000000000000002, 25, 0.08249999999999999, 10096, 0.0025
20, 0.15000000000000002, 25, 0.08249999999999999, 10097, 0.0025
20, 0.15000000000000002, 25, 0.08249999999999999, 10203, 0.0025
20, 0.15000000000000002, 25, 0.08249999999999999, 10204, 0.0025
20, 0.15000000000000002, 25, 0.08249999999999999, 10205, 0.0025
20, 0.15000000000000002, 25, 0.08249999999999999, 10206, 0.0025
20, 0.15000000000000002, 25, 0.08249999999999999, 10210, 0.0025
20, 0.15000000000000002, 25, 0.08249999999999999, 10211, 0.0025
20, 0.15000000000000002, 25, 0.08249999999999999, 10319, 0.0025
20, 0.15000000000000002, 25, 0.08249999999999999, 10321, 0.0025
20, 0.15000000000000002, 25, 0.08249999999999999, 10322, 0.0025
20, 0.15000000000000002, 25, 0.08249999999999999, 10323, 0.0025
20, 0.15000000000000002, 25, 0.08249999999999999, 10324, 0.0025
20, 0.15000000000000002, 25, 0.08249999999999999, 10437, 0.0025
20, 0.15000000000000002, 25, 0.08249999999999999, 10438, 0.0025
20, 0.15000000000000002, 25, 0.08249999999999999, 10439, 0.0025
20, 0.15000000000000002, 31, 0.0325, 11242, 0.0025
20, 0.15000000000000002, 31, 0.0325, 11353, 0.0025
20, 0.15000000000000002, 31, 0.0325, 11469, 0.0025
20, 0.15000000000000002, 31, 0.0325, 11580, 0.0025
20, 0.15000000000000002, 31, 0.0325, 11581, 0.0025
20, 0.15000000000000002, 31, 0.0325, 11582, 0.0025
20, 0.15000000000000002, 31, 0.0325, 11694, 0.0025
20, 0.15000000000000002, 31, 0.0325, 11695, 0.0025
20, 0.15000000000000002, 31, 0.0325, 11696, 0.0025
20, 0.15000000000000002, 31, 0.0325, 11807, 0.0025
20, 0.15000000000000002, 31, 0.0325, 11808, 0.0025
20, 0.15000000000000002, 31, 0.0325, 11809, 0.0025
20, 0.15000000000000002, 31, 0.0325, 11810, 0.0025
20, 0.15000000000000002, 31, 0.0325, 11921, 0.0025
20, 0.15000000000000002, 34, 0.0325, 15478, 0.0025
20, 0.15000000000000002, 34, 0.0325, 15479, 0.0025
20, 0.15000000000000002, 34, 0.0325, 15708, 0.0025
20, 0.15000000000000002, 34, 0.0325, 15710, 0.0025
20, 0.15000000000000002, 34, 0.0325, 15828, 0.0025
20, 0.15000000000000002, 34, 0.0325, 15829, 0.0025
20, 0.15000000000000002, 34, 0.0325, 15830, 0.0025
20, 0.15000000000000002, 34, 0.0325, 16065, 0.0025
20, 0.15000000000000002, 34, 0.0325, 16181, 0.0025
20, 0.15000000000000002, 34, 0.0325, 16182, 0.0025
20, 0.15000000000000002, 34, 0.0325, 16299, 0.0025
20, 0.15000000000000002, 33, 0.0325, 16311, 0.0025
20, 0.15000000000000002, 34, 0.0325, 16411, 0.0025
20, 0.15000000000000002, 33, 0.0325, 16536, 0.0025
20, 0.15000000000000002, 33, 0.0325, 16537, 0.0025
20, 0.15000000000000002, 33, 0.0325, 16645, 0.0025
20, 0.15000000000000002, 33, 0.0325, 16646, 0.0025
20, 0.15000000000000002, 33, 0.0325, 16648, 0.0025
20, 0.15000000000000002, 33, 0.0325, 16860, 0.0025
20, 0.15000000000000002, 33, 0.0325, 16863, 0.0025
20, 0.15000000000000002, 33, 0.0325, 16865, 0.0025
20, 0.15000000000000002, 33, 0.0325, 16866, 0.0025
20, 0.15000000000000002, 33, 0.0325, 16868, 0.0025
20, 0.15000000000000002, 38, 0.03250000000000193, 16879, 0.0025
20, 0.15000000000000002, 33, 0.0325, 16974, 0.0025
20, 0.15000000000000002, 38, 0.03250000000000193, 16990, 0.0025
20, 0.15000000000000002, 38, 0.03250000000000193, 16991, 0.0025
20, 0.15000000000000002, 41, 0.035, 17092, 0.0025
20, 0.15000000000000002, 38, 0.03250000000000193, 17098, 0.0025
20, 0.15000000000000002, 33, 0.0325, 17184, 0.0025
20, 0.15000000000000002, 41, 0.035, 17190, 0.0025
20, 0.15000000000000002, 41, 0.035, 17197, 0.0025
20, 0.15000000000000002, 38, 0.03250000000000193, 17201, 0.0025
20, 0.15000000000000002, 38, 0.03250000000000193, 17203, 0.0025
20, 0.15000000000000002, 41, 0.035, 17295, 0.0025
20, 0.15000000000000002, 41, 0.035, 17299, 0.0025
20, 0.15000000000000002, 38, 0.03250000000000193, 17304, 0.0025
20, 0.15000000000000002, 38, 0.03250000000000193, 17305, 0.0025
20, 0.15000000000000002, 38, 0.03250000000000193, 17306, 0.0025
20, 0.15000000000000002, 34, 0.0325, 17383, 0.0025
20, 0.15000000000000002, 41, 0.035, 17395, 0.0025
20, 0.15000000000000002, 41, 0.035, 17401, 0.0025
20, 0.15000000000000002, 41, 0.035, 17402, 0.0025
20, 0.15000000000000002, 38, 0.03250000000000193, 17407, 0.0025
20, 0.15000000000000002, 38, 0.03250000000000193, 17408, 0.0025
20, 0.15000000000000002, 38, 0.03250000000000193, 17409, 0.0025
20, 0.15000000000000002, 34, 0.0325, 17487, 0.0025
20, 0.15000000000000002, 41, 0.035, 17503, 0.0025
20, 0.15000000000000002, 41, 0.035, 17505, 0.0025
20, 0.15000000000000002, 41, 0.035, 17506, 0.0025
20, 0.15000000000000002, 38, 0.03250000000000193, 17512, 0.0025
20, 0.15000000000000002, 41, 0.035, 17602, 0.0025
20, 0.15000000000000002, 41, 0.035, 17603, 0.0025
20, 0.15000000000000002, 41, 0.035, 17605, 0.0025
20, 0.15000000000000002, 38, 0.03250000000000193, 17612, 0.0025
20, 0.15000000000000002, 33, 0.0325, 17691, 0.0025
20, 0.15000000000000002, 41, 0.035, 17700, 0.0025
20, 0.2, 1, 0.0325, 1408, 0.0025
20, 0.2, 1, 0.0325, 1409, 0.0025
20, 0.2, 1, 0.0325, 1410, 0.0025
20, 0.2, 1, 0.0325, 1483, 0.0025
20, 0.2, 1, 0.0325, 1484, 0.0025
20, 0.2, 1, 0.0325, 1485, 0.0025
20, 0.2, 1, 0.0325, 1486, 0.0025
20, 0.2, 2, 0.0325, 1551, 0.0025
20, 0.2, 1, 0.0325, 1560, 0.0025
20, 0.2, 1, 0.0325, 1561, 0.0025
20, 0.2, 1, 0.0325, 1562, 0.0025
20, 0.2, 1, 0.0325, 1563, 0.0025
20, 0.2, 1, 0.0325, 1641, 0.0025
20, 0.2, 1, 0.0325, 1642, 0.0025
20, 0.2, 2, 0.0325, 1712, 0.0025
20, 0.2, 1, 0.0325, 1724, 0.0025
20, 0.2, 2, 0.0325, 1884, 0.0025
20, 0.2, 2, 0.0325, 1971, 0.0025
20, 0.2, 2, 0.0325, 1972, 0.0025
20, 0.2, 2, 0.0325, 1973, 0.0025
20, 0.2, 2, 0.0325, 1974, 0.0025
20, 0.2, 2, 0.0325, 2064, 0.0025
20, 0.2, 2, 0.0325, 2065, 0.0025
20, 0.2, 2, 0.0325, 2066, 0.0025
20, 0.2, 2, 0.0325, 2067, 0.0025
20, 0.2, 2, 0.0325, 2160, 0.0025
20, 0.2, 2, 0.0325, 2161, 0.0025
20, 0.2, 2, 0.0325, 2259, 0.0025
20, 0.2, 5, 0.0325, 2535, 0.0025
20, 0.2, 5, 0.0325, 2536, 0.0025
20, 0.2, 5, 0.0325, 2537, 0.0025
20, 0.2, 3, 0.0325, 2547, 0.0025
20, 0.2, 3, 0.0325, 2548, 0.0025
20, 0.2, 3, 0.0325, 2549, 0.0025
20, 0.2, 3, 0.0325, 2650, 0.0025
20, 0.2, 3, 0.0325, 2651, 0.0025
20, 0.2, 3, 0.0325, 2754, 0.0025
20, 0.2, 3, 0.0325, 2755, 0.0025
20, 0.2, 3, 0.0325, 2860, 0.0025
20, 0.2, 5, 0.0325, 3273, 0.0025
20, 0.2, 5, 0.0325, 3274, 0.0025
20, 0.2, 5, 0.0325, 3275, 0.0025
20, 0.2, 4, 0.0325, 3322, 0.0025
20, 0.2, 4, 0.0325, 3325, 0.0025
20, 0.2, 4, 0.0325, 3326, 0.0025
20, 0.2, 5, 0.0325, 3382, 0.0025
20, 0.2, 5, 0.0325, 3383, 0.0025
20, 0.2, 3, 0.0325, 3394, 0.0025
20, 0.2, 3, 0.0325, 3395, 0.0025
20, 0.2, 3, 0.0325, 3396, 0.0025
20, 0.2, 5, 0.0325, 3493, 0.0025
20, 0.2, 5, 0.0325, 3494, 0.0025
20, 0.2, 3, 0.0325, 3506, 0.0025
20, 0.2, 3, 0.0325, 3507, 0.0025
20, 0.2, 4, 0.0325, 3544, 0.0025
20, 0.2, 4, 0.0325, 3545, 0.0025
20, 0.2, 5, 0.0325, 3604, 0.0025
20, 0.2, 3, 0.0325, 3618, 0.0025
20, 0.2, 4, 0.0325, 3651, 0.0025
20, 0.2, 4, 0.0325, 3653, 0.0025
20, 0.2, 5, 0.0325, 3715, 0.0025
20, 0.2, 5, 0.0325, 3716, 0.0025
20, 0.2, 4, 0.0325, 3765, 0.0025
20, 0.2, 4, 0.0325, 3767, 0.0025
20, 0.2, 4, 0.0325, 3877, 0.0025
20, 0.2, 4, 0.0325, 3880, 0.0025
20, 0.2, 5, 0.0325, 3943, 0.0025
20, 0.2, 4, 0.0325, 3992, 0.0025
20, 0.2, 4, 0.0325, 3993, 0.0025
20, 0.2, 4, 0.0325, 3997, 0.0025
20, 0.2, 7, 0.0325, 4691, 0.0025
20, 0.2, 7, 0.0325, 4811, 0.0025
20, 0.2, 7, 0.0325, 4931, 0.0025
20, 0.2, 7, 0.0325, 4932, 0.0025
20, 0.2, 7, 0.0325, 5054, 0.0025
20, 0.2, 7, 0.0325, 5175, 0.0025
20, 0.2, 7, 0.0325, 5176, 0.0025
20, 0.2, 7, 0.0325, 5177, 0.0025
20, 0.2, 7, 0.0325, 5299, 0.0025
20, 0.2, 7, 0.0325, 5300, 0.0025
20, 0.2, 7, 0.0325, 5424, 0.0025
20, 0.2, 7, 0.0325, 5425, 0.0025
20, 0.2, 7, 0.0325, 5426, 0.0025
20, 0.2, 15, 0.0325, 5534, 0.0025
20, 0.2, 7, 0.0325, 5551, 0.0025
20, 0.2, 15, 0.0325, 5661, 0.0025
20, 0.2, 16, 0.0325, 5678, 0.0025
20, 0.2, 15, 0.0325, 5790, 0.0025
20, 0.2, 16, 0.0325, 5806, 0.0025
20, 0.2, 15, 0.0325, 5918, 0.0025
20, 0.2, 15, 0.0325, 5919, 0.0025
20, 0.2, 16, 0.0325, 5934, 0.0025
20, 0.2, 9, 0.04750000000001627, 5953, 0.0025
20, 0.2, 15, 0.0325, 6047, 0.0025
20, 0.2, 15, 0.0325, 6048, 0.0025
20, 0.2, 15, 0.0325, 6049, 0.0025
20, 0.2, 16, 0.0325, 6063, 0.0025
20, 0.2, 9, 0.04750000000001627, 6086, 0.0025
20, 0.2, 15, 0.0325, 6177, 0.0025
20, 0.2, 15, 0.0325, 6178, 0.0025
20, 0.2, 16, 0.0325, 6192, 0.0025
20, 0.2, 9, 0.04750000000001627, 6210, 0.0025
20, 0.2, 9, 0.04750000000001627, 6211, 0.0025
20, 0.2, 9, 0.04750000000001627, 6212, 0.0025
20, 0.2, 9, 0.04750000000001627, 6213, 0.0025
20, 0.2, 9, 0.04750000000001627, 6214, 0.0025
20, 0.2, 9, 0.04750000000001627, 6215, 0.0025
20, 0.2, 9, 0.04750000000001627, 6216, 0.0025
20, 0.2, 15, 0.0325, 6308, 0.0025
20, 0.2, 15, 0.0325, 6309, 0.0025
20, 0.2, 16, 0.0325, 6323, 0.0025
20, 0.2, 9, 0.04750000000001627, 6342, 0.0025
20, 0.2, 9, 0.04750000000001627, 6343, 0.0025
20, 0.2, 9, 0.04750000000001627, 6344, 0.0025
20, 0.2, 9, 0.04750000000001627, 6345, 0.0025
20, 0.2, 9, 0.04750000000001627, 6346, 0.0025
20, 0.2, 9, 0.04750000000001627, 6347, 0.0025
20, 0.2, 16, 0.0325, 6454, 0.0025
20, 0.2, 19, 0.2, 6472, 0.0025
20, 0.2, 19, 0.2, 6473, 0.0025
20, 0.2, 19, 0.2, 6474, 0.0025
20, 0.2, 19, 0.2, 6475, 0.0025
20, 0.2, 9, 0.04750000000001627, 6476, 0.0025
20, 0.2, 9, 0.04750000000001627, 6477, 0.0025
20, 0.2, 9, 0.04750000000001627, 6478, 0.0025
20, 0.2, 9, 0.04750000000001627, 6479, 0.0025
20, 0.2, 18, 0.08499999999999763, 6480, 0.0025
20, 0.2, 18, 0.08499999999999763, 6482, 0.0025
20, 0.2, 15, 0.0325, 6572, 0.0025
20, 0.2, 16, 0.0325, 6586, 0.0025
20, 0.2, 14, 0.0325, 6601, 0.0025
20, 0.2, 19, 0.2, 6603, 0.0025
20, 0.2, 19, 0.2, 6604, 0.0025
20, 0.2, 19, 0.2, 6605, 0.0025
20, 0.2, 19, 0.2, 6606, 0.0025
20, 0.2, 19, 0.2, 6607, 0.0025
20, 0.2, 19, 0.2, 6608, 0.0025
20, 0.2, 19, 0.2, 6609, 0.0025
20, 0.2, 9, 0.04750000000001627, 6611, 0.0025
20, 0.2, 18, 0.08499999999999763, 6612, 0.0025
20, 0.2, 18, 0.08499999999999763, 6613, 0.0025
20, 0.2, 18, 0.08499999999999763, 6614, 0.0025
20, 0.2, 18, 0.08499999999999763, 6615, 0.0025
20, 0.2, 15, 0.0325, 6705, 0.0025
20, 0.2, 16, 0.0325, 6719, 0.0025
20, 0.2, 14, 0.0325, 6733, 0.0025
20, 0.2, 14, 0.0325, 6734, 0.0025
20, 0.2, 19, 0.2, 6736, 0.0025
20, 0.2, 19, 0.2, 6737, 0.0025
20, 0.2, 19, 0.2, 6738, 0.0025
20, 0.2, 19, 0.2, 6739, 0.0025
20, 0.2, 19, 0.2, 6740, 0.0025
20, 0.2, 19, 0.2, 6741, 0.0025
20, 0.2, 19, 0.2, 6742, 0.0025
20, 0.2, 18, 0.08499999999999763, 6745, 0.0025
20, 0.2, 18, 0.08499999999999763, 6746, 0.0025
20, 0.2, 16, 0.0325, 6852, 0.0025
20, 0.2, 14, 0.0325, 6866, 0.0025
20, 0.2, 14, 0.0325, 6867, 0.0025
20, 0.2, 19, 0.2, 6869, 0.0025
20, 0.2, 19, 0.2, 6870, 0.0025
20, 0.2, 19, 0.2, 6871, 0.0025
20, 0.2, 19, 0.2, 6872, 0.0025
20, 0.2, 19, 0.2, 6873, 0.0025
20, 0.2, 19, 0.2, 6874, 0.0025
20, 0.2, 19, 0.2, 6875, 0.0025
20, 0.2, 19, 0.2, 6876, 0.0025
20, 0.2, 18, 0.08499999999999763, 6878, 0.0025
20, 0.2, 18, 0.08499999999999763, 6879, 0.0025
20, 0.2, 16, 0.0325, 6986, 0.0025
20, 0.2, 14, 0.0325, 6999, 0.0025
20, 0.2, 14, 0.0325, 7000, 0.0025
20, 0.2, 19, 0.2, 7003, 0.0025
20, 0.2, 19, 0.2, 7004, 0.0025
20, 0.2, 19, 0.2, 7005, 0.0025
20, 0.2, 19, 0.2, 7006, 0.0025
20, 0.2, 19, 0.2, 7007, 0.0025
20, 0.2, 19, 0.2, 7008, 0.0025
20, 0.2, 19, 0.2, 7009, 0.0025
20, 0.2, 19, 0.2, 7010, 0.0025
20, 0.2, 18, 0.08499999999999763, 7012, 0.0025
20, 0.2, 18, 0.08499999999999763, 7013, 0.0025
20, 0.2, 16, 0.0325, 7119, 0.0025
20, 0.2, 16, 0.0325, 7120, 0.0025
20, 0.2, 14, 0.0325, 7133, 0.0025
20, 0.2, 14, 0.0325, 7134, 0.0025
20, 0.2, 19, 0.2, 7136, 0.0025
20, 0.2, 19, 0.2, 7137, 0.0025
20, 0.2, 19, 0.2, 7138, 0.0025
20, 0.2, 19, 0.2, 7139, 0.0025
20, 0.2, 19, 0.2, 7140, 0.0025
20, 0.2, 19, 0.2, 7141, 0.0025
20, 0.2, 19, 0.2, 7142, 0.0025
20, 0.2, 19, 0.2, 7143, 0.0025
20, 0.2, 19, 0.2, 7144, 0.0025
20, 0.2, 18, 0.08499999999999763, 7146, 0.0025
20, 0.2, 18, 0.08499999999999763, 7147, 0.0025
20, 0.2, 18, 0.08499999999999763, 7148, 0.0025
20, 0.2, 18, 0.08499999999999763, 7149, 0.0025
20, 0.2, 16, 0.0325, 7256, 0.0025
20, 0.2, 14, 0.0325, 7269, 0.0025
20, 0.2, 14, 0.0325, 7270, 0.0025
20, 0.2, 19, 0.2, 7271, 0.0025
20, 0.2, 19, 0.2, 7272, 0.0025
20, 0.2, 19, 0.2, 7273, 0.0025
20, 0.2, 19, 0.2, 7274, 0.0025
20, 0.2, 19, 0.2, 7275, 0.0025
20, 0.2, 19, 0.2, 7276, 0.0025
20, 0.2, 19, 0.2, 7277, 0.0025
20, 0.2, 19, 0.2, 7278, 0.0025
20, 0.2, 19, 0.2, 7279, 0.0025
20, 0.2, 19, 0.2, 7280, 0.0025
20, 0.2, 19, 0.2, 7281, 0.0025
20, 0.2, 18, 0.08499999999999763, 7282, 0.0025
20, 0.2, 18, 0.08499999999999763, 7283, 0.0025
20, 0.2, 18, 0.08499999999999763, 7284, 0.0025
20, 0.2, 19, 0.2, 7407, 0.0025
20, 0.2, 19, 0.2, 7408, 0.0025
20, 0.2, 19, 0.2, 7409, 0.0025
20, 0.2, 19, 0.2, 7410, 0.0025
20, 0.2, 19, 0.2, 7411, 0.0025
20, 0.2, 19, 0.2, 7412, 0.0025
20, 0.2, 19, 0.2, 7413, 0.0025
20, 0.2, 19, 0.2, 7414, 0.0025
20, 0.2, 19, 0.2, 7415, 0.0025
20, 0.2, 19, 0.2, 7416, 0.0025
20, 0.2, 18, 0.08499999999999763, 7418, 0.0025
20, 0.2, 18, 0.08499999999999763, 7419, 0.0025
20, 0.2, 18, 0.08499999999999763, 7420, 0.0025
20, 0.2, 14, 0.0325, 7542, 0.0025
20, 0.2, 14, 0.0325, 7543, 0.0025
20, 0.2, 19, 0.2, 7545, 0.0025
20, 0.2, 19, 0.2, 7546, 0.0025
20, 0.2, 19, 0.2, 7547, 0.0025
20, 0.2, 19, 0.2, 7548, 0.0025
20, 0.2, 19, 0.2, 7549, 0.0025
20, 0.2, 19, 0.2, 7550, 0.0025
20, 0.2, 19, 0.2, 7551, 0.0025
20, 0.2, 19, 0.2, 7552, 0.0025
20, 0.2, 19, 0.2, 7553, 0.0025
20, 0.2, 18, 0.08499999999999763, 7555, 0.0025
20, 0.2, 18, 0.08499999999999763, 7556, 0.0025
20, 0.2, 18, 0.08499999999999763, 7557, 0.0025
20, 0.2, 14, 0.0325, 7681, 0.0025
20, 0.2, 19, 0.2, 7684, 0.0025
20, 0.2, 19, 0.2, 7685, 0.0025
20, 0.2, 19, 0.2, 7686, 0.0025
20, 0.2, 19, 0.2, 7687, 0.0025
20, 0.2, 19, 0.2, 7688, 0.0025
20, 0.2, 19, 0.2, 7689, 0.0025
20, 0.2, 19, 0.2, 7690, 0.0025
20, 0.2, 18, 0.08499999999999763, 7693, 0.0025
20, 0.2, 18, 0.08499999999999763, 7694, 0.0025
20, 0.2, 18, 0.08499999999999763, 7695, 0.0025
20, 0.2, 19, 0.2, 7824, 0.0025
20, 0.2, 18, 0.08499999999999763, 7832, 0.0025
20, 0.2, 18, 0.08499999999999763, 7833, 0.0025
20, 0.2, 18, 0.08499999999999763, 7834, 0.0025
20, 0.2, 18, 0.08499999999999763, 7971, 0.0025
20, 0.2, 18, 0.08499999999999763, 7972, 0.0025
20, 0.2, 18, 0.08499999999999763, 7973, 0.0025
20, 0.2, 18, 0.08499999999999763, 8111, 0.0025
20, 0.2, 25, 0.09749999999999946, 9428, 0.0025
20, 0.2, 25, 0.09749999999999946, 9577, 0.0025
20, 0.2, 25, 0.09749999999999946, 9578, 0.0025
20, 0.2, 25, 0.09749999999999946, 9717, 0.0025
20, 0.2, 25, 0.09749999999999946, 9718, 0.0025
20, 0.2, 25, 0.09749999999999946, 9719, 0.0025
20, 0.2, 25, 0.09749999999999946, 9720, 0.0025
20, 0.2, 25, 0.09749999999999946, 9847, 0.0025
20, 0.2, 25, 0.09749999999999946, 9849, 0.0025
20, 0.2, 25, 0.09749999999999946, 9850, 0.0025
20, 0.2, 25, 0.09749999999999946, 9851, 0.0025
20, 0.2, 25, 0.09749999999999946, 9852, 0.0025
20, 0.2, 25, 0.09749999999999946, 9975, 0.0025
20, 0.2, 25, 0.09749999999999946, 9976, 0.0025
20, 0.2, 25, 0.09749999999999946, 9977, 0.0025
20, 0.2, 25, 0.09749999999999946, 10090, 0.0025
20, 0.2, 25, 0.09749999999999946, 10093, 0.0025
20, 0.2, 25, 0.09749999999999946, 10095, 0.0025
20, 0.2, 25, 0.09749999999999946, 10096, 0.0025
20, 0.2, 25, 0.09749999999999946, 10097, 0.0025
20, 0.2, 25, 0.09749999999999946, 10203, 0.0025
20, 0.2, 25, 0.09749999999999946, 10204, 0.0025
20, 0.2, 25, 0.09749999999999946, 10205, 0.0025
20, 0.2, 25, 0.09749999999999946, 10206, 0.0025
20, 0.2, 25, 0.09749999999999946, 10210, 0.0025
20, 0.2, 25, 0.09749999999999946, 10211, 0.0025
20, 0.2, 25, 0.09749999999999946, 10212, 0.0025
20, 0.2, 25, 0.09749999999999946, 10213, 0.0025
20, 0.2, 25, 0.09749999999999946, 10319, 0.0025
20, 0.2, 25, 0.09749999999999946, 10321, 0.0025
20, 0.2, 25, 0.09749999999999946, 10322, 0.0025
20, 0.2, 25, 0.09749999999999946, 10323, 0.0025
20, 0.2, 25, 0.09749999999999946, 10324, 0.0025
20, 0.2, 25, 0.09749999999999946, 10436, 0.0025
20, 0.2, 25, 0.09749999999999946, 10437, 0.0025
20, 0.2, 25, 0.09749999999999946, 10438, 0.0025
20, 0.2, 25, 0.09749999999999946, 10439, 0.0025
20, 0.2, 25, 0.09749999999999946, 10440, 0.0025
20, 0.2, 25, 0.09749999999999946, 10441, 0.0025
20, 0.2, 25, 0.09749999999999946, 10557, 0.0025
20, 0.2, 31, 0.0325, 11242, 0.0025
20, 0.2, 31, 0.0325, 11353, 0.0025
20, 0.2, 31, 0.0325, 11469, 0.0025
20, 0.2, 31, 0.0325, 11580, 0.0025
20, 0.2, 31, 0.0325, 11581, 0.0025
20, 0.2, 31, 0.0325, 11582, 0.0025
20, 0.2, 31, 0.0325, 11694, 0.0025
20, 0.2, 31, 0.0325, 11695, 0.0025
20, 0.2, 31, 0.0325, 11696, 0.0025
20, 0.2, 31, 0.0325, 11807, 0.0025
20, 0.2, 31, 0.0325, 11808, 0.0025
20, 0.2, 31, 0.0325, 11809, 0.0025
20, 0.2, 31, 0.0325, 11810, 0.0025
20, 0.2, 31, 0.0325, 11921, 0.0025
20, 0.2, 34, 0.0325, 15478, 0.0025
20, 0.2, 34, 0.0325, 15479, 0.0025
20, 0.2, 34, 0.0325, 15708, 0.0025
20, 0.2, 34, 0.0325, 15710, 0.0025
20, 0.2, 34, 0.0325, 15828, 0.0025
20, 0.2, 34, 0.0325, 15829, 0.0025
20, 0.2, 34, 0.0325, 15830, 0.0025
20, 0.2, 34, 0.0325, 16065, 0.0025
20, 0.2, 34, 0.0325, 16181, 0.0025
20, 0.2, 34, 0.0325, 16182, 0.0025
20, 0.2, 34, 0.0325, 16299, 0.0025
20, 0.2, 33, 0.0325, 16311, 0.0025
20, 0.2, 34, 0.0325, 16411, 0.0025
20, 0.2, 33, 0.0325, 16536, 0.0025
20, 0.2, 33, 0.0325, 16537, 0.0025
20, 0.2, 33, 0.0325, 16645, 0.0025
20, 0.2, 33, 0.0325, 16646, 0.0025
20, 0.2, 33, 0.0325, 16648, 0.0025
20, 0.2, 41, 0.08249999999999788, 16755, 0.0025
20, 0.2, 33, 0.0325, 16860, 0.0025
20, 0.2, 33, 0.0325, 16863, 0.0025
20, 0.2, 33, 0.0325, 16865, 0.0025
20, 0.2, 33, 0.0325, 16866, 0.0025
20, 0.2, 33, 0.0325, 16868, 0.0025
20, 0.2, 38, 0.0325, 16879, 0.0025
20, 0.2, 33, 0.0325, 16974, 0.0025
20, 0.2, 38, 0.0325, 16990, 0.0025
20, 0.2, 38, 0.0325, 16991, 0.0025
20, 0.2, 41, 0.08249999999999788, 17087, 0.0025
20, 0.2, 41, 0.08249999999999788, 17092, 0.0025
20, 0.2, 38, 0.0325, 17098, 0.0025
20, 0.2, 33, 0.0325, 17184, 0.0025
20, 0.2, 41, 0.08249999999999788, 17190, 0.0025
20, 0.2, 41, 0.08249999999999788, 17197, 0.0025
20, 0.2, 38, 0.0325, 17201, 0.0025
20, 0.2, 38, 0.0325, 17203, 0.0025
20, 0.2, 41, 0.08249999999999788, 17293, 0.0025
20, 0.2, 41, 0.08249999999999788, 17295, 0.0025
20, 0.2, 41, 0.08249999999999788, 17299, 0.0025
20, 0.2, 41, 0.08249999999999788, 17301, 0.0025
20, 0.2, 38, 0.0325, 17304, 0.0025
20, 0.2, 38, 0.0325, 17305, 0.0025
20, 0.2, 38, 0.0325, 17306, 0.0025
20, 0.2, 34, 0.0325, 17383, 0.0025
20, 0.2, 41, 0.08249999999999788, 17395, 0.0025
20, 0.2, 41, 0.08249999999999788, 17401, 0.0025
20, 0.2, 41, 0.08249999999999788, 17402, 0.0025
20, 0.2, 41, 0.08249999999999788, 17404, 0.0025
20, 0.2, 38, 0.0325, 17407, 0.0025
20, 0.2, 38, 0.0325, 17408, 0.0025
20, 0.2, 38, 0.0325, 17409, 0.0025
20, 0.2, 34, 0.0325, 17487, 0.0025
20, 0.2, 41, 0.08249999999999788, 17503, 0.0025
20, 0.2, 41, 0.08249999999999788, 17504, 0.0025
20, 0.2, 41, 0.08249999999999788, 17505, 0.0025
20, 0.2, 41, 0.08249999999999788, 17506, 0.0025
20, 0.2, 41, 0.08249999999999788, 17508, 0.0025
20, 0.2, 41, 0.08249999999999788, 17509, 0.0025
20, 0.2, 38, 0.0325, 17512, 0.0025
20, 0.2, 41, 0.08249999999999788, 17602, 0.0025
20, 0.2, 41, 0.08249999999999788, 17603, 0.0025
20, 0.2, 41, 0.08249999999999788, 17604, 0.0025
20, 0.2, 41, 0.08249999999999788, 17605, 0.0025
20, 0.2, 41, 0.08249999999999788, 17607, 0.0025
20, 0.2, 38, 0.0325, 17612, 0.0025
20, 0.2, 33, 0.0325, 17691, 0.0025
20, 0.2, 41, 0.08249999999999788, 17699, 0.0025
20, 0.2, 41, 0.08249999999999788, 17700, 0.0025
20, 0.2, 41, 0.08249999999999788, 17703, 0.0025
20, 0.2, 41, 0.08249999999999788, 17793, 0.0025
20, 0.2, 41, 0.08249999999999788, 17795, 0.0025
20, 0.2, 41, 0.08249999999999788, 17797, 0.0025
20, 0.2, 41, 0.08249999999999788, 17976, 0.0025
20, 0.2, 41, 0.08249999999999788, 18060, 0.0025
20, 0.2, 41, 0.08249999999999788, 18062, 0.0025
20, 0.2, 41, 0.08249999999999788, 18149, 0.0025
20, 0.2, 131, 0.0325, 64207, 0.0025
20, 0.2, 131, 0.0325, 64208, 0.0025
20, 0.2, 131, 0.0325, 64209, 0.0025
20, 0.2, 131, 0.0325, 64211, 0.0025
20, 0.2, 131, 0.0325, 64212, 0.0025
20, 0.2, 131, 0.0325, 64213, 0.0025
20, 0.2, 131, 0.0325, 64368, 0.0025
20, 0.2, 131, 0.0325, 64369, 0.0025
20, 0.2, 131, 0.0325, 64370, 0.0025
20, 0.2, 131, 0.0325, 64371, 0.0025
20, 0.2, 131, 0.0325, 64526, 0.0025
20, 0.2, 131, 0.0325, 64527, 0.0025
20, 0.2, 131, 0.0325, 64677, 0.0025
20, 0.2, 131, 0.0325, 64678, 0.0025
20, 0.2, 144, 0.0325, 65978, 0.0025
20, 0.2, 144, 0.0325, 66118, 0.0025
20, 0.2, 144, 0.0325, 66249, 0.0025
20, 0.2, 144, 0.0325, 66251, 0.0025
20, 0.2, 144, 0.0325, 66258, 0.0025
20, 0.2, 144, 0.0325, 66259, 0.0025
20, 0.2, 144, 0.0325, 66387, 0.0025
20, 0.2, 144, 0.0325, 66390, 0.0025
20, 0.2, 144, 0.0325, 66393, 0.0025
20, 0.2, 144, 0.0325, 66523, 0.0025
20, 0.2, 144, 0.0325, 66524, 0.0025
20, 0.2, 144, 0.0325, 66787, 0.0025
20, 0.2, 144, 0.0325, 66788, 0.0025
20, 0.2, 144, 0.0325, 66915, 0.0025
20, 0.25, 1, 0.0325, 1408, 0.0025
20, 0.25, 1, 0.0325, 1409, 0.0025
20, 0.25, 1, 0.0325, 1410, 0.0025
20, 0.25, 1, 0.0325, 1483, 0.0025
20, 0.25, 1, 0.0325, 1484, 0.0025
20, 0.25, 1, 0.0325, 1485, 0.0025
20, 0.25, 1, 0.0325, 1486, 0.0025
20, 0.25, 2, 0.0325, 1551, 0.0025
20, 0.25, 1, 0.0325, 1560, 0.0025
20, 0.25, 1, 0.0325, 1561, 0.0025
20, 0.25, 1, 0.0325, 1562, 0.0025
20, 0.25, 1, 0.0325, 1563, 0.0025
20, 0.25, 1, 0.0325, 1641, 0.0025
20, 0.25, 1, 0.0325, 1642, 0.0025
20, 0.25, 2, 0.0325, 1712, 0.0025
20, 0.25, 1, 0.0325, 1724, 0.0025
20, 0.25, 2, 0.0325, 1884, 0.0025
20, 0.25, 2, 0.0325, 1971, 0.0025
20, 0.25, 2, 0.0325, 1972, 0.0025
20, 0.25, 2, 0.0325, 1973, 0.0025
20, 0.25, 2, 0.0325, 1974, 0.0025
20, 0.25, 2, 0.0325, 2064, 0.0025
20, 0.25, 2, 0.0325, 2065, 0.0025
20, 0.25, 2, 0.0325, 2066, 0.0025
20, 0.25, 2, 0.0325, 2067, 0.0025
20, 0.25, 2, 0.0325, 2160, 0.0025
20, 0.25, 2, 0.0325, 2161, 0.0025
20, 0.25, 2, 0.0325, 2259, 0.0025
20, 0.25, 5, 0.0325, 2535, 0.0025
20, 0.25, 5, 0.0325, 2536, 0.0025
20, 0.25, 5, 0.0325, 2537, 0.0025
20, 0.25, 3, 0.0325, 2547, 0.0025
20, 0.25, 3, 0.0325, 2548, 0.0025
20, 0.25, 3, 0.0325, 2549, 0.0025
20, 0.25, 3, 0.0325, 2650, 0.0025
20, 0.25, 3, 0.0325, 2651, 0.0025
20, 0.25, 3, 0.0325, 2754, 0.0025
20, 0.25, 3, 0.0325, 2755, 0.0025
20, 0.25, 3, 0.0325, 2860, 0.0025
20, 0.25, 5, 0.0325, 3273, 0.0025
20, 0.25, 5, 0.0325, 3274, 0.0025
20, 0.25, 5, 0.0325, 3275, 0.0025
20, 0.25, 4, 0.0325, 3322, 0.0025
20, 0.25, 4, 0.0325, 3325, 0.0025
20, 0.25, 4, 0.0325, 3326, 0.0025
20, 0.25, 5, 0.0325, 3382, 0.0025
20, 0.25, 5, 0.0325, 3383, 0.0025
20, 0.25, 3, 0.0325, 3394, 0.0025
20, 0.25, 3, 0.0325, 3395, 0.0025
20, 0.25, 3, 0.0325, 3396, 0.0025
20, 0.25, 5, 0.0325, 3493, 0.0025
20, 0.25, 5, 0.0325, 3494, 0.0025
20, 0.25, 3, 0.0325, 3506, 0.0025
20, 0.25, 3, 0.0325, 3507, 0.0025
20, 0.25, 4, 0.0325, 3544, 0.0025
20, 0.25, 4, 0.0325, 3545, 0.0025
20, 0.25, 5, 0.0325, 3604, 0.0025
20, 0.25, 3, 0.0325, 3618, 0.0025
20, 0.25, 4, 0.0325, 3651, 0.0025
20, 0.25, 4, 0.0325, 3653, 0.0025
20, 0.25, 5, 0.0325, 3715, 0.0025
20, 0.25, 5, 0.0325, 3716, 0.0025
20, 0.25, 4, 0.0325, 3765, 0.0025
20, 0.25, 4, 0.0325, 3767, 0.0025
20, 0.25, 4, 0.0325, 3877, 0.0025
20, 0.25, 4, 0.0325, 3880, 0.0025
20, 0.25, 5, 0.0325, 3943, 0.0025
20, 0.25, 4, 0.0325, 3992, 0.0025
20, 0.25, 4, 0.0325, 3993, 0.0025
20, 0.25, 4, 0.0325, 3997, 0.0025
20, 0.25, 7, 0.0325, 4691, 0.0025
20, 0.25, 7, 0.0325, 4811, 0.0025
20, 0.25, 7, 0.0325, 4931, 0.0025
20, 0.25, 7, 0.0325, 4932, 0.0025
20, 0.25, 7, 0.0325, 5054, 0.0025
20, 0.25, 7, 0.0325, 5175, 0.0025
20, 0.25, 7, 0.0325, 5176, 0.0025
20, 0.25, 7, 0.0325, 5177, 0.0025
20, 0.25, 7, 0.0325, 5299, 0.0025
20, 0.25, 7, 0.0325, 5300, 0.0025
20, 0.25, 7, 0.0325, 5424, 0.0025
20, 0.25, 7, 0.0325, 5425, 0.0025
20, 0.25, 7, 0.0325, 5426, 0.0025
20, 0.25, 7, 0.0325, 5551, 0.0025
20, 0.25, 16, 0.0325, 5678, 0.0025
20, 0.25, 16, 0.0325, 5806, 0.0025
20, 0.25, 16, 0.0325, 5934, 0.0025
20, 0.25, 9, 0.04499999999999996, 5953, 0.0025
20, 0.25, 16, 0.0325, 6063, 0.0025
20, 0.25, 9, 0.04499999999999996, 6086, 0.0025
20, 0.25, 16, 0.0325, 6192, 0.0025
20, 0.25, 9, 0.04499999999999996, 6210, 0.0025
20, 0.25, 9, 0.04499999999999996, 6211, 0.0025
20, 0.25, 9, 0.04499999999999996, 6212, 0.0025
20, 0.25, 9, 0.04499999999999996, 6213, 0.0025
20, 0.25, 9, 0.04499999999999996, 6214, 0.0025
20, 0.25, 9, 0.04499999999999996, 6215, 0.0025
20, 0.25, 16, 0.0325, 6323, 0.0025
20, 0.25, 9, 0.04499999999999996, 6342, 0.0025
20, 0.25, 9, 0.04499999999999996, 6343, 0.0025
20, 0.25, 9, 0.04499999999999996, 6344, 0.0025
20, 0.25, 9, 0.04499999999999996, 6345, 0.0025
20, 0.25, 9, 0.04499999999999996, 6346, 0.0025
20, 0.25, 9, 0.04499999999999996, 6347, 0.0025
20, 0.25, 16, 0.0325, 6454, 0.0025
20, 0.25, 19, 0.2, 6472, 0.0025
20, 0.25, 19, 0.2, 6473, 0.0025
20, 0.25, 19, 0.2, 6474, 0.0025
20, 0.25, 19, 0.2, 6475, 0.0025
20, 0.25, 9, 0.04499999999999996, 6476, 0.0025
20, 0.25, 9, 0.04499999999999996, 6477, 0.0025
20, 0.25, 9, 0.04499999999999996, 6478, 0.0025
20, 0.25, 9, 0.04499999999999996, 6479, 0.0025
20, 0.25, 16, 0.0325, 6586, 0.0025
20, 0.25, 14, 0.035, 6601, 0.0025
20, 0.25, 19, 0.2, 6603, 0.0025
20, 0.25, 19, 0.2, 6604, 0.0025
20, 0.25, 19, 0.2, 6605, 0.0025
20, 0.25, 19, 0.2, 6606, 0.0025
20, 0.25, 19, 0.2, 6607, 0.0025
20, 0.25, 19, 0.2, 6608, 0.0025
20, 0.25, 19, 0.2, 6609, 0.0025
20, 0.25, 9, 0.04499999999999996, 6611, 0.0025
20, 0.25, 18, 0.05, 6612, 0.0025
20, 0.25, 18, 0.05, 6613, 0.0025
20, 0.25, 16, 0.0325, 6719, 0.0025
20, 0.25, 14, 0.035, 6732, 0.0025
20, 0.25, 14, 0.035, 6733, 0.0025
20, 0.25, 14, 0.035, 6734, 0.0025
20, 0.25, 19, 0.2, 6736, 0.0025
20, 0.25, 19, 0.2, 6737, 0.0025
20, 0.25, 19, 0.2, 6738, 0.0025
20, 0.25, 19, 0.2, 6739, 0.0025
20, 0.25, 19, 0.2, 6740, 0.0025
20, 0.25, 19, 0.2, 6741, 0.0025
20, 0.25, 19, 0.2, 6742, 0.0025
20, 0.25, 18, 0.05, 6745, 0.0025
20, 0.25, 16, 0.0325, 6852, 0.0025
20, 0.25, 14, 0.035, 6866, 0.0025
20, 0.25, 14, 0.035, 6867, 0.0025
20, 0.25, 19, 0.2, 6869, 0.0025
20, 0.25, 19, 0.2, 6870, 0.0025
20, 0.25, 19, 0.2, 6871, 0.0025
20, 0.25, 19, 0.2, 6872, 0.0025
20, 0.25, 19, 0.2, 6873, 0.0025
20, 0.25, 19, 0.2, 6874, 0.0025
20, 0.25, 19, 0.2, 6875, 0.0025
20, 0.25, 19, 0.2, 6876, 0.0025
20, 0.25, 18, 0.05, 6878, 0.0025
20, 0.25, 16, 0.0325, 6986, 0.0025
20, 0.25, 14, 0.035, 6999, 0.0025
20, 0.25, 14, 0.035, 7000, 0.0025
20, 0.25, 19, 0.2, 7003, 0.0025
20, 0.25, 19, 0.2, 7004, 0.0025
20, 0.25, 19, 0.2, 7005, 0.0025
20, 0.25, 19, 0.2, 7006, 0.0025
20, 0.25, 19, 0.2, 7007, 0.0025
20, 0.25, 19, 0.2, 7008, 0.0025
20, 0.25, 19, 0.2, 7009, 0.0025
20, 0.25, 19, 0.2, 7010, 0.0025
20, 0.25, 18, 0.05, 7012, 0.0025
20, 0.25, 18, 0.05, 7013, 0.0025
20, 0.25, 16, 0.0325, 7119, 0.0025
20, 0.25, 16, 0.0325, 7120, 0.0025
20, 0.25, 14, 0.035, 7133, 0.0025
20, 0.25, 14, 0.035, 7134, 0.0025
20, 0.25, 19, 0.2, 7136, 0.0025
20, 0.25, 19, 0.2, 7137, 0.0025
20, 0.25, 19, 0.2, 7138, 0.0025
20, 0.25, 19, 0.2, 7139, 0.0025
20, 0.25, 19, 0.2, 7140, 0.0025
20, 0.25, 19, 0.2, 7141, 0.0025
20, 0.25, 19, 0.2, 7142, 0.0025
20, 0.25, 19, 0.2, 7143, 0.0025
20, 0.25, 19, 0.2, 7144, 0.0025
20, 0.25, 18, 0.05, 7146, 0.0025
20, 0.25, 18, 0.05, 7147, 0.0025
20, 0.25, 16, 0.0325, 7256, 0.0025
20, 0.25, 14, 0.035, 7269, 0.0025
20, 0.25, 14, 0.035, 7270, 0.0025
20, 0.25, 19, 0.2, 7271, 0.0025
20, 0.25, 19, 0.2, 7272, 0.0025
20, 0.25, 19, 0.2, 7273, 0.0025
20, 0.25, 19, 0.2, 7274, 0.0025
20, 0.25, 19, 0.2, 7275, 0.0025
20, 0.25, 19, 0.2, 7276, 0.0025
20, 0.25, 19, 0.2, 7277, 0.0025
20, 0.25, 19, 0.2, 7278, 0.0025
20, 0.25, 19, 0.2, 7279, 0.0025
20, 0.25, 19, 0.2, 7280, 0.0025
20, 0.25, 19, 0.2, 7281, 0.0025
20, 0.25, 18, 0.05, 7282, 0.0025
20, 0.25, 18, 0.05, 7283, 0.0025
20, 0.25, 19, 0.2, 7407, 0.0025
20, 0.25, 19, 0.2, 7408, 0.0025
20, 0.25, 19, 0.2, 7409, 0.0025
20, 0.25, 19, 0.2, 7410, 0.0025
20, 0.25, 19, 0.2, 7411, 0.0025
20, 0.25, 19, 0.2, 7412, 0.0025
20, 0.25, 19, 0.2, 7413, 0.0025
20, 0.25, 19, 0.2, 7414, 0.0025
20, 0.25, 19, 0.2, 7415, 0.0025
20, 0.25, 19, 0.2, 7416, 0.0025
20, 0.25, 18, 0.05, 7418, 0.0025
20, 0.25, 18, 0.05, 7419, 0.0025
20, 0.25, 14, 0.035, 7542, 0.0025
20, 0.25, 14, 0.035, 7543, 0.0025
20, 0.25, 19, 0.2, 7545, 0.0025
20, 0.25, 19, 0.2, 7546, 0.0025
20, 0.25, 19, 0.2, 7547, 0.0025
20, 0.25, 19, 0.2, 7548, 0.0025
20, 0.25, 19, 0.2, 7549, 0.0025
20, 0.25, 19, 0.2, 7550, 0.0025
20, 0.25, 19, 0.2, 7551, 0.0025
20, 0.25, 19, 0.2, 7552, 0.0025
20, 0.25, 19, 0.2, 7553, 0.0025
20, 0.25, 18, 0.05, 7555, 0.0025
20, 0.25, 18, 0.05, 7556, 0.0025
20, 0.25, 14, 0.035, 7681, 0.0025
20, 0.25, 19, 0.2, 7684, 0.0025
20, 0.25, 19, 0.2, 7685, 0.0025
20, 0.25, 19, 0.2, 7686, 0.0025
20, 0.25, 19, 0.2, 7687, 0.0025
20, 0.25, 19, 0.2, 7688, 0.0025
20, 0.25, 19, 0.2, 7689, 0.0025
20, 0.25, 19, 0.2, 7690, 0.0025
20, 0.25, 18, 0.05, 7693, 0.0025
20, 0.25, 18, 0.05, 7694, 0.0025
20, 0.25, 18, 0.05, 7695, 0.0025
20, 0.25, 19, 0.2, 7824, 0.0025
20, 0.25, 18, 0.05, 7832, 0.0025
20, 0.25, 18, 0.05, 7833, 0.0025
20, 0.25, 18, 0.05, 7971, 0.0025
20, 0.25, 18, 0.05, 7972, 0.0025
20, 0.25, 25, 0.102500000000002, 9428, 0.0025
20, 0.25, 25, 0.102500000000002, 9577, 0.0025
20, 0.25, 25, 0.102500000000002, 9578, 0.0025
20, 0.25, 25, 0.102500000000002, 9717, 0.0025
20, 0.25, 25, 0.102500000000002, 9718, 0.0025
20, 0.25, 25, 0.102500000000002, 9719, 0.0025
20, 0.25, 25, 0.102500000000002, 9720, 0.0025
20, 0.25, 25, 0.102500000000002, 9847, 0.0025
20, 0.25, 25, 0.102500000000002, 9849, 0.0025
20, 0.25, 25, 0.102500000000002, 9850, 0.0025
20, 0.25, 25, 0.102500000000002, 9851, 0.0025
20, 0.25, 25, 0.102500000000002, 9852, 0.0025
20, 0.25, 25, 0.102500000000002, 9975, 0.0025
20, 0.25, 25, 0.102500000000002, 9976, 0.0025
20, 0.25, 25, 0.102500000000002, 9977, 0.0025
20, 0.25, 25, 0.102500000000002, 10090, 0.0025
20, 0.25, 25, 0.102500000000002, 10093, 0.0025
20, 0.25, 25, 0.102500000000002, 10095, 0.0025
20, 0.25, 25, 0.102500000000002, 10096, 0.0025
20, 0.25, 25, 0.102500000000002, 10097, 0.0025
20, 0.25, 25, 0.102500000000002, 10203, 0.0025
20, 0.25, 25, 0.102500000000002, 10204, 0.0025
20, 0.25, 25, 0.102500000000002, 10205, 0.0025
20, 0.25, 25, 0.102500000000002, 10206, 0.0025
20, 0.25, 25, 0.102500000000002, 10210, 0.0025
20, 0.25, 25, 0.102500000000002, 10211, 0.0025
20, 0.25, 25, 0.102500000000002, 10212, 0.0025
20, 0.25, 25, 0.102500000000002, 10213, 0.0025
20, 0.25, 25, 0.102500000000002, 10319, 0.0025
20, 0.25, 25, 0.102500000000002, 10321, 0.0025
20, 0.25, 25, 0.102500000000002, 10322, 0.0025
20, 0.25, 25, 0.102500000000002, 10323, 0.0025
20, 0.25, 25, 0.102500000000002, 10324, 0.0025
20, 0.25, 25, 0.102500000000002, 10436, 0.0025
20, 0.25, 25, 0.102500000000002, 10437, 0.0025
20, 0.25, 25, 0.102500000000002, 10438, 0.0025
20, 0.25, 25, 0.102500000000002, 10439, 0.0025
20, 0.25, 25, 0.102500000000002, 10440, 0.0025
20, 0.25, 25, 0.102500000000002, 10441, 0.0025
20, 0.25, 25, 0.102500000000002, 10442, 0.0025
20, 0.25, 25, 0.102500000000002, 10557, 0.0025
20, 0.25, 25, 0.102500000000002, 10558, 0.0025
20, 0.25, 31, 0.0325, 11242, 0.0025
20, 0.25, 31, 0.0325, 11353, 0.0025
20, 0.25, 31, 0.0325, 11469, 0.0025
20, 0.25, 31, 0.0325, 11580, 0.0025
20, 0.25, 31, 0.0325, 11581, 0.0025
20, 0.25, 31, 0.0325, 11582, 0.0025
20, 0.25, 31, 0.0325, 11694, 0.0025
20, 0.25, 31, 0.0325, 11695, 0.0025
20, 0.25, 31, 0.0325, 11696, 0.0025
20, 0.25, 31, 0.0325, 11807, 0.0025
20, 0.25, 31, 0.0325, 11808, 0.0025
20, 0.25, 31, 0.0325, 11809, 0.0025
20, 0.25, 31, 0.0325, 11810, 0.0025
20, 0.25, 31, 0.0325, 11921, 0.0025
20, 0.25, 34, 0.0325, 15478, 0.0025
20, 0.25, 34, 0.0325, 15479, 0.0025
20, 0.25, 34, 0.0325, 15708, 0.0025
20, 0.25, 34, 0.0325, 15710, 0.0025
20, 0.25, 34, 0.0325, 15828, 0.0025
20, 0.25, 34, 0.0325, 15829, 0.0025
20, 0.25, 34, 0.0325, 15830, 0.0025
20, 0.25, 34, 0.0325, 16065, 0.0025
20, 0.25, 34, 0.0325, 16181, 0.0025
20, 0.25, 34, 0.0325, 16182, 0.0025
20, 0.25, 34, 0.0325, 16299, 0.0025
20, 0.25, 33, 0.0325, 16311, 0.0025
20, 0.25, 34, 0.0325, 16411, 0.0025
20, 0.25, 33, 0.0325, 16536, 0.0025
20, 0.25, 33, 0.0325, 16537, 0.0025
20, 0.25, 33, 0.0325, 16645, 0.0025
20, 0.25, 33, 0.0325, 16646, 0.0025
20, 0.25, 33, 0.0325, 16648, 0.0025
20, 0.25, 41, 0.1074999999999999, 16755, 0.0025
20, 0.25, 33, 0.0325, 16860, 0.0025
20, 0.25, 33, 0.0325, 16863, 0.0025
20, 0.25, 33, 0.0325, 16865, 0.0025
20, 0.25, 33, 0.0325, 16866, 0.0025
20, 0.25, 33, 0.0325, 16868, 0.0025
20, 0.25, 41, 0.1074999999999999, 16870, 0.0025
20, 0.25, 38, 0.0325, 16879, 0.0025
20, 0.25, 33, 0.0325, 16974, 0.0025
20, 0.25, 38, 0.0325, 16990, 0.0025
20, 0.25, 38, 0.0325, 16991, 0.0025
20, 0.25, 41, 0.1074999999999999, 17087, 0.0025
20, 0.25, 41, 0.1074999999999999, 17091, 0.0025
20, 0.25, 41, 0.1074999999999999, 17092, 0.0025
20, 0.25, 38, 0.0325, 17098, 0.0025
20, 0.25, 33, 0.0325, 17184, 0.0025
20, 0.25, 41, 0.1074999999999999, 17190, 0.0025
20, 0.25, 41, 0.1074999999999999, 17197, 0.0025
20, 0.25, 38, 0.0325, 17201, 0.0025
20, 0.25, 38, 0.0325, 17203, 0.0025
20, 0.25, 41, 0.1074999999999999, 17293, 0.0025
20, 0.25, 41, 0.1074999999999999, 17295, 0.0025
20, 0.25, 41, 0.1074999999999999, 17299, 0.0025
20, 0.25, 41, 0.1074999999999999, 17301, 0.0025
20, 0.25, 41, 0.1074999999999999, 17303, 0.0025
20, 0.25, 38, 0.0325, 17304, 0.0025
20, 0.25, 38, 0.0325, 17305, 0.0025
20, 0.25, 38, 0.0325, 17306, 0.0025
20, 0.25, 34, 0.0325, 17383, 0.0025
20, 0.25, 41, 0.1074999999999999, 17395, 0.0025
20, 0.25, 41, 0.1074999999999999, 17401, 0.0025
20, 0.25, 41, 0.1074999999999999, 17402, 0.0025
20, 0.25, 41, 0.1074999999999999, 17404, 0.0025
20, 0.25, 41, 0.1074999999999999, 17405, 0.0025
20, 0.25, 38, 0.0325, 17407, 0.0025
20, 0.25, 38, 0.0325, 17408, 0.0025
20, 0.25, 38, 0.0325, 17409, 0.0025
20, 0.25, 34, 0.0325, 17487, 0.0025
20, 0.25, 41, 0.1074999999999999, 17503, 0.0025
20, 0.25, 41, 0.1074999999999999, 17504, 0.0025
20, 0.25, 41, 0.1074999999999999, 17505, 0.0025
20, 0.25, 41, 0.1074999999999999, 17506, 0.0025
20, 0.25, 41, 0.1074999999999999, 17508, 0.0025
20, 0.25, 41, 0.1074999999999999, 17509, 0.0025
20, 0.25, 38, 0.0325, 17512, 0.0025
20, 0.25, 41, 0.1074999999999999, 17602, 0.0025
20, 0.25, 41, 0.1074999999999999, 17603, 0.0025
20, 0.25, 41, 0.1074999999999999, 17604, 0.0025
20, 0.25, 41, 0.1074999999999999, 17605, 0.0025
20, 0.25, 41, 0.1074999999999999, 17606, 0.0025
20, 0.25, 41, 0.1074999999999999, 17607, 0.0025
20, 0.25, 41, 0.1074999999999999, 17609, 0.0025
20, 0.25, 38, 0.0325, 17612, 0.0025
20, 0.25, 33, 0.0325, 17691, 0.0025
20, 0.25, 41, 0.1074999999999999, 17699, 0.0025
20, 0.25, 41, 0.1074999999999999, 17700, 0.0025
20, 0.25, 41, 0.1074999999999999, 17703, 0.0025
20, 0.25, 41, 0.1074999999999999, 17791, 0.0025
20, 0.25, 41, 0.1074999999999999, 17793, 0.0025
20, 0.25, 41, 0.1074999999999999, 17795, 0.0025
20, 0.25, 41, 0.1074999999999999, 17797, 0.0025
20, 0.25, 41, 0.1074999999999999, 17889, 0.0025
20, 0.25, 41, 0.1074999999999999, 17976, 0.0025
20, 0.25, 41, 0.1074999999999999, 17978, 0.0025
20, 0.25, 41, 0.1074999999999999, 17982, 0.0025
20, 0.25, 41, 0.1074999999999999, 18060, 0.0025
20, 0.25, 41, 0.1074999999999999, 18062, 0.0025
20, 0.25, 41, 0.1074999999999999, 18149, 0.0025
20, 0.25, 121, 0.0325, 55186, 0.0025
20, 0.25, 121, 0.0325, 55326, 0.0025
20, 0.25, 121, 0.0325, 55330, 0.0025
20, 0.25, 121, 0.0325, 55617, 0.0025
20, 0.25, 121, 0.0325, 55756, 0.0025
20, 0.25, 121, 0.0325, 55757, 0.0025
20, 0.25, 121, 0.0325, 55759, 0.0025
20, 0.25, 121, 0.0325, 55902, 0.0025
20, 0.25, 121, 0.0325, 55903, 0.0025
20, 0.25, 121, 0.0325, 55904, 0.0025
20, 0.25, 121, 0.0325, 56487, 0.0025
20, 0.25, 121, 0.0325, 56633, 0.0025
20, 0.25, 121, 0.0325, 56783, 0.0025
20, 0.25, 121, 0.0325, 56784, 0.0025
20, 0.25, 131, 0.03499999999999998, 63886, 0.0025
20, 0.25, 131, 0.03499999999999998, 64207, 0.0025
20, 0.25, 131, 0.03499999999999998, 64208, 0.0025
20, 0.25, 131, 0.03499999999999998, 64209, 0.0025
20, 0.25, 131, 0.03499999999999998, 64211, 0.0025
20, 0.25, 131, 0.03499999999999998, 64212, 0.0025
20, 0.25, 131, 0.03499999999999998, 64213, 0.0025
20, 0.25, 131, 0.03499999999999998, 64368, 0.0025
20, 0.25, 131, 0.03499999999999998, 64369, 0.0025
20, 0.25, 131, 0.03499999999999998, 64370, 0.0025
20, 0.25, 131, 0.03499999999999998, 64371, 0.0025
20, 0.25, 131, 0.03499999999999998, 64526, 0.0025
20, 0.25, 131, 0.03499999999999998, 64527, 0.0025
20, 0.25, 131, 0.03499999999999998, 64677, 0.0025
20, 0.25, 131, 0.03499999999999998, 64678, 0.0025
20, 0.25, 144, 0.03500000000000002, 65977, 0.0025
20, 0.25, 144, 0.03500000000000002, 65978, 0.0025
20, 0.25, 144, 0.03500000000000002, 66118, 0.0025
20, 0.25, 144, 0.03500000000000002, 66249, 0.0025
20, 0.25, 144, 0.03500000000000002, 66251, 0.0025
20, 0.25, 144, 0.03500000000000002, 66258, 0.0025
20, 0.25, 144, 0.03500000000000002, 66259, 0.0025
20, 0.25, 144, 0.03500000000000002, 66387, 0.0025
20, 0.25, 144, 0.03500000000000002, 66390, 0.0025
20, 0.25, 144, 0.03500000000000002, 66393, 0.0025
20, 0.25, 144, 0.03500000000000002, 66523, 0.0025
20, 0.25, 144, 0.03500000000000002, 66524, 0.0025
20, 0.25, 144, 0.03500000000000002, 66787, 0.0025
20, 0.25, 144, 0.03500000000000002, 66788, 0.0025
20, 0.25, 144, 0.03500000000000002, 66915, 0.0025
20, 0.30000000000000004, 1, 0.0325, 1408, 0.0025
20, 0.30000000000000004, 1, 0.0325, 1409, 0.0025
20, 0.30000000000000004, 1, 0.0325, 1410, 0.0025
20, 0.30000000000000004, 1, 0.0325, 1483, 0.0025
20, 0.30000000000000004, 1, 0.0325, 1484, 0.0025
20, 0.30000000000000004, 1, 0.0325, 1485, 0.0025
20, 0.30000000000000004, 1, 0.0325, 1486, 0.0025
20, 0.30000000000000004, 2, 0.0325, 1551, 0.0025
20, 0.30000000000000004, 1, 0.0325, 1560, 0.0025
20, 0.30000000000000004, 1, 0.0325, 1561, 0.0025
20, 0.30000000000000004, 1, 0.0325, 1562, 0.0025
20, 0.30000000000000004, 1, 0.0325, 1563, 0.0025
20, 0.30000000000000004, 1, 0.0325, 1641, 0.0025
20, 0.30000000000000004, 1, 0.0325, 1642, 0.0025
20, 0.30000000000000004, 2, 0.0325, 1712, 0.0025
20, 0.30000000000000004, 1, 0.0325, 1724, 0.0025
20, 0.30000000000000004, 2, 0.0325, 1884, 0.0025
20, 0.30000000000000004, 2, 0.0325, 1971, 0.0025
20, 0.30000000000000004, 2, 0.0325, 1972, 0.0025
20, 0.30000000000000004, 2, 0.0325, 1973, 0.0025
20, 0.30000000000000004, 2, 0.0325, 1974, 0.0025
20, 0.30000000000000004, 2, 0.0325, 2064, 0.0025
20, 0.30000000000000004, 2, 0.0325, 2065, 0.0025
20, 0.30000000000000004, 2, 0.0325, 2066, 0.0025
20, 0.30000000000000004, 2, 0.0325, 2067, 0.0025
20, 0.30000000000000004, 2, 0.0325, 2160, 0.0025
20, 0.30000000000000004, 2, 0.0325, 2161, 0.0025
20, 0.30000000000000004, 2, 0.0325, 2259, 0.0025
20, 0.30000000000000004, 5, 0.0325, 2535, 0.0025
20, 0.30000000000000004, 5, 0.0325, 2536, 0.0025
20, 0.30000000000000004, 5, 0.0325, 2537, 0.0025
20, 0.30000000000000004, 3, 0.0325, 2547, 0.0025
20, 0.30000000000000004, 3, 0.0325, 2548, 0.0025
20, 0.30000000000000004, 3, 0.0325, 2549, 0.0025
20, 0.30000000000000004, 3, 0.0325, 2650, 0.0025
20, 0.30000000000000004, 3, 0.0325, 2651, 0.0025
20, 0.30000000000000004, 3, 0.0325, 2754, 0.0025
20, 0.30000000000000004, 3, 0.0325, 2755, 0.0025
20, 0.30000000000000004, 3, 0.0325, 2860, 0.0025
20, 0.30000000000000004, 5, 0.0325, 3273, 0.0025
20, 0.30000000000000004, 5, 0.0325, 3274, 0.0025
20, 0.30000000000000004, 5, 0.0325, 3275, 0.0025
20, 0.30000000000000004, 4, 0.0325, 3322, 0.0025
20, 0.30000000000000004, 4, 0.0325, 3325, 0.0025
20, 0.30000000000000004, 4, 0.0325, 3326, 0.0025
20, 0.30000000000000004, 5, 0.0325, 3382, 0.0025
20, 0.30000000000000004, 5, 0.0325, 3383, 0.0025
20, 0.30000000000000004, 3, 0.0325, 3394, 0.0025
20, 0.30000000000000004, 3, 0.0325, 3395, 0.0025
20, 0.30000000000000004, 3, 0.0325, 3396, 0.0025
20, 0.30000000000000004, 5, 0.0325, 3493, 0.0025
20, 0.30000000000000004, 5, 0.0325, 3494, 0.0025
20, 0.30000000000000004, 3, 0.0325, 3506, 0.0025
20, 0.30000000000000004, 3, 0.0325, 3507, 0.0025
20, 0.30000000000000004, 4, 0.0325, 3544, 0.0025
20, 0.30000000000000004, 4, 0.0325, 3545, 0.0025
20, 0.30000000000000004, 5, 0.0325, 3604, 0.0025
20, 0.30000000000000004, 3, 0.0325, 3618, 0.0025
20, 0.30000000000000004, 4, 0.0325, 3651, 0.0025
20, 0.30000000000000004, 4, 0.0325, 3653, 0.0025
20, 0.30000000000000004, 5, 0.0325, 3715, 0.0025
20, 0.30000000000000004, 5, 0.0325, 3716, 0.0025
20, 0.30000000000000004, 4, 0.0325, 3765, 0.0025
20, 0.30000000000000004, 4, 0.0325, 3767, 0.0025
20, 0.30000000000000004, 4, 0.0325, 3877, 0.0025
20, 0.30000000000000004, 4, 0.0325, 3880, 0.0025
20, 0.30000000000000004, 5, 0.0325, 3943, 0.0025
20, 0.30000000000000004, 4, 0.0325, 3992, 0.0025
20, 0.30000000000000004, 4, 0.0325, 3993, 0.0025
20, 0.30000000000000004, 4, 0.0325, 3997, 0.0025
20, 0.30000000000000004, 16, 0.0325, 5678, 0.0025
20, 0.30000000000000004, 16, 0.0325, 5806, 0.0025
20, 0.30000000000000004, 16, 0.0325, 5934, 0.0025
20, 0.30000000000000004, 16, 0.0325, 6063, 0.0025
20, 0.30000000000000004, 16, 0.0325, 6192, 0.0025
20, 0.30000000000000004, 9, 0.03499999999999827, 6210, 0.0025
20, 0.30000000000000004, 9, 0.03499999999999827, 6211, 0.0025
20, 0.30000000000000004, 9, 0.03499999999999827, 6212, 0.0025
20, 0.30000000000000004, 9, 0.03499999999999827, 6213, 0.0025
20, 0.30000000000000004, 16, 0.0325, 6323, 0.0025
20, 0.30000000000000004, 9, 0.03499999999999827, 6342, 0.0025
20, 0.30000000000000004, 9, 0.03499999999999827, 6343, 0.0025
20, 0.30000000000000004, 9, 0.03499999999999827, 6344, 0.0025
20, 0.30000000000000004, 9, 0.03499999999999827, 6345, 0.0025
20, 0.30000000000000004, 9, 0.03499999999999827, 6346, 0.0025
20, 0.30000000000000004, 9, 0.03499999999999827, 6347, 0.0025
20, 0.30000000000000004, 16, 0.0325, 6454, 0.0025
20, 0.30000000000000004, 19, 0.2, 6472, 0.0025
20, 0.30000000000000004, 19, 0.2, 6473, 0.0025
20, 0.30000000000000004, 19, 0.2, 6474, 0.0025
20, 0.30000000000000004, 19, 0.2, 6475, 0.0025
20, 0.30000000000000004, 9, 0.03499999999999827, 6476, 0.0025
20, 0.30000000000000004, 9, 0.03499999999999827, 6477, 0.0025
20, 0.30000000000000004, 9, 0.03499999999999827, 6478, 0.0025
20, 0.30000000000000004, 9, 0.03499999999999827, 6479, 0.0025
20, 0.30000000000000004, 16, 0.0325, 6586, 0.0025
20, 0.30000000000000004, 14, 0.03499999999999829, 6601, 0.0025
20, 0.30000000000000004, 19, 0.2, 6603, 0.0025
20, 0.30000000000000004, 19, 0.2, 6604, 0.0025
20, 0.30000000000000004, 19, 0.2, 6605, 0.0025
20, 0.30000000000000004, 19, 0.2, 6606, 0.0025
20, 0.30000000000000004, 19, 0.2, 6607, 0.0025
20, 0.30000000000000004, 19, 0.2, 6608, 0.0025
20, 0.30000000000000004, 19, 0.2, 6609, 0.0025
20, 0.30000000000000004, 9, 0.03499999999999827, 6611, 0.0025
20, 0.30000000000000004, 16, 0.0325, 6719, 0.0025
20, 0.30000000000000004, 14, 0.03499999999999829, 6732, 0.0025
20, 0.30000000000000004, 14, 0.03499999999999829, 6733, 0.0025
20, 0.30000000000000004, 14, 0.03499999999999829, 6734, 0.0025
20, 0.30000000000000004, 19, 0.2, 6736, 0.0025
20, 0.30000000000000004, 19, 0.2, 6737, 0.0025
20, 0.30000000000000004, 19, 0.2, 6738, 0.0025
20, 0.30000000000000004, 19, 0.2, 6739, 0.0025
20, 0.30000000000000004, 19, 0.2, 6740, 0.0025
20, 0.30000000000000004, 19, 0.2, 6741, 0.0025
20, 0.30000000000000004, 19, 0.2, 6742, 0.0025
20, 0.30000000000000004, 16, 0.0325, 6852, 0.0025
20, 0.30000000000000004, 14, 0.03499999999999829, 6866, 0.0025
20, 0.30000000000000004, 14, 0.03499999999999829, 6867, 0.0025
20, 0.30000000000000004, 19, 0.2, 6869, 0.0025
20, 0.30000000000000004, 19, 0.2, 6870, 0.0025
20, 0.30000000000000004, 19, 0.2, 6871, 0.0025
20, 0.30000000000000004, 19, 0.2, 6872, 0.0025
20, 0.30000000000000004, 19, 0.2, 6873, 0.0025
20, 0.30000000000000004, 19, 0.2, 6874, 0.0025
20, 0.30000000000000004, 19, 0.2, 6875, 0.0025
20, 0.30000000000000004, 19, 0.2, 6876, 0.0025
20, 0.30000000000000004, 18, 0.0325, 6878, 0.0025
20, 0.30000000000000004, 16, 0.0325, 6986, 0.0025
20, 0.30000000000000004, 14, 0.03499999999999829, 6999, 0.0025
20, 0.30000000000000004, 14, 0.03499999999999829, 7000, 0.0025
20, 0.30000000000000004, 19, 0.2, 7003, 0.0025
20, 0.30000000000000004, 19, 0.2, 7004, 0.0025
20, 0.30000000000000004, 19, 0.2, 7005, 0.0025
20, 0.30000000000000004, 19, 0.2, 7006, 0.0025
20, 0.30000000000000004, 19, 0.2, 7007, 0.0025
20, 0.30000000000000004, 19, 0.2, 7008, 0.0025
20, 0.30000000000000004, 19, 0.2, 7009, 0.0025
20, 0.30000000000000004, 19, 0.2, 7010, 0.0025
20, 0.30000000000000004, 18, 0.0325, 7012, 0.0025
20, 0.30000000000000004, 16, 0.0325, 7119, 0.0025
20, 0.30000000000000004, 16, 0.0325, 7120, 0.0025
20, 0.30000000000000004, 14, 0.03499999999999829, 7133, 0.0025
20, 0.30000000000000004, 14, 0.03499999999999829, 7134, 0.0025
20, 0.30000000000000004, 19, 0.2, 7136, 0.0025
20, 0.30000000000000004, 19, 0.2, 7137, 0.0025
20, 0.30000000000000004, 19, 0.2, 7138, 0.0025
20, 0.30000000000000004, 19, 0.2, 7139, 0.0025
20, 0.30000000000000004, 19, 0.2, 7140, 0.0025
20, 0.30000000000000004, 19, 0.2, 7141, 0.0025
20, 0.30000000000000004, 19, 0.2, 7142, 0.0025
20, 0.30000000000000004, 19, 0.2, 7143, 0.0025
20, 0.30000000000000004, 19, 0.2, 7144, 0.0025
20, 0.30000000000000004, 18, 0.0325, 7146, 0.0025
20, 0.30000000000000004, 18, 0.0325, 7147, 0.0025
20, 0.30000000000000004, 16, 0.0325, 7256, 0.0025
20, 0.30000000000000004, 14, 0.03499999999999829, 7269, 0.0025
20, 0.30000000000000004, 14, 0.03499999999999829, 7270, 0.0025
20, 0.30000000000000004, 19, 0.2, 7271, 0.0025
20, 0.30000000000000004, 19, 0.2, 7272, 0.0025
20, 0.30000000000000004, 19, 0.2, 7273, 0.0025
20, 0.30000000000000004, 19, 0.2, 7274, 0.0025
20, 0.30000000000000004, 19, 0.2, 7275, 0.0025
20, 0.30000000000000004, 19, 0.2, 7276, 0.0025
20, 0.30000000000000004, 19, 0.2, 7277, 0.0025
20, 0.30000000000000004, 19, 0.2, 7278, 0.0025
20, 0.30000000000000004, 19, 0.2, 7279, 0.0025
20, 0.30000000000000004, 19, 0.2, 7280, 0.0025
20, 0.30000000000000004, 19, 0.2, 7281, 0.0025
20, 0.30000000000000004, 18, 0.0325, 7282, 0.0025
20, 0.30000000000000004, 18, 0.0325, 7283, 0.0025
20, 0.30000000000000004, 19, 0.2, 7407, 0.0025
20, 0.30000000000000004, 19, 0.2, 7408, 0.0025
20, 0.30000000000000004, 19, 0.2, 7409, 0.0025
20, 0.30000000000000004, 19, 0.2, 7410, 0.0025
20, 0.30000000000000004, 19, 0.2, 7411, 0.0025
20, 0.30000000000000004, 19, 0.2, 7412, 0.0025
20, 0.30000000000000004, 19, 0.2, 7413, 0.0025
20, 0.30000000000000004, 19, 0.2, 7414, 0.0025
20, 0.30000000000000004, 19, 0.2, 7415, 0.0025
20, 0.30000000000000004, 19, 0.2, 7416, 0.0025
20, 0.30000000000000004, 18, 0.0325, 7418, 0.0025
20, 0.30000000000000004, 14, 0.03499999999999829, 7542, 0.0025
20, 0.30000000000000004, 14, 0.03499999999999829, 7543, 0.0025
20, 0.30000000000000004, 19, 0.2, 7545, 0.0025
20, 0.30000000000000004, 19, 0.2, 7546, 0.0025
20, 0.30000000000000004, 19, 0.2, 7547, 0.0025
20, 0.30000000000000004, 19, 0.2, 7548, 0.0025
20, 0.30000000000000004, 19, 0.2, 7549, 0.0025
20, 0.30000000000000004, 19, 0.2, 7550, 0.0025
20, 0.30000000000000004, 19, 0.2, 7551, 0.0025
20, 0.30000000000000004, 19, 0.2, 7552, 0.0025
20, 0.30000000000000004, 19, 0.2, 7553, 0.0025
20, 0.30000000000000004, 18, 0.0325, 7555, 0.0025
20, 0.30000000000000004, 18, 0.0325, 7556, 0.0025
20, 0.30000000000000004, 14, 0.03499999999999829, 7681, 0.0025
20, 0.30000000000000004, 19, 0.2, 7684, 0.0025
20, 0.30000000000000004, 19, 0.2, 7685, 0.0025
20, 0.30000000000000004, 19, 0.2, 7686, 0.0025
20, 0.30000000000000004, 19, 0.2, 7687, 0.0025
20, 0.30000000000000004, 19, 0.2, 7688, 0.0025
20, 0.30000000000000004, 19, 0.2, 7689, 0.0025
20, 0.30000000000000004, 19, 0.2, 7690, 0.0025
20, 0.30000000000000004, 18, 0.0325, 7693, 0.0025
20, 0.30000000000000004, 18, 0.0325, 7694, 0.0025
20, 0.30000000000000004, 19, 0.2, 7824, 0.0025
20, 0.30000000000000004, 18, 0.0325, 7832, 0.0025
20, 0.30000000000000004, 18, 0.0325, 7971, 0.0025
20, 0.30000000000000004, 18, 0.0325, 7972, 0.0025
20, 0.30000000000000004, 25, 0.09749999999999946, 9428, 0.0025
20, 0.30000000000000004, 25, 0.09749999999999946, 9577, 0.0025
20, 0.30000000000000004, 25, 0.09749999999999946, 9578, 0.0025
20, 0.30000000000000004, 25, 0.09749999999999946, 9717, 0.0025
20, 0.30000000000000004, 25, 0.09749999999999946, 9718, 0.0025
20, 0.30000000000000004, 25, 0.09749999999999946, 9719, 0.0025
20, 0.30000000000000004, 25, 0.09749999999999946, 9720, 0.0025
20, 0.30000000000000004, 25, 0.09749999999999946, 9847, 0.0025
20, 0.30000000000000004, 25, 0.09749999999999946, 9849, 0.0025
20, 0.30000000000000004, 25, 0.09749999999999946, 9850, 0.0025
20, 0.30000000000000004, 25, 0.09749999999999946, 9851, 0.0025
20, 0.30000000000000004, 25, 0.09749999999999946, 9852, 0.0025
20, 0.30000000000000004, 25, 0.09749999999999946, 9975, 0.0025
20, 0.30000000000000004, 25, 0.09749999999999946, 9976, 0.0025
20, 0.30000000000000004, 25, 0.09749999999999946, 9977, 0.0025
20, 0.30000000000000004, 25, 0.09749999999999946, 10090, 0.0025
20, 0.30000000000000004, 25, 0.09749999999999946, 10093, 0.0025
20, 0.30000000000000004, 25, 0.09749999999999946, 10095, 0.0025
20, 0.30000000000000004, 25, 0.09749999999999946, 10096, 0.0025
20, 0.30000000000000004, 25, 0.09749999999999946, 10097, 0.0025
20, 0.30000000000000004, 25, 0.09749999999999946, 10203, 0.0025
20, 0.30000000000000004, 25, 0.09749999999999946, 10204, 0.0025
20, 0.30000000000000004, 25, 0.09749999999999946, 10205, 0.0025
20, 0.30000000000000004, 25, 0.09749999999999946, 10206, 0.0025
20, 0.30000000000000004, 25, 0.09749999999999946, 10210, 0.0025
20, 0.30000000000000004, 25, 0.09749999999999946, 10211, 0.0025
20, 0.30000000000000004, 25, 0.09749999999999946, 10212, 0.0025
20, 0.30000000000000004, 25, 0.09749999999999946, 10213, 0.0025
20, 0.30000000000000004, 25, 0.09749999999999946, 10319, 0.0025
20, 0.30000000000000004, 25, 0.09749999999999946, 10321, 0.0025
20, 0.30000000000000004, 25, 0.09749999999999946, 10322, 0.0025
20, 0.30000000000000004, 25, 0.09749999999999946, 10323, 0.0025
20, 0.30000000000000004, 25, 0.09749999999999946, 10324, 0.0025
20, 0.30000000000000004, 25, 0.09749999999999946, 10436, 0.0025
20, 0.30000000000000004, 25, 0.09749999999999946, 10437, 0.0025
20, 0.30000000000000004, 25, 0.09749999999999946, 10438, 0.0025
20, 0.30000000000000004, 25, 0.09749999999999946, 10439, 0.0025
20, 0.30000000000000004, 25, 0.09749999999999946, 10440, 0.0025
20, 0.30000000000000004, 25, 0.09749999999999946, 10441, 0.0025
20, 0.30000000000000004, 25, 0.09749999999999946, 10557, 0.0025
20, 0.30000000000000004, 31, 0.0325, 11242, 0.0025
20, 0.30000000000000004, 31, 0.0325, 11353, 0.0025
20, 0.30000000000000004, 31, 0.0325, 11469, 0.0025
20, 0.30000000000000004, 31, 0.0325, 11580, 0.0025
20, 0.30000000000000004, 31, 0.0325, 11581, 0.0025
20, 0.30000000000000004, 31, 0.0325, 11582, 0.0025
20, 0.30000000000000004, 31, 0.0325, 11694, 0.0025
20, 0.30000000000000004, 31, 0.0325, 11695, 0.0025
20, 0.30000000000000004, 31, 0.0325, 11696, 0.0025
20, 0.30000000000000004, 31, 0.0325, 11807, 0.0025
20, 0.30000000000000004, 31, 0.0325, 11808, 0.0025
20, 0.30000000000000004, 31, 0.0325, 11809, 0.0025
20, 0.30000000000000004, 31, 0.0325, 11810, 0.0025
20, 0.30000000000000004, 31, 0.0325, 11921, 0.0025
20, 0.30000000000000004, 33, 0.0325, 16311, 0.0025
20, 0.30000000000000004, 33, 0.0325, 16536, 0.0025
20, 0.30000000000000004, 33, 0.0325, 16537, 0.0025
20, 0.30000000000000004, 33, 0.0325, 16645, 0.0025
20, 0.30000000000000004, 33, 0.0325, 16646, 0.0025
20, 0.30000000000000004, 33, 0.0325, 16648, 0.0025
20, 0.30000000000000004, 41, 0.1174999999999972, 16755, 0.0025
20, 0.30000000000000004, 38, 0.0449999999999996, 16762, 0.0025
20, 0.30000000000000004, 33, 0.0325, 16860, 0.0025
20, 0.30000000000000004, 33, 0.0325, 16863, 0.0025
20, 0.30000000000000004, 33, 0.0325, 16865, 0.0025
20, 0.30000000000000004, 33, 0.0325, 16866, 0.0025
20, 0.30000000000000004, 33, 0.0325, 16868, 0.0025
20, 0.30000000000000004, 41, 0.1174999999999972, 16870, 0.0025
20, 0.30000000000000004, 38, 0.0449999999999996, 16879, 0.0025
20, 0.30000000000000004, 33, 0.0325, 16974, 0.0025
20, 0.30000000000000004, 38, 0.0449999999999996, 16990, 0.0025
20, 0.30000000000000004, 38, 0.0449999999999996, 16991, 0.0025
20, 0.30000000000000004, 41, 0.1174999999999972, 17087, 0.0025
20, 0.30000000000000004, 41, 0.1174999999999972, 17091, 0.0025
20, 0.30000000000000004, 41, 0.1174999999999972, 17092, 0.0025
20, 0.30000000000000004, 41, 0.1174999999999972, 17094, 0.0025
20, 0.30000000000000004, 38, 0.0449999999999996, 17098, 0.0025
20, 0.30000000000000004, 33, 0.0325, 17184, 0.0025
20, 0.30000000000000004, 41, 0.1174999999999972, 17190, 0.0025
20, 0.30000000000000004, 41, 0.1174999999999972, 17197, 0.0025
20, 0.30000000000000004, 38, 0.0449999999999996, 17201, 0.0025
20, 0.30000000000000004, 38, 0.0449999999999996, 17203, 0.0025
20, 0.30000000000000004, 38, 0.0449999999999996, 17204, 0.0025
20, 0.30000000000000004, 41, 0.1174999999999972, 17293, 0.0025
20, 0.30000000000000004, 41, 0.1174999999999972, 17295, 0.0025
20, 0.30000000000000004, 41, 0.1174999999999972, 17299, 0.0025
20, 0.30000000000000004, 41, 0.1174999999999972, 17301, 0.0025
20, 0.30000000000000004, 41, 0.1174999999999972, 17303, 0.0025
20, 0.30000000000000004, 38, 0.0449999999999996, 17304, 0.0025
20, 0.30000000000000004, 38, 0.0449999999999996, 17305, 0.0025
20, 0.30000000000000004, 38, 0.0449999999999996, 17306, 0.0025
20, 0.30000000000000004, 41, 0.1174999999999972, 17395, 0.0025
20, 0.30000000000000004, 41, 0.1174999999999972, 17401, 0.0025
20, 0.30000000000000004, 41, 0.1174999999999972, 17402, 0.0025
20, 0.30000000000000004, 41, 0.1174999999999972, 17404, 0.0025
20, 0.30000000000000004, 41, 0.1174999999999972, 17405, 0.0025
20, 0.30000000000000004, 38, 0.0449999999999996, 17407, 0.0025
20, 0.30000000000000004, 38, 0.0449999999999996, 17408, 0.0025
20, 0.30000000000000004, 38, 0.0449999999999996, 17409, 0.0025
20, 0.30000000000000004, 41, 0.1174999999999972, 17503, 0.0025
20, 0.30000000000000004, 41, 0.1174999999999972, 17504, 0.0025
20, 0.30000000000000004, 41, 0.1174999999999972, 17505, 0.0025
20, 0.30000000000000004, 41, 0.1174999999999972, 17506, 0.0025
20, 0.30000000000000004, 41, 0.1174999999999972, 17508, 0.0025
20, 0.30000000000000004, 41, 0.1174999999999972, 17509, 0.0025
20, 0.30000000000000004, 38, 0.0449999999999996, 17512, 0.0025
20, 0.30000000000000004, 41, 0.1174999999999972, 17602, 0.0025
20, 0.30000000000000004, 41, 0.1174999999999972, 17603, 0.0025
20, 0.30000000000000004, 41, 0.1174999999999972, 17604, 0.0025
20, 0.30000000000000004, 41, 0.1174999999999972, 17605, 0.0025
20, 0.30000000000000004, 41, 0.1174999999999972, 17606, 0.0025
20, 0.30000000000000004, 41, 0.1174999999999972, 17607, 0.0025
20, 0.30000000000000004, 41, 0.1174999999999972, 17609, 0.0025
20, 0.30000000000000004, 38, 0.0449999999999996, 17612, 0.0025
20, 0.30000000000000004, 33, 0.0325, 17691, 0.0025
20, 0.30000000000000004, 41, 0.1174999999999972, 17696, 0.0025
20, 0.30000000000000004, 41, 0.1174999999999972, 17699, 0.0025
20, 0.30000000000000004, 41, 0.1174999999999972, 17700, 0.0025
20, 0.30000000000000004, 41, 0.1174999999999972, 17702, 0.0025
20, 0.30000000000000004, 41, 0.1174999999999972, 17703, 0.0025
20, 0.30000000000000004, 38, 0.0449999999999996, 17708, 0.0025
20, 0.30000000000000004, 38, 0.0449999999999996, 17709, 0.0025
20, 0.30000000000000004, 41, 0.1174999999999972, 17791, 0.0025
20, 0.30000000000000004, 41, 0.1174999999999972, 17793, 0.0025
20, 0.30000000000000004, 41, 0.1174999999999972, 17795, 0.0025
20, 0.30000000000000004, 41, 0.1174999999999972, 17797, 0.0025
20, 0.30000000000000004, 38, 0.0449999999999996, 17800, 0.0025
20, 0.30000000000000004, 41, 0.1174999999999972, 17885, 0.0025
20, 0.30000000000000004, 41, 0.1174999999999972, 17889, 0.0025
20, 0.30000000000000004, 41, 0.1174999999999972, 17976, 0.0025
20, 0.30000000000000004, 41, 0.1174999999999972, 17978, 0.0025
20, 0.30000000000000004, 41, 0.1174999999999972, 17982, 0.0025
20, 0.30000000000000004, 41, 0.1174999999999972, 18060, 0.0025
20, 0.30000000000000004, 41, 0.1174999999999972, 18062, 0.0025
20, 0.30000000000000004, 41, 0.1174999999999972, 18149, 0.0025
20, 0.30000000000000004, 98, 0.0325, 49377, 0.0025
20, 0.30000000000000004, 98, 0.0325, 49511, 0.0025
20, 0.30000000000000004, 98, 0.0325, 49650, 0.0025
20, 0.30000000000000004, 98, 0.0325, 49651, 0.0025
20, 0.30000000000000004, 98, 0.0325, 49785, 0.0025
20, 0.30000000000000004, 98, 0.0325, 49920, 0.0025
20, 0.30000000000000004, 98, 0.0325, 49921, 0.0025
20, 0.30000000000000004, 98, 0.0325, 50062, 0.0025
20, 0.30000000000000004, 98, 0.0325, 50063, 0.0025
20, 0.30000000000000004, 98, 0.0325, 50064, 0.0025
20, 0.30000000000000004, 98, 0.0325, 50065, 0.0025
20, 0.30000000000000004, 98, 0.0325, 50208, 0.0025
20, 0.30000000000000004, 98, 0.0325, 50350, 0.0025
20, 0.30000000000000004, 98, 0.0325, 50627, 0.0025
20, 0.30000000000000004, 121, 0.0325, 55186, 0.0025
20, 0.30000000000000004, 121, 0.0325, 55326, 0.0025
20, 0.30000000000000004, 121, 0.0325, 55330, 0.0025
20, 0.30000000000000004, 121, 0.0325, 55617, 0.0025
20, 0.30000000000000004, 121, 0.0325, 55756, 0.0025
20, 0.30000000000000004, 121, 0.0325, 55757, 0.0025
20, 0.30000000000000004, 121, 0.0325, 55759, 0.0025
20, 0.30000000000000004, 121, 0.0325, 55902, 0.0025
20, 0.30000000000000004, 121, 0.0325, 55903, 0.0025
20, 0.30000000000000004, 121, 0.0325, 55904, 0.0025
20, 0.30000000000000004, 121, 0.0325, 56487, 0.0025
20, 0.30000000000000004, 121, 0.0325, 56633, 0.0025
20, 0.30000000000000004, 121, 0.0325, 56783, 0.0025
20, 0.30000000000000004, 121, 0.0325, 56784, 0.0025
20, 0.30000000000000004, 133, 0.0325, 63922, 0.0025
20, 0.30000000000000004, 133, 0.0325, 63923, 0.0025
20, 0.30000000000000004, 133, 0.0325, 64098, 0.0025
20, 0.30000000000000004, 131, 0.0325, 64207, 0.0025
20, 0.30000000000000004, 131, 0.0325, 64208, 0.0025
20, 0.30000000000000004, 131, 0.0325, 64209, 0.0025
20, 0.30000000000000004, 131, 0.0325, 64211, 0.0025
20, 0.30000000000000004, 131, 0.0325, 64212, 0.0025
20, 0.30000000000000004, 131, 0.0325, 64213, 0.0025
20, 0.30000000000000004, 133, 0.0325, 64258, 0.0025
20, 0.30000000000000004, 133, 0.0325, 64259, 0.0025
20, 0.30000000000000004, 131, 0.0325, 64368, 0.0025
20, 0.30000000000000004, 131, 0.0325, 64369, 0.0025
20, 0.30000000000000004, 131, 0.0325, 64370, 0.0025
20, 0.30000000000000004, 131, 0.0325, 64371, 0.0025
20, 0.30000000000000004, 133, 0.0325, 64403, 0.0025
20, 0.30000000000000004, 133, 0.0325, 64404, 0.0025
20, 0.30000000000000004, 133, 0.0325, 64415, 0.0025
20, 0.30000000000000004, 131, 0.0325, 64526, 0.0025
20, 0.30000000000000004, 131, 0.0325, 64527, 0.0025
20, 0.30000000000000004, 133, 0.0325, 64572, 0.0025
20, 0.30000000000000004, 131, 0.0325, 64677, 0.0025
20, 0.30000000000000004, 131, 0.0325, 64678, 0.0025
20, 0.30000000000000004, 133, 0.0325, 64726, 0.0025
20, 0.30000000000000004, 133, 0.0325, 64878, 0.0025
20, 0.30000000000000004, 133, 0.0325, 65029, 0.0025
20, 0.30000000000000004, 133, 0.0325, 65177, 0.0025
20, 0.30000000000000004, 133, 0.0325, 65178, 0.0025
20, 0.30000000000000004, 144, 0.04750000000002012, 65836, 0.0025
20, 0.30000000000000004, 144, 0.04750000000002012, 65837, 0.0025
20, 0.30000000000000004, 144, 0.04750000000002012, 65975, 0.0025
20, 0.30000000000000004, 144, 0.04750000000002012, 65976, 0.0025
20, 0.30000000000000004, 144, 0.04750000000002012, 65977, 0.0025
20, 0.30000000000000004, 144, 0.04750000000002012, 65978, 0.0025
20, 0.30000000000000004, 144, 0.04750000000002012, 66113, 0.0025
20, 0.30000000000000004, 144, 0.04750000000002012, 66118, 0.0025
20, 0.30000000000000004, 144, 0.04750000000002012, 66249, 0.0025
20, 0.30000000000000004, 144, 0.04750000000002012, 66251, 0.0025
20, 0.30000000000000004, 144, 0.04750000000002012, 66258, 0.0025
20, 0.30000000000000004, 144, 0.04750000000002012, 66259, 0.0025
20, 0.30000000000000004, 144, 0.04750000000002012, 66387, 0.0025
20, 0.30000000000000004, 144, 0.04750000000002012, 66390, 0.0025
20, 0.30000000000000004, 144, 0.04750000000002012, 66393, 0.0025
20, 0.30000000000000004, 144, 0.04750000000002012, 66523, 0.0025
20, 0.30000000000000004, 144, 0.04750000000002012, 66524, 0.0025
20, 0.30000000000000004, 144, 0.04750000000002012, 66787, 0.0025
20, 0.30000000000000004, 144, 0.04750000000002012, 66788, 0.0025
20, 0.30000000000000004, 144, 0.04750000000002012, 66915, 0.0025
20, 0.35000000000000003, 1, 0.0325, 1408, 0.0025
20, 0.35000000000000003, 1, 0.0325, 1409, 0.0025
20, 0.35000000000000003, 1, 0.0325, 1410, 0.0025
20, 0.35000000000000003, 1, 0.0325, 1483, 0.0025
20, 0.35000000000000003, 1, 0.0325, 1484, 0.0025
20, 0.35000000000000003, 1, 0.0325, 1485, 0.0025
20, 0.35000000000000003, 1, 0.0325, 1486, 0.0025
20, 0.35000000000000003, 2, 0.0325, 1551, 0.0025
20, 0.35000000000000003, 1, 0.0325, 1560, 0.0025
20, 0.35000000000000003, 1, 0.0325, 1561, 0.0025
20, 0.35000000000000003, 1, 0.0325, 1562, 0.0025
20, 0.35000000000000003, 1, 0.0325, 1563, 0.0025
20, 0.35000000000000003, 1, 0.0325, 1641, 0.0025
20, 0.35000000000000003, 1, 0.0325, 1642, 0.0025
20, 0.35000000000000003, 2, 0.0325, 1712, 0.0025
20, 0.35000000000000003, 1, 0.0325, 1724, 0.0025
20, 0.35000000000000003, 2, 0.0325, 1884, 0.0025
20, 0.35000000000000003, 2, 0.0325, 1971, 0.0025
20, 0.35000000000000003, 2, 0.0325, 1972, 0.0025
20, 0.35000000000000003, 2, 0.0325, 1973, 0.0025
20, 0.35000000000000003, 2, 0.0325, 1974, 0.0025
20, 0.35000000000000003, 2, 0.0325, 2064, 0.0025
20, 0.35000000000000003, 2, 0.0325, 2065, 0.0025
20, 0.35000000000000003, 2, 0.0325, 2066, 0.0025
20, 0.35000000000000003, 2, 0.0325, 2067, 0.0025
20, 0.35000000000000003, 2, 0.0325, 2160, 0.0025
20, 0.35000000000000003, 2, 0.0325, 2161, 0.0025
20, 0.35000000000000003, 2, 0.0325, 2259, 0.0025
20, 0.35000000000000003, 5, 0.0325, 2535, 0.0025
20, 0.35000000000000003, 5, 0.0325, 2536, 0.0025
20, 0.35000000000000003, 5, 0.0325, 2537, 0.0025
20, 0.35000000000000003, 3, 0.0325, 2547, 0.0025
20, 0.35000000000000003, 3, 0.0325, 2548, 0.0025
20, 0.35000000000000003, 3, 0.0325, 2549, 0.0025
20, 0.35000000000000003, 3, 0.0325, 2650, 0.0025
20, 0.35000000000000003, 3, 0.0325, 2651, 0.0025
20, 0.35000000000000003, 3, 0.0325, 2754, 0.0025
20, 0.35000000000000003, 3, 0.0325, 2755, 0.0025
20, 0.35000000000000003, 3, 0.0325, 2860, 0.0025
20, 0.35000000000000003, 5, 0.0325, 3273, 0.0025
20, 0.35000000000000003, 5, 0.0325, 3274, 0.0025
20, 0.35000000000000003, 5, 0.0325, 3275, 0.0025
20, 0.35000000000000003, 4, 0.0325, 3322, 0.0025
20, 0.35000000000000003, 4, 0.0325, 3325, 0.0025
20, 0.35000000000000003, 4, 0.0325, 3326, 0.0025
20, 0.35000000000000003, 5, 0.0325, 3382, 0.0025
20, 0.35000000000000003, 5, 0.0325, 3383, 0.0025
20, 0.35000000000000003, 3, 0.0325, 3394, 0.0025
20, 0.35000000000000003, 3, 0.0325, 3395, 0.0025
20, 0.35000000000000003, 3, 0.0325, 3396, 0.0025
20, 0.35000000000000003, 5, 0.0325, 3493, 0.0025
20, 0.35000000000000003, 5, 0.0325, 3494, 0.0025
20, 0.35000000000000003, 3, 0.0325, 3506, 0.0025
20, 0.35000000000000003, 3, 0.0325, 3507, 0.0025
20, 0.35000000000000003, 4, 0.0325, 3544, 0.0025
20, 0.35000000000000003, 4, 0.0325, 3545, 0.0025
20, 0.35000000000000003, 5, 0.0325, 3604, 0.0025
20, 0.35000000000000003, 3, 0.0325, 3618, 0.0025
20, 0.35000000000000003, 4, 0.0325, 3651, 0.0025
20, 0.35000000000000003, 4, 0.0325, 3653, 0.0025
20, 0.35000000000000003, 5, 0.0325, 3715, 0.0025
20, 0.35000000000000003, 5, 0.0325, 3716, 0.0025
20, 0.35000000000000003, 4, 0.0325, 3765, 0.0025
20, 0.35000000000000003, 4, 0.0325, 3767, 0.0025
20, 0.35000000000000003, 4, 0.0325, 3877, 0.0025
20, 0.35000000000000003, 4, 0.0325, 3880, 0.0025
20, 0.35000000000000003, 5, 0.0325, 3943, 0.0025
20, 0.35000000000000003, 4, 0.0325, 3992, 0.0025
20, 0.35000000000000003, 4, 0.0325, 3993, 0.0025
20, 0.35000000000000003, 4, 0.0325, 3997, 0.0025
20, 0.35000000000000003, 16, 0.0325, 5678, 0.0025
20, 0.35000000000000003, 16, 0.0325, 5806, 0.0025
20, 0.35000000000000003, 16, 0.0325, 5934, 0.0025
20, 0.35000000000000003, 16, 0.0325, 6063, 0.0025
20, 0.35000000000000003, 16, 0.0325, 6192, 0.0025
20, 0.35000000000000003, 9, 0.0325, 6210, 0.0025
20, 0.35000000000000003, 9, 0.0325, 6211, 0.0025
20, 0.35000000000000003, 9, 0.0325, 6212, 0.0025
20, 0.35000000000000003, 9, 0.0325, 6213, 0.0025
20, 0.35000000000000003, 16, 0.0325, 6323, 0.0025
20, 0.35000000000000003, 9, 0.0325, 6342, 0.0025
20, 0.35000000000000003, 9, 0.0325, 6343, 0.0025
20, 0.35000000000000003, 9, 0.0325, 6344, 0.0025
20, 0.35000000000000003, 9, 0.0325, 6345, 0.0025
20, 0.35000000000000003, 9, 0.0325, 6346, 0.0025
20, 0.35000000000000003, 9, 0.0325, 6347, 0.0025
20, 0.35000000000000003, 16, 0.0325, 6454, 0.0025
20, 0.35000000000000003, 19, 0.1824999999999974, 6473, 0.0025
20, 0.35000000000000003, 19, 0.1824999999999974, 6474, 0.0025
20, 0.35000000000000003, 19, 0.1824999999999974, 6475, 0.0025
20, 0.35000000000000003, 9, 0.0325, 6476, 0.0025
20, 0.35000000000000003, 9, 0.0325, 6477, 0.0025
20, 0.35000000000000003, 9, 0.0325, 6478, 0.0025
20, 0.35000000000000003, 16, 0.0325, 6586, 0.0025
20, 0.35000000000000003, 14, 0.0325, 6601, 0.0025
20, 0.35000000000000003, 19, 0.1824999999999974, 6603, 0.0025
20, 0.35000000000000003, 19, 0.1824999999999974, 6604, 0.0025
20, 0.35000000000000003, 19, 0.1824999999999974, 6605, 0.0025
20, 0.35000000000000003, 19, 0.1824999999999974, 6606, 0.0025
20, 0.35000000000000003, 19, 0.1824999999999974, 6607, 0.0025
20, 0.35000000000000003, 19, 0.1824999999999974, 6608, 0.0025
20, 0.35000000000000003, 19, 0.1824999999999974, 6609, 0.0025
20, 0.35000000000000003, 9, 0.0325, 6611, 0.0025
20, 0.35000000000000003, 16, 0.0325, 6719, 0.0025
20, 0.35000000000000003, 14, 0.0325, 6733, 0.0025
20, 0.35000000000000003, 14, 0.0325, 6734, 0.0025
20, 0.35000000000000003, 19, 0.1824999999999974, 6736, 0.0025
20, 0.35000000000000003, 19, 0.1824999999999974, 6737, 0.0025
20, 0.35000000000000003, 19, 0.1824999999999974, 6738, 0.0025
20, 0.35000000000000003, 19, 0.1824999999999974, 6739, 0.0025
20, 0.35000000000000003, 19, 0.1824999999999974, 6740, 0.0025
20, 0.35000000000000003, 19, 0.1824999999999974, 6741, 0.0025
20, 0.35000000000000003, 16, 0.0325, 6852, 0.0025
20, 0.35000000000000003, 14, 0.0325, 6866, 0.0025
20, 0.35000000000000003, 14, 0.0325, 6867, 0.0025
20, 0.35000000000000003, 19, 0.1824999999999974, 6869, 0.0025
20, 0.35000000000000003, 19, 0.1824999999999974, 6870, 0.0025
20, 0.35000000000000003, 19, 0.1824999999999974, 6871, 0.0025
20, 0.35000000000000003, 19, 0.1824999999999974, 6872, 0.0025
20, 0.35000000000000003, 19, 0.1824999999999974, 6873, 0.0025
20, 0.35000000000000003, 19, 0.1824999999999974, 6874, 0.0025
20, 0.35000000000000003, 19, 0.1824999999999974, 6875, 0.0025
20, 0.35000000000000003, 18, 0.03249999999998377, 6878, 0.0025
20, 0.35000000000000003, 16, 0.0325, 6986, 0.0025
20, 0.35000000000000003, 14, 0.0325, 6999, 0.0025
20, 0.35000000000000003, 14, 0.0325, 7000, 0.0025
20, 0.35000000000000003, 19, 0.1824999999999974, 7003, 0.0025
20, 0.35000000000000003, 19, 0.1824999999999974, 7004, 0.0025
20, 0.35000000000000003, 19, 0.1824999999999974, 7005, 0.0025
20, 0.35000000000000003, 19, 0.1824999999999974, 7006, 0.0025
20, 0.35000000000000003, 19, 0.1824999999999974, 7007, 0.0025
20, 0.35000000000000003, 19, 0.1824999999999974, 7008, 0.0025
20, 0.35000000000000003, 19, 0.1824999999999974, 7009, 0.0025
20, 0.35000000000000003, 18, 0.03249999999998377, 7012, 0.0025
20, 0.35000000000000003, 16, 0.0325, 7119, 0.0025
20, 0.35000000000000003, 16, 0.0325, 7120, 0.0025
20, 0.35000000000000003, 14, 0.0325, 7133, 0.0025
20, 0.35000000000000003, 14, 0.0325, 7134, 0.0025
20, 0.35000000000000003, 19, 0.1824999999999974, 7137, 0.0025
20, 0.35000000000000003, 19, 0.1824999999999974, 7138, 0.0025
20, 0.35000000000000003, 19, 0.1824999999999974, 7139, 0.0025
20, 0.35000000000000003, 19, 0.1824999999999974, 7140, 0.0025
20, 0.35000000000000003, 19, 0.1824999999999974, 7141, 0.0025
20, 0.35000000000000003, 19, 0.1824999999999974, 7142, 0.0025
20, 0.35000000000000003, 19, 0.1824999999999974, 7143, 0.0025
20, 0.35000000000000003, 19, 0.1824999999999974, 7144, 0.0025
20, 0.35000000000000003, 18, 0.03249999999998377, 7146, 0.0025
20, 0.35000000000000003, 18, 0.03249999999998377, 7147, 0.0025
20, 0.35000000000000003, 16, 0.0325, 7256, 0.0025
20, 0.35000000000000003, 14, 0.0325, 7269, 0.0025
20, 0.35000000000000003, 14, 0.0325, 7270, 0.0025
20, 0.35000000000000003, 19, 0.1824999999999974, 7271, 0.0025
20, 0.35000000000000003, 19, 0.1824999999999974, 7272, 0.0025
20, 0.35000000000000003, 19, 0.1824999999999974, 7273, 0.0025
20, 0.35000000000000003, 19, 0.1824999999999974, 7274, 0.0025
20, 0.35000000000000003, 19, 0.1824999999999974, 7275, 0.0025
20, 0.35000000000000003, 19, 0.1824999999999974, 7276, 0.0025
20, 0.35000000000000003, 19, 0.1824999999999974, 7277, 0.0025
20, 0.35000000000000003, 19, 0.1824999999999974, 7278, 0.0025
20, 0.35000000000000003, 19, 0.1824999999999974, 7279, 0.0025
20, 0.35000000000000003, 19, 0.1824999999999974, 7280, 0.0025
20, 0.35000000000000003, 19, 0.1824999999999974, 7281, 0.0025
20, 0.35000000000000003, 18, 0.03249999999998377, 7282, 0.0025
20, 0.35000000000000003, 18, 0.03249999999998377, 7283, 0.0025
20, 0.35000000000000003, 19, 0.1824999999999974, 7408, 0.0025
20, 0.35000000000000003, 19, 0.1824999999999974, 7409, 0.0025
20, 0.35000000000000003, 19, 0.1824999999999974, 7410, 0.0025
20, 0.35000000000000003, 19, 0.1824999999999974, 7411, 0.0025
20, 0.35000000000000003, 19, 0.1824999999999974, 7412, 0.0025
20, 0.35000000000000003, 19, 0.1824999999999974, 7413, 0.0025
20, 0.35000000000000003, 19, 0.1824999999999974, 7414, 0.0025
20, 0.35000000000000003, 19, 0.1824999999999974, 7415, 0.0025
20, 0.35000000000000003, 19, 0.1824999999999974, 7416, 0.0025
20, 0.35000000000000003, 18, 0.03249999999998377, 7418, 0.0025
20, 0.35000000000000003, 14, 0.0325, 7542, 0.0025
20, 0.35000000000000003, 14, 0.0325, 7543, 0.0025
20, 0.35000000000000003, 19, 0.1824999999999974, 7545, 0.0025
20, 0.35000000000000003, 19, 0.1824999999999974, 7546, 0.0025
20, 0.35000000000000003, 19, 0.1824999999999974, 7547, 0.0025
20, 0.35000000000000003, 19, 0.1824999999999974, 7548, 0.0025
20, 0.35000000000000003, 19, 0.1824999999999974, 7549, 0.0025
20, 0.35000000000000003, 19, 0.1824999999999974, 7550, 0.0025
20, 0.35000000000000003, 19, 0.1824999999999974, 7551, 0.0025
20, 0.35000000000000003, 19, 0.1824999999999974, 7552, 0.0025
20, 0.35000000000000003, 19, 0.1824999999999974, 7553, 0.0025
20, 0.35000000000000003, 18, 0.03249999999998377, 7555, 0.0025
20, 0.35000000000000003, 18, 0.03249999999998377, 7556, 0.0025
20, 0.35000000000000003, 14, 0.0325, 7681, 0.0025
20, 0.35000000000000003, 19, 0.1824999999999974, 7684, 0.0025
20, 0.35000000000000003, 19, 0.1824999999999974, 7686, 0.0025
20, 0.35000000000000003, 19, 0.1824999999999974, 7687, 0.0025
20, 0.35000000000000003, 19, 0.1824999999999974, 7688, 0.0025
20, 0.35000000000000003, 19, 0.1824999999999974, 7689, 0.0025
20, 0.35000000000000003, 19, 0.1824999999999974, 7690, 0.0025
20, 0.35000000000000003, 18, 0.03249999999998377, 7693, 0.0025
20, 0.35000000000000003, 18, 0.03249999999998377, 7694, 0.0025
20, 0.35000000000000003, 19, 0.1824999999999974, 7824, 0.0025
20, 0.35000000000000003, 18, 0.03249999999998377, 7832, 0.0025
20, 0.35000000000000003, 18, 0.03249999999998377, 7971, 0.0025
20, 0.35000000000000003, 18, 0.03249999999998377, 7972, 0.0025
20, 0.35000000000000003, 25, 0.08499999999999991, 9428, 0.0025
20, 0.35000000000000003, 25, 0.08499999999999991, 9577, 0.0025
20, 0.35000000000000003, 25, 0.08499999999999991, 9578, 0.0025
20, 0.35000000000000003, 25, 0.08499999999999991, 9717, 0.0025
20, 0.35000000000000003, 25, 0.08499999999999991, 9718, 0.0025
20, 0.35000000000000003, 25, 0.08499999999999991, 9719, 0.0025
20, 0.35000000000000003, 25, 0.08499999999999991, 9720, 0.0025
20, 0.35000000000000003, 25, 0.08499999999999991, 9847, 0.0025
20, 0.35000000000000003, 25, 0.08499999999999991, 9849, 0.0025
20, 0.35000000000000003, 25, 0.08499999999999991, 9850, 0.0025
20, 0.35000000000000003, 25, 0.08499999999999991, 9851, 0.0025
20, 0.35000000000000003, 25, 0.08499999999999991, 9852, 0.0025
20, 0.35000000000000003, 25, 0.08499999999999991, 9975, 0.0025
20, 0.35000000000000003, 25, 0.08499999999999991, 9976, 0.0025
20, 0.35000000000000003, 25, 0.08499999999999991, 9977, 0.0025
20, 0.35000000000000003, 25, 0.08499999999999991, 10090, 0.0025
20, 0.35000000000000003, 25, 0.08499999999999991, 10093, 0.0025
20, 0.35000000000000003, 25, 0.08499999999999991, 10095, 0.0025
20, 0.35000000000000003, 25, 0.08499999999999991, 10096, 0.0025
20, 0.35000000000000003, 25, 0.08499999999999991, 10097, 0.0025
20, 0.35000000000000003, 25, 0.08499999999999991, 10203, 0.0025
20, 0.35000000000000003, 25, 0.08499999999999991, 10204, 0.0025
20, 0.35000000000000003, 25, 0.08499999999999991, 10205, 0.0025
20, 0.35000000000000003, 25, 0.08499999999999991, 10206, 0.0025
20, 0.35000000000000003, 25, 0.08499999999999991, 10210, 0.0025
20, 0.35000000000000003, 25, 0.08499999999999991, 10211, 0.0025
20, 0.35000000000000003, 25, 0.08499999999999991, 10319, 0.0025
20, 0.35000000000000003, 25, 0.08499999999999991, 10321, 0.0025
20, 0.35000000000000003, 25, 0.08499999999999991, 10322, 0.0025
20, 0.35000000000000003, 25, 0.08499999999999991, 10323, 0.0025
20, 0.35000000000000003, 25, 0.08499999999999991, 10324, 0.0025
20, 0.35000000000000003, 25, 0.08499999999999991, 10437, 0.0025
20, 0.35000000000000003, 25, 0.08499999999999991, 10438, 0.0025
20, 0.35000000000000003, 25, 0.08499999999999991, 10439, 0.0025
20, 0.35000000000000003, 25, 0.08499999999999991, 10440, 0.0025
20, 0.35000000000000003, 31, 0.0325, 11242, 0.0025
20, 0.35000000000000003, 31, 0.0325, 11353, 0.0025
20, 0.35000000000000003, 31, 0.0325, 11469, 0.0025
20, 0.35000000000000003, 31, 0.0325, 11580, 0.0025
20, 0.35000000000000003, 31, 0.0325, 11581, 0.0025
20, 0.35000000000000003, 31, 0.0325, 11582, 0.0025
20, 0.35000000000000003, 31, 0.0325, 11694, 0.0025
20, 0.35000000000000003, 31, 0.0325, 11695, 0.0025
20, 0.35000000000000003, 31, 0.0325, 11696, 0.0025
20, 0.35000000000000003, 31, 0.0325, 11807, 0.0025
20, 0.35000000000000003, 31, 0.0325, 11808, 0.0025
20, 0.35000000000000003, 31, 0.0325, 11809, 0.0025
20, 0.35000000000000003, 31, 0.0325, 11810, 0.0025
20, 0.35000000000000003, 31, 0.0325, 11921, 0.0025
20, 0.35000000000000003, 33, 0.0325, 16311, 0.0025
20, 0.35000000000000003, 33, 0.0325, 16536, 0.0025
20, 0.35000000000000003, 33, 0.0325, 16537, 0.0025
20, 0.35000000000000003, 33, 0.0325, 16645, 0.0025
20, 0.35000000000000003, 33, 0.0325, 16646, 0.0025
20, 0.35000000000000003, 33, 0.0325, 16648, 0.0025
20, 0.35000000000000003, 41, 0.1174999999999972, 16755, 0.0025
20, 0.35000000000000003, 38, 0.04750000000002509, 16762, 0.0025
20, 0.35000000000000003, 33, 0.0325, 16860, 0.0025
20, 0.35000000000000003, 33, 0.0325, 16863, 0.0025
20, 0.35000000000000003, 33, 0.0325, 16865, 0.0025
20, 0.35000000000000003, 33, 0.0325, 16866, 0.0025
20, 0.35000000000000003, 33, 0.0325, 16868, 0.0025
20, 0.35000000000000003, 41, 0.1174999999999972, 16870, 0.0025
20, 0.35000000000000003, 38, 0.04750000000002509, 16879, 0.0025
20, 0.35000000000000003, 33, 0.0325, 16974, 0.0025
20, 0.35000000000000003, 38, 0.04750000000002509, 16990, 0.0025
20, 0.35000000000000003, 38, 0.04750000000002509, 16991, 0.0025
20, 0.35000000000000003, 41, 0.1174999999999972, 17087, 0.0025
20, 0.35000000000000003, 41, 0.1174999999999972, 17091, 0.0025
20, 0.35000000000000003, 41, 0.1174999999999972, 17092, 0.0025
20, 0.35000000000000003, 41, 0.1174999999999972, 17094, 0.0025
20, 0.35000000000000003, 38, 0.04750000000002509, 17098, 0.0025
20, 0.35000000000000003, 33, 0.0325, 17184, 0.0025
20, 0.35000000000000003, 41, 0.1174999999999972, 17190, 0.0025
20, 0.35000000000000003, 41, 0.1174999999999972, 17197, 0.0025
20, 0.35000000000000003, 38, 0.04750000000002509, 17201, 0.0025
20, 0.35000000000000003, 38, 0.04750000000002509, 17203, 0.0025
20, 0.35000000000000003, 38, 0.04750000000002509, 17204, 0.0025
20, 0.35000000000000003, 41, 0.1174999999999972, 17293, 0.0025
20, 0.35000000000000003, 41, 0.1174999999999972, 17295, 0.0025
20, 0.35000000000000003, 41, 0.1174999999999972, 17299, 0.0025
20, 0.35000000000000003, 41, 0.1174999999999972, 17301, 0.0025
20, 0.35000000000000003, 41, 0.1174999999999972, 17303, 0.0025
20, 0.35000000000000003, 38, 0.04750000000002509, 17304, 0.0025
20, 0.35000000000000003, 38, 0.04750000000002509, 17305, 0.0025
20, 0.35000000000000003, 38, 0.04750000000002509, 17306, 0.0025
20, 0.35000000000000003, 41, 0.1174999999999972, 17395, 0.0025
20, 0.35000000000000003, 41, 0.1174999999999972, 17401, 0.0025
20, 0.35000000000000003, 41, 0.1174999999999972, 17402, 0.0025
20, 0.35000000000000003, 41, 0.1174999999999972, 17404, 0.0025
20, 0.35000000000000003, 41, 0.1174999999999972, 17405, 0.0025
20, 0.35000000000000003, 38, 0.04750000000002509, 17407, 0.0025
20, 0.35000000000000003, 38, 0.04750000000002509, 17408, 0.0025
20, 0.35000000000000003, 38, 0.04750000000002509, 17409, 0.0025
20, 0.35000000000000003, 41, 0.1174999999999972, 17503, 0.0025
20, 0.35000000000000003, 41, 0.1174999999999972, 17504, 0.0025
20, 0.35000000000000003, 41, 0.1174999999999972, 17505, 0.0025
20, 0.35000000000000003, 41, 0.1174999999999972, 17506, 0.0025
20, 0.35000000000000003, 41, 0.1174999999999972, 17508, 0.0025
20, 0.35000000000000003, 41, 0.1174999999999972, 17509, 0.0025
20, 0.35000000000000003, 38, 0.04750000000002509, 17512, 0.0025
20, 0.35000000000000003, 41, 0.1174999999999972, 17602, 0.0025
20, 0.35000000000000003, 41, 0.1174999999999972, 17603, 0.0025
20, 0.35000000000000003, 41, 0.1174999999999972, 17604, 0.0025
20, 0.35000000000000003, 41, 0.1174999999999972, 17605, 0.0025
20, 0.35000000000000003, 41, 0.1174999999999972, 17606, 0.0025
20, 0.35000000000000003, 41, 0.1174999999999972, 17607, 0.0025
20, 0.35000000000000003, 41, 0.1174999999999972, 17609, 0.0025
20, 0.35000000000000003, 38, 0.04750000000002509, 17612, 0.0025
20, 0.35000000000000003, 38, 0.04750000000002509, 17613, 0.0025
20, 0.35000000000000003, 33, 0.0325, 17691, 0.0025
20, 0.35000000000000003, 41, 0.1174999999999972, 17696, 0.0025
20, 0.35000000000000003, 41, 0.1174999999999972, 17699, 0.0025
20, 0.35000000000000003, 41, 0.1174999999999972, 17700, 0.0025
20, 0.35000000000000003, 41, 0.1174999999999972, 17702, 0.0025
20, 0.35000000000000003, 41, 0.1174999999999972, 17703, 0.0025
20, 0.35000000000000003, 38, 0.04750000000002509, 17708, 0.0025
20, 0.35000000000000003, 38, 0.04750000000002509, 17709, 0.0025
20, 0.35000000000000003, 41, 0.1174999999999972, 17791, 0.0025
20, 0.35000000000000003, 41, 0.1174999999999972, 17793, 0.0025
20, 0.35000000000000003, 41, 0.1174999999999972, 17795, 0.0025
20, 0.35000000000000003, 41, 0.1174999999999972, 17797, 0.0025
20, 0.35000000000000003, 38, 0.04750000000002509, 17800, 0.0025
20, 0.35000000000000003, 41, 0.1174999999999972, 17885, 0.0025
20, 0.35000000000000003, 41, 0.1174999999999972, 17889, 0.0025
20, 0.35000000000000003, 41, 0.1174999999999972, 17976, 0.0025
20, 0.35000000000000003, 41, 0.1174999999999972, 17978, 0.0025
20, 0.35000000000000003, 41, 0.1174999999999972, 17982, 0.0025
20, 0.35000000000000003, 41, 0.1174999999999972, 18060, 0.0025
20, 0.35000000000000003, 41, 0.1174999999999972, 18062, 0.0025
20, 0.35000000000000003, 41, 0.1174999999999972, 18149, 0.0025
20, 0.35000000000000003, 98, 0.05, 48978, 0.0025
20, 0.35000000000000003, 98, 0.05, 48979, 0.0025
20, 0.35000000000000003, 98, 0.05, 49250, 0.0025
20, 0.35000000000000003, 98, 0.05, 49251, 0.0025
20, 0.35000000000000003, 98, 0.05, 49253, 0.0025
20, 0.35000000000000003, 98, 0.05, 49377, 0.0025
20, 0.35000000000000003, 98, 0.05, 49511, 0.0025
20, 0.35000000000000003, 98, 0.05, 49516, 0.0025
20, 0.35000000000000003, 98, 0.05, 49650, 0.0025
20, 0.35000000000000003, 98, 0.05, 49651, 0.0025
20, 0.35000000000000003, 98, 0.05, 49785, 0.0025
20, 0.35000000000000003, 98, 0.05, 49920, 0.0025
20, 0.35000000000000003, 98, 0.05, 49921, 0.0025
20, 0.35000000000000003, 98, 0.05, 50062, 0.0025
20, 0.35000000000000003, 98, 0.05, 50063, 0.0025
20, 0.35000000000000003, 98, 0.05, 50064, 0.0025
20, 0.35000000000000003, 98, 0.05, 50065, 0.0025
20, 0.35000000000000003, 98, 0.05, 50066, 0.0025
20, 0.35000000000000003, 98, 0.05, 50208, 0.0025
20, 0.35000000000000003, 98, 0.05, 50350, 0.0025
20, 0.35000000000000003, 98, 0.05, 50627, 0.0025
20, 0.35000000000000003, 121, 0.0325, 55186, 0.0025
20, 0.35000000000000003, 121, 0.0325, 55326, 0.0025
20, 0.35000000000000003, 121, 0.0325, 55330, 0.0025
20, 0.35000000000000003, 121, 0.0325, 55617, 0.0025
20, 0.35000000000000003, 121, 0.0325, 55756, 0.0025
20, 0.35000000000000003, 121, 0.0325, 55757, 0.0025
20, 0.35000000000000003, 121, 0.0325, 55759, 0.0025
20, 0.35000000000000003, 121, 0.0325, 55902, 0.0025
20, 0.35000000000000003, 121, 0.0325, 55903, 0.0025
20, 0.35000000000000003, 121, 0.0325, 55904, 0.0025
20, 0.35000000000000003, 121, 0.0325, 56487, 0.0025
20, 0.35000000000000003, 121, 0.0325, 56633, 0.0025
20, 0.35000000000000003, 121, 0.0325, 56783, 0.0025
20, 0.35000000000000003, 121, 0.0325, 56784, 0.0025
20, 0.35000000000000003, 131, 0.0449999999999989, 63886, 0.0025
20, 0.35000000000000003, 131, 0.0449999999999989, 63888, 0.0025
20, 0.35000000000000003, 133, 0.0325, 63922, 0.0025
20, 0.35000000000000003, 133, 0.0325, 63923, 0.0025
20, 0.35000000000000003, 131, 0.0449999999999989, 64048, 0.0025
20, 0.35000000000000003, 131, 0.0449999999999989, 64049, 0.0025
20, 0.35000000000000003, 131, 0.0449999999999989, 64051, 0.0025
20, 0.35000000000000003, 133, 0.0325, 64098, 0.0025
20, 0.35000000000000003, 131, 0.0449999999999989, 64207, 0.0025
20, 0.35000000000000003, 131, 0.0449999999999989, 64208, 0.0025
20, 0.35000000000000003, 131, 0.0449999999999989, 64209, 0.0025
20, 0.35000000000000003, 131, 0.0449999999999989, 64211, 0.0025
20, 0.35000000000000003, 131, 0.0449999999999989, 64212, 0.0025
20, 0.35000000000000003, 131, 0.0449999999999989, 64213, 0.0025
20, 0.35000000000000003, 133, 0.0325, 64258, 0.0025
20, 0.35000000000000003, 133, 0.0325, 64259, 0.0025
20, 0.35000000000000003, 131, 0.0449999999999989, 64368, 0.0025
20, 0.35000000000000003, 131, 0.0449999999999989, 64369, 0.0025
20, 0.35000000000000003, 131, 0.0449999999999989, 64370, 0.0025
20, 0.35000000000000003, 131, 0.0449999999999989, 64371, 0.0025
20, 0.35000000000000003, 133, 0.0325, 64403, 0.0025
20, 0.35000000000000003, 133, 0.0325, 64404, 0.0025
20, 0.35000000000000003, 133, 0.0325, 64415, 0.0025
20, 0.35000000000000003, 131, 0.0449999999999989, 64526, 0.0025
20, 0.35000000000000003, 131, 0.0449999999999989, 64527, 0.0025
20, 0.35000000000000003, 133, 0.0325, 64572, 0.0025
20, 0.35000000000000003, 131, 0.0449999999999989, 64677, 0.0025
20, 0.35000000000000003, 131, 0.0449999999999989, 64678, 0.0025
20, 0.35000000000000003, 133, 0.0325, 64726, 0.0025
20, 0.35000000000000003, 133, 0.0325, 64878, 0.0025
20, 0.35000000000000003, 133, 0.0325, 65029, 0.0025
20, 0.35000000000000003, 133, 0.0325, 65177, 0.0025
20, 0.35000000000000003, 133, 0.0325, 65178, 0.0025
20, 0.35000000000000003, 144, 0.05, 65835, 0.0025
20, 0.35000000000000003, 144, 0.05, 65836, 0.0025
20, 0.35000000000000003, 144, 0.05, 65837, 0.0025
20, 0.35000000000000003, 144, 0.05, 65975, 0.0025
20, 0.35000000000000003, 144, 0.05, 65976, 0.0025
20, 0.35000000000000003, 144, 0.05, 65977, 0.0025
20, 0.35000000000000003, 144, 0.05, 65978, 0.0025
20, 0.35000000000000003, 144, 0.05, 66113, 0.0025
20, 0.35000000000000003, 144, 0.05, 66118, 0.0025
20, 0.35000000000000003, 144, 0.05, 66249, 0.0025
20, 0.35000000000000003, 144, 0.05, 66251, 0.0025
20, 0.35000000000000003, 144, 0.05, 66258, 0.0025
20, 0.35000000000000003, 144, 0.05, 66259, 0.0025
20, 0.35000000000000003, 144, 0.05, 66387, 0.0025
20, 0.35000000000000003, 144, 0.05, 66390, 0.0025
20, 0.35000000000000003, 144, 0.05, 66393, 0.0025
20, 0.35000000000000003, 144, 0.05, 66523, 0.0025
20, 0.35000000000000003, 144, 0.05, 66524, 0.0025
20, 0.35000000000000003, 144, 0.05, 66787, 0.0025
20, 0.35000000000000003, 144, 0.05, 66788, 0.0025
20, 0.35000000000000003, 144, 0.05, 66915, 0.0025
20, 0.4, 1, 0.05, 877, 0.0025
20, 0.4, 1, 0.05, 938, 0.0025
20, 0.4, 1, 0.05, 1333, 0.0025
20, 0.4, 1, 0.05, 1334, 0.0025
20, 0.4, 1, 0.05, 1406, 0.0025
20, 0.4, 1, 0.05, 1407, 0.0025
20, 0.4, 1, 0.05, 1408, 0.0025
20, 0.4, 1, 0.05, 1409, 0.0025
20, 0.4, 1, 0.05, 1410, 0.0025
20, 0.4, 1, 0.05, 1482, 0.0025
20, 0.4, 1, 0.05, 1483, 0.0025
20, 0.4, 1, 0.05, 1484, 0.0025
20, 0.4, 1, 0.05, 1485, 0.0025
20, 0.4, 1, 0.05, 1486, 0.0025
20, 0.4, 2, 0.03249999999999989, 1551, 0.0025
20, 0.4, 1, 0.05, 1560, 0.0025
20, 0.4, 1, 0.05, 1561, 0.0025
20, 0.4, 1, 0.05, 1562, 0.0025
20, 0.4, 1, 0.05, 1563, 0.0025
20, 0.4, 1, 0.05, 1641, 0.0025
20, 0.4, 1, 0.05, 1642, 0.0025
20, 0.4, 2, 0.03249999999999989, 1712, 0.0025
20, 0.4, 1, 0.05, 1724, 0.0025
20, 0.4, 2, 0.03249999999999989, 1884, 0.0025
20, 0.4, 2, 0.03249999999999989, 1971, 0.0025
20, 0.4, 2, 0.03249999999999989, 1972, 0.0025
20, 0.4, 2, 0.03249999999999989, 1973, 0.0025
20, 0.4, 2, 0.03249999999999989, 1974, 0.0025
20, 0.4, 2, 0.03249999999999989, 2064, 0.0025
20, 0.4, 2, 0.03249999999999989, 2065, 0.0025
20, 0.4, 2, 0.03249999999999989, 2066, 0.0025
20, 0.4, 2, 0.03249999999999989, 2067, 0.0025
20, 0.4, 2, 0.03249999999999989, 2160, 0.0025
20, 0.4, 2, 0.03249999999999989, 2161, 0.0025
20, 0.4, 2, 0.03249999999999989, 2259, 0.0025
20, 0.4, 5, 0.03249999999999992, 2535, 0.0025
20, 0.4, 5, 0.03249999999999992, 2536, 0.0025
20, 0.4, 5, 0.03249999999999992, 2537, 0.0025
20, 0.4, 3, 0.03249999999999992, 2547, 0.0025
20, 0.4, 3, 0.03249999999999992, 2548, 0.0025
20, 0.4, 3, 0.03249999999999992, 2549, 0.0025
20, 0.4, 3, 0.03249999999999992, 2650, 0.0025
20, 0.4, 3, 0.03249999999999992, 2651, 0.0025
20, 0.4, 3, 0.03249999999999992, 2754, 0.0025
20, 0.4, 3, 0.03249999999999992, 2755, 0.0025
20, 0.4, 3, 0.03249999999999992, 2860, 0.0025
20, 0.4, 5, 0.03249999999999992, 3273, 0.0025
20, 0.4, 5, 0.03249999999999992, 3274, 0.0025
20, 0.4, 5, 0.03249999999999992, 3275, 0.0025
20, 0.4, 5, 0.03249999999999992, 3382, 0.0025
20, 0.4, 5, 0.03249999999999992, 3383, 0.0025
20, 0.4, 3, 0.03249999999999992, 3394, 0.0025
20, 0.4, 3, 0.03249999999999992, 3395, 0.0025
20, 0.4, 3, 0.03249999999999992, 3396, 0.0025
20, 0.4, 5, 0.03249999999999992, 3493, 0.0025
20, 0.4, 5, 0.03249999999999992, 3494, 0.0025
20, 0.4, 3, 0.03249999999999992, 3506, 0.0025
20, 0.4, 3, 0.03249999999999992, 3507, 0.0025
20, 0.4, 5, 0.03249999999999992, 3604, 0.0025
20, 0.4, 3, 0.03249999999999992, 3618, 0.0025
20, 0.4, 5, 0.03249999999999992, 3715, 0.0025
20, 0.4, 5, 0.03249999999999992, 3716, 0.0025
20, 0.4, 5, 0.03249999999999992, 3943, 0.0025
20, 0.4, 16, 0.0325, 5678, 0.0025
20, 0.4, 16, 0.0325, 5806, 0.0025
20, 0.4, 16, 0.0325, 5934, 0.0025
20, 0.4, 16, 0.0325, 6063, 0.0025
20, 0.4, 16, 0.0325, 6192, 0.0025
20, 0.4, 9, 0.03249999999999992, 6210, 0.0025
20, 0.4, 9, 0.03249999999999992, 6211, 0.0025
20, 0.4, 9, 0.03249999999999992, 6212, 0.0025
20, 0.4, 9, 0.03249999999999992, 6213, 0.0025
20, 0.4, 16, 0.0325, 6323, 0.0025
20, 0.4, 9, 0.03249999999999992, 6342, 0.0025
20, 0.4, 9, 0.03249999999999992, 6343, 0.0025
20, 0.4, 9, 0.03249999999999992, 6344, 0.0025
20, 0.4, 9, 0.03249999999999992, 6345, 0.0025
20, 0.4, 9, 0.03249999999999992, 6346, 0.0025
20, 0.4, 9, 0.03249999999999992, 6347, 0.0025
20, 0.4, 16, 0.0325, 6454, 0.0025
20, 0.4, 19, 0.1650000000000008, 6474, 0.0025
20, 0.4, 19, 0.1650000000000008, 6475, 0.0025
20, 0.4, 9, 0.03249999999999992, 6476, 0.0025
20, 0.4, 9, 0.03249999999999992, 6477, 0.0025
20, 0.4, 9, 0.03249999999999992, 6478, 0.0025
20, 0.4, 16, 0.0325, 6586, 0.0025
20, 0.4, 14, 0.03249999999999992, 6601, 0.0025
20, 0.4, 19, 0.1650000000000008, 6604, 0.0025
20, 0.4, 19, 0.1650000000000008, 6605, 0.0025
20, 0.4, 19, 0.1650000000000008, 6606, 0.0025
20, 0.4, 19, 0.1650000000000008, 6607, 0.0025
20, 0.4, 19, 0.1650000000000008, 6608, 0.0025
20, 0.4, 9, 0.03249999999999992, 6611, 0.0025
20, 0.4, 16, 0.0325, 6719, 0.0025
20, 0.4, 14, 0.03249999999999992, 6733, 0.0025
20, 0.4, 14, 0.03249999999999992, 6734, 0.0025
20, 0.4, 19, 0.1650000000000008, 6736, 0.0025
20, 0.4, 19, 0.1650000000000008, 6737, 0.0025
20, 0.4, 19, 0.1650000000000008, 6738, 0.0025
20, 0.4, 19, 0.1650000000000008, 6739, 0.0025
20, 0.4, 19, 0.1650000000000008, 6740, 0.0025
20, 0.4, 19, 0.1650000000000008, 6741, 0.0025
20, 0.4, 16, 0.0325, 6852, 0.0025
20, 0.4, 14, 0.03249999999999992, 6866, 0.0025
20, 0.4, 14, 0.03249999999999992, 6867, 0.0025
20, 0.4, 19, 0.1650000000000008, 6869, 0.0025
20, 0.4, 19, 0.1650000000000008, 6870, 0.0025
20, 0.4, 19, 0.1650000000000008, 6871, 0.0025
20, 0.4, 19, 0.1650000000000008, 6872, 0.0025
20, 0.4, 19, 0.1650000000000008, 6873, 0.0025
20, 0.4, 19, 0.1650000000000008, 6874, 0.0025
20, 0.4, 19, 0.1650000000000008, 6875, 0.0025
20, 0.4, 18, 0.03249999999999992, 6878, 0.0025
20, 0.4, 16, 0.0325, 6986, 0.0025
20, 0.4, 14, 0.03249999999999992, 6999, 0.0025
20, 0.4, 14, 0.03249999999999992, 7000, 0.0025
20, 0.4, 19, 0.1650000000000008, 7004, 0.0025
20, 0.4, 19, 0.1650000000000008, 7005, 0.0025
20, 0.4, 19, 0.1650000000000008, 7006, 0.0025
20, 0.4, 19, 0.1650000000000008, 7007, 0.0025
20, 0.4, 19, 0.1650000000000008, 7008, 0.0025
20, 0.4, 19, 0.1650000000000008, 7009, 0.0025
20, 0.4, 18, 0.03249999999999992, 7012, 0.0025
20, 0.4, 16, 0.0325, 7119, 0.0025
20, 0.4, 16, 0.0325, 7120, 0.0025
20, 0.4, 14, 0.03249999999999992, 7133, 0.0025
20, 0.4, 14, 0.03249999999999992, 7134, 0.0025
20, 0.4, 19, 0.1650000000000008, 7137, 0.0025
20, 0.4, 19, 0.1650000000000008, 7138, 0.0025
20, 0.4, 19, 0.1650000000000008, 7139, 0.0025
20, 0.4, 19, 0.1650000000000008, 7140, 0.0025
20, 0.4, 19, 0.1650000000000008, 7141, 0.0025
20, 0.4, 19, 0.1650000000000008, 7142, 0.0025
20, 0.4, 19, 0.1650000000000008, 7143, 0.0025
20, 0.4, 19, 0.1650000000000008, 7144, 0.0025
20, 0.4, 18, 0.03249999999999992, 7146, 0.0025
20, 0.4, 18, 0.03249999999999992, 7147, 0.0025
20, 0.4, 16, 0.0325, 7256, 0.0025
20, 0.4, 14, 0.03249999999999992, 7269, 0.0025
20, 0.4, 14, 0.03249999999999992, 7270, 0.0025
20, 0.4, 19, 0.1650000000000008, 7271, 0.0025
20, 0.4, 19, 0.1650000000000008, 7272, 0.0025
20, 0.4, 19, 0.1650000000000008, 7273, 0.0025
20, 0.4, 19, 0.1650000000000008, 7274, 0.0025
20, 0.4, 19, 0.1650000000000008, 7275, 0.0025
20, 0.4, 19, 0.1650000000000008, 7276, 0.0025
20, 0.4, 19, 0.1650000000000008, 7277, 0.0025
20, 0.4, 19, 0.1650000000000008, 7278, 0.0025
20, 0.4, 19, 0.1650000000000008, 7279, 0.0025
20, 0.4, 19, 0.1650000000000008, 7280, 0.0025
20, 0.4, 18, 0.03249999999999992, 7282, 0.0025
20, 0.4, 18, 0.03249999999999992, 7283, 0.0025
20, 0.4, 19, 0.1650000000000008, 7408, 0.0025
20, 0.4, 19, 0.1650000000000008, 7409, 0.0025
20, 0.4, 19, 0.1650000000000008, 7410, 0.0025
20, 0.4, 19, 0.1650000000000008, 7411, 0.0025
20, 0.4, 19, 0.1650000000000008, 7412, 0.0025
20, 0.4, 19, 0.1650000000000008, 7413, 0.0025
20, 0.4, 19, 0.1650000000000008, 7414, 0.0025
20, 0.4, 19, 0.1650000000000008, 7415, 0.0025
20, 0.4, 19, 0.1650000000000008, 7416, 0.0025
20, 0.4, 18, 0.03249999999999992, 7418, 0.0025
20, 0.4, 14, 0.03249999999999992, 7542, 0.0025
20, 0.4, 14, 0.03249999999999992, 7543, 0.0025
20, 0.4, 19, 0.1650000000000008, 7546, 0.0025
20, 0.4, 19, 0.1650000000000008, 7547, 0.0025
20, 0.4, 19, 0.1650000000000008, 7548, 0.0025
20, 0.4, 19, 0.1650000000000008, 7549, 0.0025
20, 0.4, 19, 0.1650000000000008, 7550, 0.0025
20, 0.4, 19, 0.1650000000000008, 7551, 0.0025
20, 0.4, 19, 0.1650000000000008, 7552, 0.0025
20, 0.4, 19, 0.1650000000000008, 7553, 0.0025
20, 0.4, 18, 0.03249999999999992, 7555, 0.0025
20, 0.4, 18, 0.03249999999999992, 7556, 0.0025
20, 0.4, 14, 0.03249999999999992, 7681, 0.0025
20, 0.4, 19, 0.1650000000000008, 7684, 0.0025
20, 0.4, 19, 0.1650000000000008, 7686, 0.0025
20, 0.4, 19, 0.1650000000000008, 7687, 0.0025
20, 0.4, 19, 0.1650000000000008, 7688, 0.0025
20, 0.4, 19, 0.1650000000000008, 7689, 0.0025
20, 0.4, 18, 0.03249999999999992, 7693, 0.0025
20, 0.4, 18, 0.03249999999999992, 7694, 0.0025
20, 0.4, 19, 0.1650000000000008, 7824, 0.0025
20, 0.4, 18, 0.03249999999999992, 7832, 0.0025
20, 0.4, 18, 0.03249999999999992, 7971, 0.0025
20, 0.4, 18, 0.03249999999999992, 7972, 0.0025
20, 0.4, 25, 0.085, 9428, 0.0025
20, 0.4, 25, 0.085, 9577, 0.0025
20, 0.4, 25, 0.085, 9578, 0.0025
20, 0.4, 25, 0.085, 9717, 0.0025
20, 0.4, 25, 0.085, 9718, 0.0025
20, 0.4, 25, 0.085, 9719, 0.0025
20, 0.4, 25, 0.085, 9720, 0.0025
20, 0.4, 25, 0.085, 9847, 0.0025
20, 0.4, 25, 0.085, 9849, 0.0025
20, 0.4, 25, 0.085, 9850, 0.0025
20, 0.4, 25, 0.085, 9851, 0.0025
20, 0.4, 25, 0.085, 9852, 0.0025
20, 0.4, 25, 0.085, 9975, 0.0025
20, 0.4, 25, 0.085, 9976, 0.0025
20, 0.4, 25, 0.085, 9977, 0.0025
20, 0.4, 25, 0.085, 10090, 0.0025
20, 0.4, 25, 0.085, 10093, 0.0025
20, 0.4, 25, 0.085, 10095, 0.0025
20, 0.4, 25, 0.085, 10096, 0.0025
20, 0.4, 25, 0.085, 10097, 0.0025
20, 0.4, 25, 0.085, 10203, 0.0025
20, 0.4, 25, 0.085, 10204, 0.0025
20, 0.4, 25, 0.085, 10205, 0.0025
20, 0.4, 25, 0.085, 10206, 0.0025
20, 0.4, 25, 0.085, 10210, 0.0025
20, 0.4, 25, 0.085, 10211, 0.0025
20, 0.4, 25, 0.085, 10319, 0.0025
20, 0.4, 25, 0.085, 10321, 0.0025
20, 0.4, 25, 0.085, 10322, 0.0025
20, 0.4, 25, 0.085, 10323, 0.0025
20, 0.4, 25, 0.085, 10324, 0.0025
20, 0.4, 25, 0.085, 10437, 0.0025
20, 0.4, 25, 0.085, 10438, 0.0025
20, 0.4, 25, 0.085, 10439, 0.0025
20, 0.4, 25, 0.085, 10440, 0.0025
20, 0.4, 31, 0.03249999999999989, 11242, 0.0025
20, 0.4, 31, 0.03249999999999989, 11353, 0.0025
20, 0.4, 31, 0.03249999999999989, 11469, 0.0025
20, 0.4, 31, 0.03249999999999989, 11580, 0.0025
20, 0.4, 31, 0.03249999999999989, 11581, 0.0025
20, 0.4, 31, 0.03249999999999989, 11582, 0.0025
20, 0.4, 31, 0.03249999999999989, 11694, 0.0025
20, 0.4, 31, 0.03249999999999989, 11695, 0.0025
20, 0.4, 31, 0.03249999999999989, 11696, 0.0025
20, 0.4, 31, 0.03249999999999989, 11807, 0.0025
20, 0.4, 31, 0.03249999999999989, 11808, 0.0025
20, 0.4, 31, 0.03249999999999989, 11809, 0.0025
20, 0.4, 31, 0.03249999999999989, 11810, 0.0025
20, 0.4, 31, 0.03249999999999989, 11921, 0.0025
20, 0.4, 34, 0.03249999999999999, 15478, 0.0025
20, 0.4, 34, 0.03249999999999999, 15479, 0.0025
20, 0.4, 34, 0.03249999999999999, 15708, 0.0025
20, 0.4, 34, 0.03249999999999999, 15710, 0.0025
20, 0.4, 34, 0.03249999999999999, 15828, 0.0025
20, 0.4, 34, 0.03249999999999999, 15829, 0.0025
20, 0.4, 34, 0.03249999999999999, 15830, 0.0025
20, 0.4, 34, 0.03249999999999999, 16065, 0.0025
20, 0.4, 34, 0.03249999999999999, 16181, 0.0025
20, 0.4, 34, 0.03249999999999999, 16182, 0.0025
20, 0.4, 34, 0.03249999999999999, 16299, 0.0025
20, 0.4, 34, 0.03249999999999999, 16411, 0.0025
20, 0.4, 38, 0.05999999999999994, 16659, 0.0025
20, 0.4, 38, 0.05999999999999994, 16660, 0.0025
20, 0.4, 41, 0.1099999999999999, 16755, 0.0025
20, 0.4, 38, 0.05999999999999994, 16762, 0.0025
20, 0.4, 41, 0.1099999999999999, 16870, 0.0025
20, 0.4, 38, 0.05999999999999994, 16879, 0.0025
20, 0.4, 38, 0.05999999999999994, 16990, 0.0025
20, 0.4, 38, 0.05999999999999994, 16991, 0.0025
20, 0.4, 38, 0.05999999999999994, 16992, 0.0025
20, 0.4, 41, 0.1099999999999999, 17087, 0.0025
20, 0.4, 41, 0.1099999999999999, 17091, 0.0025
20, 0.4, 41, 0.1099999999999999, 17092, 0.0025
20, 0.4, 38, 0.05999999999999994, 17098, 0.0025
20, 0.4, 41, 0.1099999999999999, 17190, 0.0025
20, 0.4, 41, 0.1099999999999999, 17197, 0.0025
20, 0.4, 38, 0.05999999999999994, 17201, 0.0025
20, 0.4, 38, 0.05999999999999994, 17203, 0.0025
20, 0.4, 38, 0.05999999999999994, 17204, 0.0025
20, 0.4, 41, 0.1099999999999999, 17293, 0.0025
20, 0.4, 41, 0.1099999999999999, 17295, 0.0025
20, 0.4, 41, 0.1099999999999999, 17299, 0.0025
20, 0.4, 41, 0.1099999999999999, 17301, 0.0025
20, 0.4, 41, 0.1099999999999999, 17303, 0.0025
20, 0.4, 38, 0.05999999999999994, 17304, 0.0025
20, 0.4, 38, 0.05999999999999994, 17305, 0.0025
20, 0.4, 38, 0.05999999999999994, 17306, 0.0025
20, 0.4, 34, 0.03249999999999999, 17383, 0.0025
20, 0.4, 41, 0.1099999999999999, 17395, 0.0025
20, 0.4, 41, 0.1099999999999999, 17401, 0.0025
20, 0.4, 41, 0.1099999999999999, 17402, 0.0025
20, 0.4, 41, 0.1099999999999999, 17404, 0.0025
20, 0.4, 41, 0.1099999999999999, 17405, 0.0025
20, 0.4, 38, 0.05999999999999994, 17407, 0.0025
20, 0.4, 38, 0.05999999999999994, 17408, 0.0025
20, 0.4, 38, 0.05999999999999994, 17409, 0.0025
20, 0.4, 38, 0.05999999999999994, 17413, 0.0025
20, 0.4, 34, 0.03249999999999999, 17487, 0.0025
20, 0.4, 41, 0.1099999999999999, 17503, 0.0025
20, 0.4, 41, 0.1099999999999999, 17504, 0.0025
20, 0.4, 41, 0.1099999999999999, 17505, 0.0025
20, 0.4, 41, 0.1099999999999999, 17506, 0.0025
20, 0.4, 41, 0.1099999999999999, 17508, 0.0025
20, 0.4, 41, 0.1099999999999999, 17509, 0.0025
20, 0.4, 38, 0.05999999999999994, 17512, 0.0025
20, 0.4, 41, 0.1099999999999999, 17602, 0.0025
20, 0.4, 41, 0.1099999999999999, 17603, 0.0025
20, 0.4, 41, 0.1099999999999999, 17604, 0.0025
20, 0.4, 41, 0.1099999999999999, 17605, 0.0025
20, 0.4, 41, 0.1099999999999999, 17606, 0.0025
20, 0.4, 41, 0.1099999999999999, 17607, 0.0025
20, 0.4, 41, 0.1099999999999999, 17609, 0.0025
20, 0.4, 38, 0.05999999999999994, 17612, 0.0025
20, 0.4, 38, 0.05999999999999994, 17613, 0.0025
20, 0.4, 38, 0.05999999999999994, 17614, 0.0025
20, 0.4, 41, 0.1099999999999999, 17696, 0.0025
20, 0.4, 41, 0.1099999999999999, 17699, 0.0025
20, 0.4, 41, 0.1099999999999999, 17700, 0.0025
20, 0.4, 41, 0.1099999999999999, 17703, 0.0025
20, 0.4, 38, 0.05999999999999994, 17708, 0.0025
20, 0.4, 38, 0.05999999999999994, 17709, 0.0025
20, 0.4, 41, 0.1099999999999999, 17791, 0.0025
20, 0.4, 41, 0.1099999999999999, 17793, 0.0025
20, 0.4, 41, 0.1099999999999999, 17795, 0.0025
20, 0.4, 41, 0.1099999999999999, 17797, 0.0025
20, 0.4, 38, 0.05999999999999994, 17800, 0.0025
20, 0.4, 41, 0.1099999999999999, 17889, 0.0025
20, 0.4, 41, 0.1099999999999999, 17976, 0.0025
20, 0.4, 41, 0.1099999999999999, 17978, 0.0025
20, 0.4, 41, 0.1099999999999999, 17982, 0.0025
20, 0.4, 41, 0.1099999999999999, 18060, 0.0025
20, 0.4, 41, 0.1099999999999999, 18062, 0.0025
20, 0.4, 41, 0.1099999999999999, 18149, 0.0025
20, 0.4, 98, 0.05249999999999996, 48314, 0.0025
20, 0.4, 98, 0.05249999999999996, 48978, 0.0025
20, 0.4, 98, 0.05249999999999996, 48979, 0.0025
20, 0.4, 98, 0.05249999999999996, 49250, 0.0025
20, 0.4, 98, 0.05249999999999996, 49251, 0.0025
20, 0.4, 98, 0.05249999999999996, 49253, 0.0025
20, 0.4, 98, 0.05249999999999996, 49377, 0.0025
20, 0.4, 98, 0.05249999999999996, 49511, 0.0025
20, 0.4, 98, 0.05249999999999996, 49516, 0.0025
20, 0.4, 98, 0.05249999999999996, 49650, 0.0025
20, 0.4, 98, 0.05249999999999996, 49651, 0.0025
20, 0.4, 98, 0.05249999999999996, 49785, 0.0025
20, 0.4, 98, 0.05249999999999996, 49920, 0.0025
20, 0.4, 98, 0.05249999999999996, 49921, 0.0025
20, 0.4, 98, 0.05249999999999996, 50062, 0.0025
20, 0.4, 98, 0.05249999999999996, 50063, 0.0025
20, 0.4, 98, 0.05249999999999996, 50064, 0.0025
20, 0.4, 98, 0.05249999999999996, 50065, 0.0025
20, 0.4, 98, 0.05249999999999996, 50066, 0.0025
20, 0.4, 98, 0.05249999999999996, 50208, 0.0025
20, 0.4, 98, 0.05249999999999996, 50350, 0.0025
20, 0.4, 98, 0.05249999999999996, 50627, 0.0025
20, 0.4, 121, 0.03249999999999999, 55186, 0.0025
20, 0.4, 121, 0.03249999999999999, 55326, 0.0025
20, 0.4, 121, 0.03249999999999999, 55330, 0.0025
20, 0.4, 121, 0.03249999999999999, 55617, 0.0025
20, 0.4, 121, 0.03249999999999999, 55756, 0.0025
20, 0.4, 121, 0.03249999999999999, 55757, 0.0025
20, 0.4, 121, 0.03249999999999999, 55759, 0.0025
20, 0.4, 121, 0.03249999999999999, 55902, 0.0025
20, 0.4, 121, 0.03249999999999999, 55903, 0.0025
20, 0.4, 121, 0.03249999999999999, 55904, 0.0025
20, 0.4, 116, 0.03500000000000008, 56389, 0.0025
20, 0.4, 121, 0.03249999999999999, 56487, 0.0025
20, 0.4, 116, 0.03500000000000008, 56537, 0.0025
20, 0.4, 116, 0.03500000000000008, 56538, 0.0025
20, 0.4, 121, 0.03249999999999999, 56633, 0.0025
20, 0.4, 121, 0.03249999999999999, 56783, 0.0025
20, 0.4, 121, 0.03249999999999999, 56784, 0.0025
20, 0.4, 116, 0.03500000000000008, 56835, 0.0025
20, 0.4, 116, 0.03500000000000008, 56983, 0.0025
20, 0.4, 116, 0.03500000000000008, 57435, 0.0025
20, 0.4, 116, 0.03500000000000008, 57589, 0.0025
20, 0.4, 116, 0.03500000000000008, 58372, 0.0025
20, 0.4, 116, 0.03500000000000008, 58374, 0.0025
20, 0.4, 116, 0.03500000000000008, 58535, 0.0025
20, 0.4, 116, 0.03500000000000008, 58536, 0.0025
20, 0.4, 116, 0.03500000000000008, 58537, 0.0025
20, 0.4, 116, 0.03500000000000008, 58702, 0.0025
20, 0.4, 116, 0.03500000000000008, 58703, 0.0025
20, 0.4, 116, 0.03500000000000008, 59042, 0.0025
20, 0.4, 137, 0.03499999999999998, 62910, 0.0025
20, 0.4, 137, 0.03499999999999998, 63254, 0.0025
20, 0.4, 137, 0.03499999999999998, 63421, 0.0025
20, 0.4, 137, 0.03499999999999998, 63422, 0.0025
20, 0.4, 137, 0.03499999999999998, 63423, 0.0025
20, 0.4, 137, 0.03499999999999998, 63587, 0.0025
20, 0.4, 137, 0.03499999999999998, 63592, 0.0025
20, 0.4, 137, 0.03499999999999998, 63757, 0.0025
20, 0.4, 137, 0.03499999999999998, 63919, 0.0025
20, 0.4, 137, 0.03499999999999998, 63920, 0.0025
20, 0.4, 133, 0.0325, 63922, 0.0025
20, 0.4, 133, 0.0325, 63923, 0.0025
20, 0.4, 137, 0.03499999999999998, 64080, 0.0025
20, 0.4, 137, 0.03499999999999998, 64081, 0.0025
20, 0.4, 137, 0.03499999999999998, 64082, 0.0025
20, 0.4, 133, 0.0325, 64098, 0.0025
20, 0.4, 133, 0.0325, 64258, 0.0025
20, 0.4, 133, 0.0325, 64259, 0.0025
20, 0.4, 137, 0.03499999999999998, 64400, 0.0025
20, 0.4, 133, 0.0325, 64403, 0.0025
20, 0.4, 133, 0.0325, 64404, 0.0025
20, 0.4, 133, 0.0325, 64415, 0.0025
20, 0.4, 133, 0.0325, 64572, 0.0025
20, 0.4, 137, 0.03499999999999998, 64712, 0.0025
20, 0.4, 133, 0.0325, 64726, 0.0025
20, 0.4, 133, 0.0325, 64878, 0.0025
20, 0.4, 133, 0.0325, 65029, 0.0025
20, 0.4, 133, 0.0325, 65177, 0.0025
20, 0.4, 133, 0.0325, 65178, 0.0025
20, 0.4, 144, 0.05, 65835, 0.0025
20, 0.4, 144, 0.05, 65836, 0.0025
20, 0.4, 144, 0.05, 65837, 0.0025
20, 0.4, 144, 0.05, 65975, 0.0025
20, 0.4, 144, 0.05, 65976, 0.0025
20, 0.4, 144, 0.05, 65977, 0.0025
20, 0.4, 144, 0.05, 65978, 0.0025
20, 0.4, 144, 0.05, 66113, 0.0025
20, 0.4, 144, 0.05, 66118, 0.0025
20, 0.4, 144, 0.05, 66249, 0.0025
20, 0.4, 144, 0.05, 66251, 0.0025
20, 0.4, 144, 0.05, 66258, 0.0025
20, 0.4, 144, 0.05, 66259, 0.0025
20, 0.4, 144, 0.05, 66387, 0.0025
20, 0.4, 144, 0.05, 66390, 0.0025
20, 0.4, 144, 0.05, 66393, 0.0025
20, 0.4, 144, 0.05, 66523, 0.0025
20, 0.4, 144, 0.05, 66524, 0.0025
20, 0.4, 144, 0.05, 66787, 0.0025
20, 0.4, 144, 0.05, 66788, 0.0025
20, 0.4, 144, 0.05, 66915, 0.0025
20, 0.45, 1, 0.07499999999999993, 761, 0.0025
20, 0.45, 1, 0.07499999999999993, 762, 0.0025
20, 0.45, 1, 0.07499999999999993, 817, 0.0025
20, 0.45, 1, 0.07499999999999993, 818, 0.0025
20, 0.45, 1, 0.07499999999999993, 875, 0.0025
20, 0.45, 1, 0.07499999999999993, 876, 0.0025
20, 0.45, 1, 0.07499999999999993, 877, 0.0025
20, 0.45, 1, 0.07499999999999993, 936, 0.0025
20, 0.45, 1, 0.07499999999999993, 937, 0.0025
20, 0.45, 1, 0.07499999999999993, 938, 0.0025
20, 0.45, 1, 0.07499999999999993, 1331, 0.0025
20, 0.45, 1, 0.07499999999999993, 1332, 0.0025
20, 0.45, 1, 0.07499999999999993, 1333, 0.0025
20, 0.45, 1, 0.07499999999999993, 1334, 0.0025
20, 0.45, 1, 0.07499999999999993, 1406, 0.0025
20, 0.45, 1, 0.07499999999999993, 1407, 0.0025
20, 0.45, 1, 0.07499999999999993, 1408, 0.0025
20, 0.45, 1, 0.07499999999999993, 1409, 0.0025
20, 0.45, 1, 0.07499999999999993, 1410, 0.0025
20, 0.45, 1, 0.07499999999999993, 1482, 0.0025
20, 0.45, 1, 0.07499999999999993, 1483, 0.0025
20, 0.45, 1, 0.07499999999999993, 1484, 0.0025
20, 0.45, 1, 0.07499999999999993, 1485, 0.0025
20, 0.45, 1, 0.07499999999999993, 1486, 0.0025
20, 0.45, 2, 0.0325, 1551, 0.0025
20, 0.45, 1, 0.07499999999999993, 1560, 0.0025
20, 0.45, 1, 0.07499999999999993, 1561, 0.0025
20, 0.45, 1, 0.07499999999999993, 1562, 0.0025
20, 0.45, 1, 0.07499999999999993, 1563, 0.0025
20, 0.45, 1, 0.07499999999999993, 1641, 0.0025
20, 0.45, 1, 0.07499999999999993, 1642, 0.0025
20, 0.45, 2, 0.0325, 1712, 0.0025
20, 0.45, 1, 0.07499999999999993, 1724, 0.0025
20, 0.45, 2, 0.0325, 1884, 0.0025
20, 0.45, 2, 0.0325, 1971, 0.0025
20, 0.45, 2, 0.0325, 1972, 0.0025
20, 0.45, 2, 0.0325, 1973, 0.0025
20, 0.45, 2, 0.0325, 1974, 0.0025
20, 0.45, 2, 0.0325, 2064, 0.0025
20, 0.45, 2, 0.0325, 2065, 0.0025
20, 0.45, 2, 0.0325, 2066, 0.0025
20, 0.45, 2, 0.0325, 2067, 0.0025
20, 0.45, 2, 0.0325, 2160, 0.0025
20, 0.45, 2, 0.0325, 2161, 0.0025
20, 0.45, 2, 0.0325, 2259, 0.0025
20, 0.45, 5, 0.0325, 2535, 0.0025
20, 0.45, 5, 0.0325, 2536, 0.0025
20, 0.45, 5, 0.0325, 2537, 0.0025
20, 0.45, 5, 0.0325, 3273, 0.0025
20, 0.45, 5, 0.0325, 3274, 0.0025
20, 0.45, 5, 0.0325, 3275, 0.0025
20, 0.45, 5, 0.0325, 3382, 0.0025
20, 0.45, 5, 0.0325, 3383, 0.0025
20, 0.45, 5, 0.0325, 3493, 0.0025
20, 0.45, 5, 0.0325, 3494, 0.0025
20, 0.45, 5, 0.0325, 3604, 0.0025
20, 0.45, 5, 0.0325, 3715, 0.0025
20, 0.45, 5, 0.0325, 3716, 0.0025
20, 0.45, 5, 0.0325, 3943, 0.0025
20, 0.45, 16, 0.0325, 5678, 0.0025
20, 0.45, 16, 0.0325, 5806, 0.0025
20, 0.45, 16, 0.0325, 5934, 0.0025
20, 0.45, 16, 0.0325, 6063, 0.0025
20, 0.45, 16, 0.0325, 6192, 0.0025
20, 0.45, 9, 0.03249999999999989, 6210, 0.0025
20, 0.45, 9, 0.03249999999999989, 6211, 0.0025
20, 0.45, 9, 0.03249999999999989, 6212, 0.0025
20, 0.45, 9, 0.03249999999999989, 6213, 0.0025
20, 0.45, 16, 0.0325, 6323, 0.0025
20, 0.45, 9, 0.03249999999999989, 6342, 0.0025
20, 0.45, 9, 0.03249999999999989, 6343, 0.0025
20, 0.45, 9, 0.03249999999999989, 6344, 0.0025
20, 0.45, 9, 0.03249999999999989, 6345, 0.0025
20, 0.45, 9, 0.03249999999999989, 6346, 0.0025
20, 0.45, 9, 0.03249999999999989, 6347, 0.0025
20, 0.45, 16, 0.0325, 6454, 0.0025
20, 0.45, 19, 0.1424999999999999, 6474, 0.0025
20, 0.45, 9, 0.03249999999999989, 6476, 0.0025
20, 0.45, 9, 0.03249999999999989, 6477, 0.0025
20, 0.45, 9, 0.03249999999999989, 6478, 0.0025
20, 0.45, 16, 0.0325, 6586, 0.0025
20, 0.45, 14, 0.0325, 6601, 0.0025
20, 0.45, 19, 0.1424999999999999, 6604, 0.0025
20, 0.45, 19, 0.1424999999999999, 6605, 0.0025
20, 0.45, 19, 0.1424999999999999, 6606, 0.0025
20, 0.45, 19, 0.1424999999999999, 6607, 0.0025
20, 0.45, 19, 0.1424999999999999, 6608, 0.0025
20, 0.45, 9, 0.03249999999999989, 6611, 0.0025
20, 0.45, 16, 0.0325, 6719, 0.0025
20, 0.45, 14, 0.0325, 6733, 0.0025
20, 0.45, 14, 0.0325, 6734, 0.0025
20, 0.45, 19, 0.1424999999999999, 6737, 0.0025
20, 0.45, 19, 0.1424999999999999, 6738, 0.0025
20, 0.45, 19, 0.1424999999999999, 6739, 0.0025
20, 0.45, 19, 0.1424999999999999, 6740, 0.0025
20, 0.45, 19, 0.1424999999999999, 6741, 0.0025
20, 0.45, 16, 0.0325, 6852, 0.0025
20, 0.45, 14, 0.0325, 6866, 0.0025
20, 0.45, 14, 0.0325, 6867, 0.0025
20, 0.45, 19, 0.1424999999999999, 6869, 0.0025
20, 0.45, 19, 0.1424999999999999, 6870, 0.0025
20, 0.45, 19, 0.1424999999999999, 6871, 0.0025
20, 0.45, 19, 0.1424999999999999, 6872, 0.0025
20, 0.45, 19, 0.1424999999999999, 6873, 0.0025
20, 0.45, 19, 0.1424999999999999, 6874, 0.0025
20, 0.45, 19, 0.1424999999999999, 6875, 0.0025
20, 0.45, 18, 0.03249999999999989, 6878, 0.0025
20, 0.45, 16, 0.0325, 6986, 0.0025
20, 0.45, 14, 0.0325, 6999, 0.0025
20, 0.45, 14, 0.0325, 7000, 0.0025
20, 0.45, 19, 0.1424999999999999, 7004, 0.0025
20, 0.45, 19, 0.1424999999999999, 7005, 0.0025
20, 0.45, 19, 0.1424999999999999, 7006, 0.0025
20, 0.45, 19, 0.1424999999999999, 7007, 0.0025
20, 0.45, 19, 0.1424999999999999, 7008, 0.0025
20, 0.45, 19, 0.1424999999999999, 7009, 0.0025
20, 0.45, 18, 0.03249999999999989, 7012, 0.0025
20, 0.45, 16, 0.0325, 7119, 0.0025
20, 0.45, 16, 0.0325, 7120, 0.0025
20, 0.45, 14, 0.0325, 7133, 0.0025
20, 0.45, 14, 0.0325, 7134, 0.0025
20, 0.45, 19, 0.1424999999999999, 7137, 0.0025
20, 0.45, 19, 0.1424999999999999, 7138, 0.0025
20, 0.45, 19, 0.1424999999999999, 7139, 0.0025
20, 0.45, 19, 0.1424999999999999, 7140, 0.0025
20, 0.45, 19, 0.1424999999999999, 7141, 0.0025
20, 0.45, 19, 0.1424999999999999, 7142, 0.0025
20, 0.45, 19, 0.1424999999999999, 7143, 0.0025
20, 0.45, 19, 0.1424999999999999, 7144, 0.0025
20, 0.45, 18, 0.03249999999999989, 7146, 0.0025
20, 0.45, 18, 0.03249999999999989, 7147, 0.0025
20, 0.45, 16, 0.0325, 7256, 0.0025
20, 0.45, 14, 0.0325, 7269, 0.0025
20, 0.45, 14, 0.0325, 7270, 0.0025
20, 0.45, 19, 0.1424999999999999, 7272, 0.0025
20, 0.45, 19, 0.1424999999999999, 7273, 0.0025
20, 0.45, 19, 0.1424999999999999, 7274, 0.0025
20, 0.45, 19, 0.1424999999999999, 7275, 0.0025
20, 0.45, 19, 0.1424999999999999, 7276, 0.0025
20, 0.45, 19, 0.1424999999999999, 7277, 0.0025
20, 0.45, 19, 0.1424999999999999, 7278, 0.0025
20, 0.45, 19, 0.1424999999999999, 7279, 0.0025
20, 0.45, 18, 0.03249999999999989, 7282, 0.0025
20, 0.45, 18, 0.03249999999999989, 7283, 0.0025
20, 0.45, 19, 0.1424999999999999, 7408, 0.0025
20, 0.45, 19, 0.1424999999999999, 7409, 0.0025
20, 0.45, 19, 0.1424999999999999, 7410, 0.0025
20, 0.45, 19, 0.1424999999999999, 7411, 0.0025
20, 0.45, 19, 0.1424999999999999, 7412, 0.0025
20, 0.45, 19, 0.1424999999999999, 7413, 0.0025
20, 0.45, 19, 0.1424999999999999, 7414, 0.0025
20, 0.45, 19, 0.1424999999999999, 7415, 0.0025
20, 0.45, 18, 0.03249999999999989, 7418, 0.0025
20, 0.45, 14, 0.0325, 7542, 0.0025
20, 0.45, 14, 0.0325, 7543, 0.0025
20, 0.45, 19, 0.1424999999999999, 7546, 0.0025
20, 0.45, 19, 0.1424999999999999, 7547, 0.0025
20, 0.45, 19, 0.1424999999999999, 7548, 0.0025
20, 0.45, 19, 0.1424999999999999, 7549, 0.0025
20, 0.45, 19, 0.1424999999999999, 7550, 0.0025
20, 0.45, 19, 0.1424999999999999, 7551, 0.0025
20, 0.45, 19, 0.1424999999999999, 7552, 0.0025
20, 0.45, 18, 0.03249999999999989, 7555, 0.0025
20, 0.45, 18, 0.03249999999999989, 7556, 0.0025
20, 0.45, 14, 0.0325, 7681, 0.0025
20, 0.45, 19, 0.1424999999999999, 7684, 0.0025
20, 0.45, 19, 0.1424999999999999, 7687, 0.0025
20, 0.45, 19, 0.1424999999999999, 7688, 0.0025
20, 0.45, 18, 0.03249999999999989, 7693, 0.0025
20, 0.45, 18, 0.03249999999999989, 7694, 0.0025
20, 0.45, 18, 0.03249999999999989, 7832, 0.0025
20, 0.45, 18, 0.03249999999999989, 7971, 0.0025
20, 0.45, 18, 0.03249999999999989, 7972, 0.0025
20, 0.45, 25, 0.08499999999999971, 9428, 0.0025
20, 0.45, 25, 0.08499999999999971, 9577, 0.0025
20, 0.45, 25, 0.08499999999999971, 9578, 0.0025
20, 0.45, 25, 0.08499999999999971, 9717, 0.0025
20, 0.45, 25, 0.08499999999999971, 9718, 0.0025
20, 0.45, 25, 0.08499999999999971, 9719, 0.0025
20, 0.45, 25, 0.08499999999999971, 9720, 0.0025
20, 0.45, 25, 0.08499999999999971, 9847, 0.0025
20, 0.45, 25, 0.08499999999999971, 9849, 0.0025
20, 0.45, 25, 0.08499999999999971, 9850, 0.0025
20, 0.45, 25, 0.08499999999999971, 9851, 0.0025
20, 0.45, 25, 0.08499999999999971, 9852, 0.0025
20, 0.45, 25, 0.08499999999999971, 9975, 0.0025
20, 0.45, 25, 0.08499999999999971, 9976, 0.0025
20, 0.45, 25, 0.08499999999999971, 9977, 0.0025
20, 0.45, 25, 0.08499999999999971, 10090, 0.0025
20, 0.45, 25, 0.08499999999999971, 10093, 0.0025
20, 0.45, 25, 0.08499999999999971, 10095, 0.0025
20, 0.45, 25, 0.08499999999999971, 10096, 0.0025
20, 0.45, 25, 0.08499999999999971, 10097, 0.0025
20, 0.45, 25, 0.08499999999999971, 10203, 0.0025
20, 0.45, 25, 0.08499999999999971, 10204, 0.0025
20, 0.45, 25, 0.08499999999999971, 10205, 0.0025
20, 0.45, 25, 0.08499999999999971, 10206, 0.0025
20, 0.45, 25, 0.08499999999999971, 10210, 0.0025
20, 0.45, 25, 0.08499999999999971, 10211, 0.0025
20, 0.45, 25, 0.08499999999999971, 10319, 0.0025
20, 0.45, 25, 0.08499999999999971, 10321, 0.0025
20, 0.45, 25, 0.08499999999999971, 10322, 0.0025
20, 0.45, 25, 0.08499999999999971, 10323, 0.0025
20, 0.45, 25, 0.08499999999999971, 10324, 0.0025
20, 0.45, 25, 0.08499999999999971, 10437, 0.0025
20, 0.45, 25, 0.08499999999999971, 10438, 0.0025
20, 0.45, 25, 0.08499999999999971, 10439, 0.0025
20, 0.45, 25, 0.08499999999999971, 10440, 0.0025
20, 0.45, 31, 0.03249999999999989, 11242, 0.0025
20, 0.45, 31, 0.03249999999999989, 11353, 0.0025
20, 0.45, 31, 0.03249999999999989, 11469, 0.0025
20, 0.45, 31, 0.03249999999999989, 11580, 0.0025
20, 0.45, 31, 0.03249999999999989, 11581, 0.0025
20, 0.45, 31, 0.03249999999999989, 11582, 0.0025
20, 0.45, 31, 0.03249999999999989, 11694, 0.0025
20, 0.45, 31, 0.03249999999999989, 11695, 0.0025
20, 0.45, 31, 0.03249999999999989, 11696, 0.0025
20, 0.45, 31, 0.03249999999999989, 11807, 0.0025
20, 0.45, 31, 0.03249999999999989, 11808, 0.0025
20, 0.45, 31, 0.03249999999999989, 11809, 0.0025
20, 0.45, 31, 0.03249999999999989, 11810, 0.0025
20, 0.45, 31, 0.03249999999999989, 11921, 0.0025
20, 0.45, 34, 0.03249999999999997, 15478, 0.0025
20, 0.45, 34, 0.03249999999999997, 15479, 0.0025
20, 0.45, 34, 0.03249999999999997, 15708, 0.0025
20, 0.45, 34, 0.03249999999999997, 15710, 0.0025
20, 0.45, 34, 0.03249999999999997, 15828, 0.0025
20, 0.45, 34, 0.03249999999999997, 15829, 0.0025
20, 0.45, 34, 0.03249999999999997, 15830, 0.0025
20, 0.45, 34, 0.03249999999999997, 16065, 0.0025
20, 0.45, 34, 0.03249999999999997, 16181, 0.0025
20, 0.45, 34, 0.03249999999999997, 16182, 0.0025
20, 0.45, 34, 0.03249999999999997, 16299, 0.0025
20, 0.45, 34, 0.03249999999999997, 16411, 0.0025
20, 0.45, 38, 0.06249999999999994, 16659, 0.0025
20, 0.45, 38, 0.06249999999999994, 16660, 0.0025
20, 0.45, 41, 0.1049999999999999, 16755, 0.0025
20, 0.45, 38, 0.06249999999999994, 16762, 0.0025
20, 0.45, 41, 0.1049999999999999, 16870, 0.0025
20, 0.45, 38, 0.06249999999999994, 16879, 0.0025
20, 0.45, 38, 0.06249999999999994, 16990, 0.0025
20, 0.45, 38, 0.06249999999999994, 16991, 0.0025
20, 0.45, 38, 0.06249999999999994, 16992, 0.0025
20, 0.45, 41, 0.1049999999999999, 17087, 0.0025
20, 0.45, 41, 0.1049999999999999, 17091, 0.0025
20, 0.45, 41, 0.1049999999999999, 17092, 0.0025
20, 0.45, 38, 0.06249999999999994, 17098, 0.0025
20, 0.45, 41, 0.1049999999999999, 17190, 0.0025
20, 0.45, 41, 0.1049999999999999, 17197, 0.0025
20, 0.45, 38, 0.06249999999999994, 17201, 0.0025
20, 0.45, 38, 0.06249999999999994, 17203, 0.0025
20, 0.45, 38, 0.06249999999999994, 17204, 0.0025
20, 0.45, 41, 0.1049999999999999, 17293, 0.0025
20, 0.45, 41, 0.1049999999999999, 17295, 0.0025
20, 0.45, 41, 0.1049999999999999, 17299, 0.0025
20, 0.45, 41, 0.1049999999999999, 17301, 0.0025
20, 0.45, 41, 0.1049999999999999, 17303, 0.0025
20, 0.45, 38, 0.06249999999999994, 17304, 0.0025
20, 0.45, 38, 0.06249999999999994, 17305, 0.0025
20, 0.45, 38, 0.06249999999999994, 17306, 0.0025
20, 0.45, 38, 0.06249999999999994, 17310, 0.0025
20, 0.45, 34, 0.03249999999999997, 17383, 0.0025
20, 0.45, 41, 0.1049999999999999, 17395, 0.0025
20, 0.45, 41, 0.1049999999999999, 17401, 0.0025
20, 0.45, 41, 0.1049999999999999, 17402, 0.0025
20, 0.45, 41, 0.1049999999999999, 17404, 0.0025
20, 0.45, 41, 0.1049999999999999, 17405, 0.0025
20, 0.45, 38, 0.06249999999999994, 17407, 0.0025
20, 0.45, 38, 0.06249999999999994, 17408, 0.0025
20, 0.45, 38, 0.06249999999999994, 17409, 0.0025
20, 0.45, 38, 0.06249999999999994, 17413, 0.0025
20, 0.45, 34, 0.03249999999999997, 17487, 0.0025
20, 0.45, 41, 0.1049999999999999, 17503, 0.0025
20, 0.45, 41, 0.1049999999999999, 17504, 0.0025
20, 0.45, 41, 0.1049999999999999, 17505, 0.0025
20, 0.45, 41, 0.1049999999999999, 17506, 0.0025
20, 0.45, 41, 0.1049999999999999, 17508, 0.0025
20, 0.45, 41, 0.1049999999999999, 17509, 0.0025
20, 0.45, 38, 0.06249999999999994, 17512, 0.0025
20, 0.45, 41, 0.1049999999999999, 17602, 0.0025
20, 0.45, 41, 0.1049999999999999, 17603, 0.0025
20, 0.45, 41, 0.1049999999999999, 17604, 0.0025
20, 0.45, 41, 0.1049999999999999, 17605, 0.0025
20, 0.45, 41, 0.1049999999999999, 17606, 0.0025
20, 0.45, 41, 0.1049999999999999, 17607, 0.0025
20, 0.45, 41, 0.1049999999999999, 17609, 0.0025
20, 0.45, 38, 0.06249999999999994, 17612, 0.0025
20, 0.45, 38, 0.06249999999999994, 17613, 0.0025
20, 0.45, 38, 0.06249999999999994, 17614, 0.0025
20, 0.45, 41, 0.1049999999999999, 17699, 0.0025
20, 0.45, 41, 0.1049999999999999, 17700, 0.0025
20, 0.45, 41, 0.1049999999999999, 17703, 0.0025
20, 0.45, 38, 0.06249999999999994, 17708, 0.0025
20, 0.45, 38, 0.06249999999999994, 17709, 0.0025
20, 0.45, 41, 0.1049999999999999, 17791, 0.0025
20, 0.45, 41, 0.1049999999999999, 17793, 0.0025
20, 0.45, 41, 0.1049999999999999, 17795, 0.0025
20, 0.45, 41, 0.1049999999999999, 17797, 0.0025
20, 0.45, 38, 0.06249999999999994, 17800, 0.0025
20, 0.45, 41, 0.1049999999999999, 17976, 0.0025
20, 0.45, 41, 0.1049999999999999, 17978, 0.0025
20, 0.45, 41, 0.1049999999999999, 17982, 0.0025
20, 0.45, 41, 0.1049999999999999, 18060, 0.0025
20, 0.45, 41, 0.1049999999999999, 18062, 0.0025
20, 0.45, 41, 0.1049999999999999, 18149, 0.0025
20, 0.45, 98, 0.05249999999999996, 48314, 0.0025
20, 0.45, 98, 0.05249999999999996, 48978, 0.0025
20, 0.45, 98, 0.05249999999999996, 48979, 0.0025
20, 0.45, 98, 0.05249999999999996, 49250, 0.0025
20, 0.45, 98, 0.05249999999999996, 49251, 0.0025
20, 0.45, 98, 0.05249999999999996, 49253, 0.0025
20, 0.45, 98, 0.05249999999999996, 49377, 0.0025
20, 0.45, 98, 0.05249999999999996, 49511, 0.0025
20, 0.45, 98, 0.05249999999999996, 49516, 0.0025
20, 0.45, 98, 0.05249999999999996, 49650, 0.0025
20, 0.45, 98, 0.05249999999999996, 49651, 0.0025
20, 0.45, 98, 0.05249999999999996, 49785, 0.0025
20, 0.45, 98, 0.05249999999999996, 49920, 0.0025
20, 0.45, 98, 0.05249999999999996, 49921, 0.0025
20, 0.45, 98, 0.05249999999999996, 50062, 0.0025
20, 0.45, 98, 0.05249999999999996, 50063, 0.0025
20, 0.45, 98, 0.05249999999999996, 50064, 0.0025
20, 0.45, 98, 0.05249999999999996, 50065, 0.0025
20, 0.45, 98, 0.05249999999999996, 50066, 0.0025
20, 0.45, 98, 0.05249999999999996, 50208, 0.0025
20, 0.45, 98, 0.05249999999999996, 50350, 0.0025
20, 0.45, 98, 0.05249999999999996, 50627, 0.0025
20, 0.45, 105, 0.03249999999999995, 51484, 0.0025
20, 0.45, 105, 0.03249999999999995, 51485, 0.0025
20, 0.45, 105, 0.03249999999999995, 51622, 0.0025
20, 0.45, 105, 0.03249999999999995, 51624, 0.0025
20, 0.45, 105, 0.03249999999999995, 51764, 0.0025
20, 0.45, 105, 0.03249999999999995, 51901, 0.0025
20, 0.45, 105, 0.03249999999999995, 52041, 0.0025
20, 0.45, 105, 0.03249999999999995, 52184, 0.0025
20, 0.45, 105, 0.03249999999999995, 52329, 0.0025
20, 0.45, 105, 0.03249999999999995, 52473, 0.0025
20, 0.45, 105, 0.03249999999999995, 52614, 0.0025
20, 0.45, 105, 0.03249999999999995, 52754, 0.0025
20, 0.45, 105, 0.03249999999999995, 52755, 0.0025
20, 0.45, 105, 0.03249999999999995, 53028, 0.0025
20, 0.45, 121, 0.03249999999999999, 55186, 0.0025
20, 0.45, 121, 0.03249999999999999, 55326, 0.0025
20, 0.45, 121, 0.03249999999999999, 55330, 0.0025
20, 0.45, 121, 0.03249999999999999, 55617, 0.0025
20, 0.45, 121, 0.03249999999999999, 55756, 0.0025
20, 0.45, 121, 0.03249999999999999, 55757, 0.0025
20, 0.45, 121, 0.03249999999999999, 55759, 0.0025
20, 0.45, 121, 0.03249999999999999, 55902, 0.0025
20, 0.45, 121, 0.03249999999999999, 55903, 0.0025
20, 0.45, 121, 0.03249999999999999, 55904, 0.0025
20, 0.45, 121, 0.03249999999999999, 56487, 0.0025
20, 0.45, 121, 0.03249999999999999, 56633, 0.0025
20, 0.45, 121, 0.03249999999999999, 56783, 0.0025
20, 0.45, 121, 0.03249999999999999, 56784, 0.0025
20, 0.45, 137, 0.03500000000000002, 62910, 0.0025
20, 0.45, 137, 0.03500000000000002, 63254, 0.0025
20, 0.45, 137, 0.03500000000000002, 63421, 0.0025
20, 0.45, 137, 0.03500000000000002, 63422, 0.0025
20, 0.45, 137, 0.03500000000000002, 63423, 0.0025
20, 0.45, 137, 0.03500000000000002, 63587, 0.0025
20, 0.45, 137, 0.03500000000000002, 63592, 0.0025
20, 0.45, 137, 0.03500000000000002, 63757, 0.0025
20, 0.45, 131, 0.03500000000000002, 63886, 0.0025
20, 0.45, 137, 0.03500000000000002, 63919, 0.0025
20, 0.45, 137, 0.03500000000000002, 63920, 0.0025
20, 0.45, 133, 0.0325, 63922, 0.0025
20, 0.45, 133, 0.0325, 63923, 0.0025
20, 0.45, 137, 0.03500000000000002, 64080, 0.0025
20, 0.45, 137, 0.03500000000000002, 64081, 0.0025
20, 0.45, 137, 0.03500000000000002, 64082, 0.0025
20, 0.45, 133, 0.0325, 64098, 0.0025
20, 0.45, 131, 0.03500000000000002, 64207, 0.0025
20, 0.45, 131, 0.03500000000000002, 64208, 0.0025
20, 0.45, 131, 0.03500000000000002, 64209, 0.0025
20, 0.45, 131, 0.03500000000000002, 64211, 0.0025
20, 0.45, 131, 0.03500000000000002, 64212, 0.0025
20, 0.45, 131, 0.03500000000000002, 64213, 0.0025
20, 0.45, 133, 0.0325, 64258, 0.0025
20, 0.45, 133, 0.0325, 64259, 0.0025
20, 0.45, 131, 0.03500000000000002, 64368, 0.0025
20, 0.45, 131, 0.03500000000000002, 64369, 0.0025
20, 0.45, 131, 0.03500000000000002, 64370, 0.0025
20, 0.45, 131, 0.03500000000000002, 64371, 0.0025
20, 0.45, 137, 0.03500000000000002, 64400, 0.0025
20, 0.45, 133, 0.0325, 64403, 0.0025
20, 0.45, 133, 0.0325, 64404, 0.0025
20, 0.45, 133, 0.0325, 64415, 0.0025
20, 0.45, 131, 0.03500000000000002, 64526, 0.0025
20, 0.45, 131, 0.03500000000000002, 64527, 0.0025
20, 0.45, 133, 0.0325, 64572, 0.0025
20, 0.45, 131, 0.03500000000000002, 64677, 0.0025
20, 0.45, 131, 0.03500000000000002, 64678, 0.0025
20, 0.45, 137, 0.03500000000000002, 64712, 0.0025
20, 0.45, 133, 0.0325, 64726, 0.0025
20, 0.45, 133, 0.0325, 64878, 0.0025
20, 0.45, 133, 0.0325, 65029, 0.0025
20, 0.45, 133, 0.0325, 65177, 0.0025
20, 0.45, 133, 0.0325, 65178, 0.0025
20, 0.45, 144, 0.05, 65835, 0.0025
20, 0.45, 144, 0.05, 65836, 0.0025
20, 0.45, 144, 0.05, 65837, 0.0025
20, 0.45, 144, 0.05, 65975, 0.0025
20, 0.45, 144, 0.05, 65976, 0.0025
20, 0.45, 144, 0.05, 65977, 0.0025
20, 0.45, 144, 0.05, 65978, 0.0025
20, 0.45, 144, 0.05, 66113, 0.0025
20, 0.45, 144, 0.05, 66118, 0.0025
20, 0.45, 144, 0.05, 66249, 0.0025
20, 0.45, 144, 0.05, 66251, 0.0025
20, 0.45, 144, 0.05, 66258, 0.0025
20, 0.45, 144, 0.05, 66259, 0.0025
20, 0.45, 144, 0.05, 66387, 0.0025
20, 0.45, 144, 0.05, 66390, 0.0025
20, 0.45, 144, 0.05, 66393, 0.0025
20, 0.45, 144, 0.05, 66523, 0.0025
20, 0.45, 144, 0.05, 66524, 0.0025
20, 0.45, 144, 0.05, 66787, 0.0025
20, 0.45, 144, 0.05, 66788, 0.0025
20, 0.45, 144, 0.05, 66915, 0.0025
20, 0.5, 1, 0.05999999999999997, 876, 0.0025
20, 0.5, 1, 0.05999999999999997, 877, 0.0025
20, 0.5, 1, 0.05999999999999997, 937, 0.0025
20, 0.5, 1, 0.05999999999999997, 938, 0.0025
20, 0.5, 1, 0.05999999999999997, 1331, 0.0025
20, 0.5, 1, 0.05999999999999997, 1332, 0.0025
20, 0.5, 1, 0.05999999999999997, 1333, 0.0025
20, 0.5, 1, 0.05999999999999997, 1334, 0.0025
20, 0.5, 1, 0.05999999999999997, 1406, 0.0025
20, 0.5, 1, 0.05999999999999997, 1407, 0.0025
20, 0.5, 1, 0.05999999999999997, 1408, 0.0025
20, 0.5, 1, 0.05999999999999997, 1409, 0.0025
20, 0.5, 1, 0.05999999999999997, 1410, 0.0025
20, 0.5, 1, 0.05999999999999997, 1482, 0.0025
20, 0.5, 1, 0.05999999999999997, 1483, 0.0025
20, 0.5, 1, 0.05999999999999997, 1484, 0.0025
20, 0.5, 1, 0.05999999999999997, 1485, 0.0025
20, 0.5, 1, 0.05999999999999997, 1486, 0.0025
20, 0.5, 2, 0.03250000000000047, 1551, 0.0025
20, 0.5, 1, 0.05999999999999997, 1560, 0.0025
20, 0.5, 1, 0.05999999999999997, 1561, 0.0025
20, 0.5, 1, 0.05999999999999997, 1562, 0.0025
20, 0.5, 1, 0.05999999999999997, 1563, 0.0025
20, 0.5, 1, 0.05999999999999997, 1641, 0.0025
20, 0.5, 1, 0.05999999999999997, 1642, 0.0025
20, 0.5, 2, 0.03250000000000047, 1712, 0.0025
20, 0.5, 1, 0.05999999999999997, 1724, 0.0025
20, 0.5, 2, 0.03250000000000047, 1884, 0.0025
20, 0.5, 2, 0.03250000000000047, 1971, 0.0025
20, 0.5, 2, 0.03250000000000047, 1972, 0.0025
20, 0.5, 2, 0.03250000000000047, 1973, 0.0025
20, 0.5, 2, 0.03250000000000047, 1974, 0.0025
20, 0.5, 2, 0.03250000000000047, 2064, 0.0025
20, 0.5, 2, 0.03250000000000047, 2065, 0.0025
20, 0.5, 2, 0.03250000000000047, 2066, 0.0025
20, 0.5, 2, 0.03250000000000047, 2067, 0.0025
20, 0.5, 10, 0.0325, 2101, 0.0025
20, 0.5, 2, 0.03250000000000047, 2160, 0.0025
20, 0.5, 2, 0.03250000000000047, 2161, 0.0025
20, 0.5, 2, 0.03250000000000047, 2259, 0.0025
20, 0.5, 10, 0.0325, 2399, 0.0025
20, 0.5, 10, 0.0325, 2400, 0.0025
20, 0.5, 5, 0.0325, 2535, 0.0025
20, 0.5, 5, 0.0325, 2536, 0.0025
20, 0.5, 5, 0.0325, 2537, 0.0025
20, 0.5, 10, 0.0325, 2604, 0.0025
20, 0.5, 10, 0.0325, 2605, 0.0025
20, 0.5, 10, 0.0325, 2813, 0.0025
20, 0.5, 10, 0.0325, 2815, 0.0025
20, 0.5, 10, 0.0325, 2920, 0.0025
20, 0.5, 10, 0.0325, 3136, 0.0025
20, 0.5, 10, 0.0325, 3243, 0.0025
20, 0.5, 5, 0.0325, 3273, 0.0025
20, 0.5, 5, 0.0325, 3274, 0.0025
20, 0.5, 5, 0.0325, 3275, 0.0025
20, 0.5, 10, 0.0325, 3352, 0.0025
20, 0.5, 5, 0.0325, 3382, 0.0025
20, 0.5, 5, 0.0325, 3383, 0.0025
20, 0.5, 5, 0.0325, 3493, 0.0025
20, 0.5, 5, 0.0325, 3494, 0.0025
20, 0.5, 10, 0.0325, 3575, 0.0025
20, 0.5, 5, 0.0325, 3604, 0.0025
20, 0.5, 10, 0.0325, 3686, 0.0025
20, 0.5, 5, 0.0325, 3715, 0.0025
20, 0.5, 5, 0.0325, 3716, 0.0025
20, 0.5, 10, 0.0325, 3802, 0.0025
20, 0.5, 5, 0.0325, 3943, 0.0025
20, 0.5, 16, 0.0325, 5678, 0.0025
20, 0.5, 16, 0.0325, 5806, 0.0025
20, 0.5, 16, 0.0325, 5934, 0.0025
20, 0.5, 16, 0.0325, 6063, 0.0025
20, 0.5, 16, 0.0325, 6192, 0.0025
20, 0.5, 9, 0.0325, 6210, 0.0025
20, 0.5, 9, 0.0325, 6211, 0.0025
20, 0.5, 9, 0.0325, 6212, 0.0025
20, 0.5, 9, 0.0325, 6213, 0.0025
20, 0.5, 16, 0.0325, 6323, 0.0025
20, 0.5, 9, 0.0325, 6342, 0.0025
20, 0.5, 9, 0.0325, 6343, 0.0025
20, 0.5, 9, 0.0325, 6344, 0.0025
20, 0.5, 9, 0.0325, 6345, 0.0025
20, 0.5, 9, 0.0325, 6346, 0.0025
20, 0.5, 9, 0.0325, 6347, 0.0025
20, 0.5, 16, 0.0325, 6454, 0.0025
20, 0.5, 19, 0.1449999999999999, 6474, 0.0025
20, 0.5, 9, 0.0325, 6476, 0.0025
20, 0.5, 9, 0.0325, 6477, 0.0025
20, 0.5, 9, 0.0325, 6478, 0.0025
20, 0.5, 16, 0.0325, 6586, 0.0025
20, 0.5, 14, 0.03250000000000047, 6601, 0.0025
20, 0.5, 19, 0.1449999999999999, 6604, 0.0025
20, 0.5, 19, 0.1449999999999999, 6605, 0.0025
20, 0.5, 19, 0.1449999999999999, 6606, 0.0025
20, 0.5, 19, 0.1449999999999999, 6607, 0.0025
20, 0.5, 19, 0.1449999999999999, 6608, 0.0025
20, 0.5, 9, 0.0325, 6611, 0.0025
20, 0.5, 16, 0.0325, 6719, 0.0025
20, 0.5, 14, 0.03250000000000047, 6733, 0.0025
20, 0.5, 14, 0.03250000000000047, 6734, 0.0025
20, 0.5, 19, 0.1449999999999999, 6737, 0.0025
20, 0.5, 19, 0.1449999999999999, 6738, 0.0025
20, 0.5, 19, 0.1449999999999999, 6739, 0.0025
20, 0.5, 19, 0.1449999999999999, 6740, 0.0025
20, 0.5, 19, 0.1449999999999999, 6741, 0.0025
20, 0.5, 16, 0.0325, 6852, 0.0025
20, 0.5, 14, 0.03250000000000047, 6866, 0.0025
20, 0.5, 14, 0.03250000000000047, 6867, 0.0025
20, 0.5, 19, 0.1449999999999999, 6869, 0.0025
20, 0.5, 19, 0.1449999999999999, 6870, 0.0025
20, 0.5, 19, 0.1449999999999999, 6871, 0.0025
20, 0.5, 19, 0.1449999999999999, 6872, 0.0025
20, 0.5, 19, 0.1449999999999999, 6873, 0.0025
20, 0.5, 19, 0.1449999999999999, 6874, 0.0025
20, 0.5, 19, 0.1449999999999999, 6875, 0.0025
20, 0.5, 16, 0.0325, 6986, 0.0025
20, 0.5, 14, 0.03250000000000047, 6999, 0.0025
20, 0.5, 14, 0.03250000000000047, 7000, 0.0025
20, 0.5, 19, 0.1449999999999999, 7004, 0.0025
20, 0.5, 19, 0.1449999999999999, 7005, 0.0025
20, 0.5, 19, 0.1449999999999999, 7006, 0.0025
20, 0.5, 19, 0.1449999999999999, 7007, 0.0025
20, 0.5, 19, 0.1449999999999999, 7008, 0.0025
20, 0.5, 19, 0.1449999999999999, 7009, 0.0025
20, 0.5, 16, 0.0325, 7119, 0.0025
20, 0.5, 16, 0.0325, 7120, 0.0025
20, 0.5, 14, 0.03250000000000047, 7133, 0.0025
20, 0.5, 14, 0.03250000000000047, 7134, 0.0025
20, 0.5, 19, 0.1449999999999999, 7137, 0.0025
20, 0.5, 19, 0.1449999999999999, 7138, 0.0025
20, 0.5, 19, 0.1449999999999999, 7139, 0.0025
20, 0.5, 19, 0.1449999999999999, 7140, 0.0025
20, 0.5, 19, 0.1449999999999999, 7141, 0.0025
20, 0.5, 19, 0.1449999999999999, 7142, 0.0025
20, 0.5, 19, 0.1449999999999999, 7143, 0.0025
20, 0.5, 19, 0.1449999999999999, 7144, 0.0025
20, 0.5, 16, 0.0325, 7256, 0.0025
20, 0.5, 14, 0.03250000000000047, 7269, 0.0025
20, 0.5, 14, 0.03250000000000047, 7270, 0.0025
20, 0.5, 19, 0.1449999999999999, 7272, 0.0025
20, 0.5, 19, 0.1449999999999999, 7273, 0.0025
20, 0.5, 19, 0.1449999999999999, 7274, 0.0025
20, 0.5, 19, 0.1449999999999999, 7275, 0.0025
20, 0.5, 19, 0.1449999999999999, 7276, 0.0025
20, 0.5, 19, 0.1449999999999999, 7277, 0.0025
20, 0.5, 19, 0.1449999999999999, 7278, 0.0025
20, 0.5, 19, 0.1449999999999999, 7279, 0.0025
20, 0.5, 19, 0.1449999999999999, 7280, 0.0025
20, 0.5, 19, 0.1449999999999999, 7408, 0.0025
20, 0.5, 19, 0.1449999999999999, 7409, 0.0025
20, 0.5, 19, 0.1449999999999999, 7410, 0.0025
20, 0.5, 19, 0.1449999999999999, 7411, 0.0025
20, 0.5, 19, 0.1449999999999999, 7412, 0.0025
20, 0.5, 19, 0.1449999999999999, 7413, 0.0025
20, 0.5, 19, 0.1449999999999999, 7414, 0.0025
20, 0.5, 19, 0.1449999999999999, 7415, 0.0025
20, 0.5, 14, 0.03250000000000047, 7542, 0.0025
20, 0.5, 14, 0.03250000000000047, 7543, 0.0025
20, 0.5, 19, 0.1449999999999999, 7546, 0.0025
20, 0.5, 19, 0.1449999999999999, 7547, 0.0025
20, 0.5, 19, 0.1449999999999999, 7548, 0.0025
20, 0.5, 19, 0.1449999999999999, 7549, 0.0025
20, 0.5, 19, 0.1449999999999999, 7550, 0.0025
20, 0.5, 19, 0.1449999999999999, 7551, 0.0025
20, 0.5, 19, 0.1449999999999999, 7552, 0.0025
20, 0.5, 14, 0.03250000000000047, 7681, 0.0025
20, 0.5, 19, 0.1449999999999999, 7684, 0.0025
20, 0.5, 19, 0.1449999999999999, 7687, 0.0025
20, 0.5, 19, 0.1449999999999999, 7688, 0.0025
20, 0.5, 25, 0.08249999999999998, 9428, 0.0025
20, 0.5, 25, 0.08249999999999998, 9577, 0.0025
20, 0.5, 25, 0.08249999999999998, 9578, 0.0025
20, 0.5, 25, 0.08249999999999998, 9717, 0.0025
20, 0.5, 25, 0.08249999999999998, 9718, 0.0025
20, 0.5, 25, 0.08249999999999998, 9719, 0.0025
20, 0.5, 25, 0.08249999999999998, 9720, 0.0025
20, 0.5, 25, 0.08249999999999998, 9847, 0.0025
20, 0.5, 25, 0.08249999999999998, 9849, 0.0025
20, 0.5, 25, 0.08249999999999998, 9850, 0.0025
20, 0.5, 25, 0.08249999999999998, 9851, 0.0025
20, 0.5, 25, 0.08249999999999998, 9852, 0.0025
20, 0.5, 25, 0.08249999999999998, 9975, 0.0025
20, 0.5, 25, 0.08249999999999998, 9976, 0.0025
20, 0.5, 25, 0.08249999999999998, 9977, 0.0025
20, 0.5, 25, 0.08249999999999998, 10090, 0.0025
20, 0.5, 25, 0.08249999999999998, 10093, 0.0025
20, 0.5, 25, 0.08249999999999998, 10095, 0.0025
20, 0.5, 25, 0.08249999999999998, 10096, 0.0025
20, 0.5, 25, 0.08249999999999998, 10097, 0.0025
20, 0.5, 25, 0.08249999999999998, 10203, 0.0025
20, 0.5, 25, 0.08249999999999998, 10204, 0.0025
20, 0.5, 25, 0.08249999999999998, 10205, 0.0025
20, 0.5, 25, 0.08249999999999998, 10206, 0.0025
20, 0.5, 25, 0.08249999999999998, 10210, 0.0025
20, 0.5, 25, 0.08249999999999998, 10211, 0.0025
20, 0.5, 25, 0.08249999999999998, 10319, 0.0025
20, 0.5, 25, 0.08249999999999998, 10321, 0.0025
20, 0.5, 25, 0.08249999999999998, 10322, 0.0025
20, 0.5, 25, 0.08249999999999998, 10323, 0.0025
20, 0.5, 25, 0.08249999999999998, 10324, 0.0025
20, 0.5, 25, 0.08249999999999998, 10437, 0.0025
20, 0.5, 25, 0.08249999999999998, 10438, 0.0025
20, 0.5, 25, 0.08249999999999998, 10439, 0.0025
20, 0.5, 31, 0.03500000000000029, 11242, 0.0025
20, 0.5, 31, 0.03500000000000029, 11353, 0.0025
20, 0.5, 31, 0.03500000000000029, 11469, 0.0025
20, 0.5, 31, 0.03500000000000029, 11580, 0.0025
20, 0.5, 31, 0.03500000000000029, 11581, 0.0025
20, 0.5, 31, 0.03500000000000029, 11582, 0.0025
20, 0.5, 31, 0.03500000000000029, 11694, 0.0025
20, 0.5, 31, 0.03500000000000029, 11695, 0.0025
20, 0.5, 31, 0.03500000000000029, 11696, 0.0025
20, 0.5, 31, 0.03500000000000029, 11807, 0.0025
20, 0.5, 31, 0.03500000000000029, 11808, 0.0025
20, 0.5, 31, 0.03500000000000029, 11809, 0.0025
20, 0.5, 31, 0.03500000000000029, 11810, 0.0025
20, 0.5, 31, 0.03500000000000029, 11920, 0.0025
20, 0.5, 31, 0.03500000000000029, 11921, 0.0025
20, 0.5, 34, 0.0325, 15478, 0.0025
20, 0.5, 34, 0.0325, 15479, 0.0025
20, 0.5, 34, 0.0325, 15708, 0.0025
20, 0.5, 34, 0.0325, 15710, 0.0025
20, 0.5, 34, 0.0325, 15828, 0.0025
20, 0.5, 34, 0.0325, 15829, 0.0025
20, 0.5, 34, 0.0325, 15830, 0.0025
20, 0.5, 34, 0.0325, 16065, 0.0025
20, 0.5, 34, 0.0325, 16181, 0.0025
20, 0.5, 34, 0.0325, 16182, 0.0025
20, 0.5, 34, 0.0325, 16299, 0.0025
20, 0.5, 34, 0.0325, 16411, 0.0025
20, 0.5, 38, 0.05999999999999996, 16659, 0.0025
20, 0.5, 38, 0.05999999999999996, 16660, 0.0025
20, 0.5, 41, 0.09749999999999988, 16755, 0.0025
20, 0.5, 38, 0.05999999999999996, 16762, 0.0025
20, 0.5, 38, 0.05999999999999996, 16879, 0.0025
20, 0.5, 38, 0.05999999999999996, 16990, 0.0025
20, 0.5, 38, 0.05999999999999996, 16991, 0.0025
20, 0.5, 38, 0.05999999999999996, 16992, 0.0025
20, 0.5, 41, 0.09749999999999988, 17087, 0.0025
20, 0.5, 41, 0.09749999999999988, 17091, 0.0025
20, 0.5, 41, 0.09749999999999988, 17092, 0.0025
20, 0.5, 38, 0.05999999999999996, 17098, 0.0025
20, 0.5, 41, 0.09749999999999988, 17190, 0.0025
20, 0.5, 41, 0.09749999999999988, 17197, 0.0025
20, 0.5, 38, 0.05999999999999996, 17201, 0.0025
20, 0.5, 38, 0.05999999999999996, 17203, 0.0025
20, 0.5, 38, 0.05999999999999996, 17204, 0.0025
20, 0.5, 41, 0.09749999999999988, 17293, 0.0025
20, 0.5, 41, 0.09749999999999988, 17295, 0.0025
20, 0.5, 41, 0.09749999999999988, 17299, 0.0025
20, 0.5, 41, 0.09749999999999988, 17301, 0.0025
20, 0.5, 38, 0.05999999999999996, 17304, 0.0025
20, 0.5, 38, 0.05999999999999996, 17305, 0.0025
20, 0.5, 38, 0.05999999999999996, 17306, 0.0025
20, 0.5, 34, 0.0325, 17383, 0.0025
20, 0.5, 41, 0.09749999999999988, 17395, 0.0025
20, 0.5, 41, 0.09749999999999988, 17401, 0.0025
20, 0.5, 41, 0.09749999999999988, 17402, 0.0025
20, 0.5, 41, 0.09749999999999988, 17404, 0.0025
20, 0.5, 41, 0.09749999999999988, 17405, 0.0025
20, 0.5, 38, 0.05999999999999996, 17407, 0.0025
20, 0.5, 38, 0.05999999999999996, 17408, 0.0025
20, 0.5, 38, 0.05999999999999996, 17409, 0.0025
20, 0.5, 38, 0.05999999999999996, 17413, 0.0025
20, 0.5, 34, 0.0325, 17487, 0.0025
20, 0.5, 41, 0.09749999999999988, 17503, 0.0025
20, 0.5, 41, 0.09749999999999988, 17504, 0.0025
20, 0.5, 41, 0.09749999999999988, 17505, 0.0025
20, 0.5, 41, 0.09749999999999988, 17506, 0.0025
20, 0.5, 41, 0.09749999999999988, 17508, 0.0025
20, 0.5, 41, 0.09749999999999988, 17509, 0.0025
20, 0.5, 38, 0.05999999999999996, 17512, 0.0025
20, 0.5, 41, 0.09749999999999988, 17602, 0.0025
20, 0.5, 41, 0.09749999999999988, 17603, 0.0025
20, 0.5, 41, 0.09749999999999988, 17604, 0.0025
20, 0.5, 41, 0.09749999999999988, 17605, 0.0025
20, 0.5, 41, 0.09749999999999988, 17606, 0.0025
20, 0.5, 41, 0.09749999999999988, 17607, 0.0025
20, 0.5, 38, 0.05999999999999996, 17612, 0.0025
20, 0.5, 38, 0.05999999999999996, 17613, 0.0025
20, 0.5, 38, 0.05999999999999996, 17614, 0.0025
20, 0.5, 41, 0.09749999999999988, 17699, 0.0025
20, 0.5, 41, 0.09749999999999988, 17700, 0.0025
20, 0.5, 41, 0.09749999999999988, 17703, 0.0025
20, 0.5, 38, 0.05999999999999996, 17708, 0.0025
20, 0.5, 38, 0.05999999999999996, 17709, 0.0025
20, 0.5, 41, 0.09749999999999988, 17791, 0.0025
20, 0.5, 41, 0.09749999999999988, 17793, 0.0025
20, 0.5, 41, 0.09749999999999988, 17795, 0.0025
20, 0.5, 41, 0.09749999999999988, 17797, 0.0025
20, 0.5, 38, 0.05999999999999996, 17800, 0.0025
20, 0.5, 41, 0.09749999999999988, 17976, 0.0025
20, 0.5, 41, 0.09749999999999988, 17978, 0.0025
20, 0.5, 41, 0.09749999999999988, 17982, 0.0025
20, 0.5, 41, 0.09749999999999988, 18060, 0.0025
20, 0.5, 41, 0.09749999999999988, 18062, 0.0025
20, 0.5, 41, 0.09749999999999988, 18149, 0.0025
20, 0.5, 98, 0.05250000000000006, 48314, 0.0025
20, 0.5, 98, 0.05250000000000006, 48978, 0.0025
20, 0.5, 98, 0.05250000000000006, 48979, 0.0025
20, 0.5, 98, 0.05250000000000006, 49250, 0.0025
20, 0.5, 98, 0.05250000000000006, 49251, 0.0025
20, 0.5, 98, 0.05250000000000006, 49253, 0.0025
20, 0.5, 98, 0.05250000000000006, 49377, 0.0025
20, 0.5, 98, 0.05250000000000006, 49511, 0.0025
20, 0.5, 98, 0.05250000000000006, 49516, 0.0025
20, 0.5, 98, 0.05250000000000006, 49650, 0.0025
20, 0.5, 98, 0.05250000000000006, 49651, 0.0025
20, 0.5, 98, 0.05250000000000006, 49785, 0.0025
20, 0.5, 98, 0.05250000000000006, 49920, 0.0025
20, 0.5, 98, 0.05250000000000006, 49921, 0.0025
20, 0.5, 98, 0.05250000000000006, 50062, 0.0025
20, 0.5, 98, 0.05250000000000006, 50063, 0.0025
20, 0.5, 98, 0.05250000000000006, 50064, 0.0025
20, 0.5, 98, 0.05250000000000006, 50065, 0.0025
20, 0.5, 98, 0.05250000000000006, 50066, 0.0025
20, 0.5, 98, 0.05250000000000006, 50208, 0.0025
20, 0.5, 98, 0.05250000000000006, 50350, 0.0025
20, 0.5, 98, 0.05250000000000006, 50627, 0.0025
20, 0.5, 105, 0.03249999999999999, 51484, 0.0025
20, 0.5, 105, 0.03249999999999999, 51485, 0.0025
20, 0.5, 105, 0.03249999999999999, 51622, 0.0025
20, 0.5, 105, 0.03249999999999999, 51624, 0.0025
20, 0.5, 105, 0.03249999999999999, 51764, 0.0025
20, 0.5, 105, 0.03249999999999999, 51901, 0.0025
20, 0.5, 105, 0.03249999999999999, 52041, 0.0025
20, 0.5, 105, 0.03249999999999999, 52184, 0.0025
20, 0.5, 105, 0.03249999999999999, 52329, 0.0025
20, 0.5, 105, 0.03249999999999999, 52473, 0.0025
20, 0.5, 105, 0.03249999999999999, 52614, 0.0025
20, 0.5, 105, 0.03249999999999999, 52754, 0.0025
20, 0.5, 105, 0.03249999999999999, 52755, 0.0025
20, 0.5, 105, 0.03249999999999999, 53028, 0.0025
20, 0.5, 121, 0.0325, 55186, 0.0025
20, 0.5, 121, 0.0325, 55326, 0.0025
20, 0.5, 121, 0.0325, 55330, 0.0025
20, 0.5, 121, 0.0325, 55617, 0.0025
20, 0.5, 121, 0.0325, 55756, 0.0025
20, 0.5, 121, 0.0325, 55757, 0.0025
20, 0.5, 121, 0.0325, 55759, 0.0025
20, 0.5, 121, 0.0325, 55902, 0.0025
20, 0.5, 121, 0.0325, 55903, 0.0025
20, 0.5, 121, 0.0325, 55904, 0.0025
20, 0.5, 116, 0.03249999999999999, 56389, 0.0025
20, 0.5, 121, 0.0325, 56487, 0.0025
20, 0.5, 116, 0.03249999999999999, 56537, 0.0025
20, 0.5, 116, 0.03249999999999999, 56538, 0.0025
20, 0.5, 121, 0.0325, 56633, 0.0025
20, 0.5, 121, 0.0325, 56783, 0.0025
20, 0.5, 121, 0.0325, 56784, 0.0025
20, 0.5, 116, 0.03249999999999999, 56835, 0.0025
20, 0.5, 116, 0.03249999999999999, 56983, 0.0025
20, 0.5, 116, 0.03249999999999999, 57589, 0.0025
20, 0.5, 116, 0.03249999999999999, 58372, 0.0025
20, 0.5, 116, 0.03249999999999999, 58374, 0.0025
20, 0.5, 116, 0.03249999999999999, 58535, 0.0025
20, 0.5, 116, 0.03249999999999999, 58536, 0.0025
20, 0.5, 116, 0.03249999999999999, 58537, 0.0025
20, 0.5, 116, 0.03249999999999999, 58702, 0.0025
20, 0.5, 116, 0.03249999999999999, 58703, 0.0025
20, 0.5, 116, 0.03249999999999999, 59042, 0.0025
20, 0.5, 137, 0.05999999999999998, 62563, 0.0025
20, 0.5, 137, 0.05999999999999998, 62564, 0.0025
20, 0.5, 137, 0.05999999999999998, 62739, 0.0025
20, 0.5, 137, 0.05999999999999998, 62740, 0.0025
20, 0.5, 137, 0.05999999999999998, 62910, 0.0025
20, 0.5, 137, 0.05999999999999998, 62911, 0.0025
20, 0.5, 137, 0.05999999999999998, 62913, 0.0025
20, 0.5, 137, 0.05999999999999998, 63087, 0.0025
20, 0.5, 137, 0.05999999999999998, 63088, 0.0025
20, 0.5, 137, 0.05999999999999998, 63254, 0.0025
20, 0.5, 137, 0.05999999999999998, 63255, 0.0025
20, 0.5, 137, 0.05999999999999998, 63258, 0.0025
20, 0.5, 137, 0.05999999999999998, 63421, 0.0025
20, 0.5, 137, 0.05999999999999998, 63422, 0.0025
20, 0.5, 137, 0.05999999999999998, 63423, 0.0025
20, 0.5, 137, 0.05999999999999998, 63587, 0.0025
20, 0.5, 137, 0.05999999999999998, 63592, 0.0025
20, 0.5, 137, 0.05999999999999998, 63757, 0.0025
20, 0.5, 137, 0.05999999999999998, 63919, 0.0025
20, 0.5, 137, 0.05999999999999998, 63920, 0.0025
20, 0.5, 133, 0.0325, 63922, 0.0025
20, 0.5, 133, 0.0325, 63923, 0.0025
20, 0.5, 137, 0.05999999999999998, 64080, 0.0025
20, 0.5, 137, 0.05999999999999998, 64081, 0.0025
20, 0.5, 137, 0.05999999999999998, 64082, 0.0025
20, 0.5, 133, 0.0325, 64098, 0.0025
20, 0.5, 133, 0.0325, 64258, 0.0025
20, 0.5, 133, 0.0325, 64259, 0.0025
20, 0.5, 137, 0.05999999999999998, 64400, 0.0025
20, 0.5, 133, 0.0325, 64403, 0.0025
20, 0.5, 133, 0.0325, 64404, 0.0025
20, 0.5, 133, 0.0325, 64415, 0.0025
20, 0.5, 133, 0.0325, 64572, 0.0025
20, 0.5, 137, 0.05999999999999998, 64712, 0.0025
20, 0.5, 133, 0.0325, 64726, 0.0025
20, 0.5, 133, 0.0325, 64878, 0.0025
20, 0.5, 133, 0.0325, 65029, 0.0025
20, 0.5, 133, 0.0325, 65177, 0.0025
20, 0.5, 133, 0.0325, 65178, 0.0025
20, 0.5, 144, 0.05, 65835, 0.0025
20, 0.5, 144, 0.05, 65836, 0.0025
20, 0.5, 144, 0.05, 65837, 0.0025
20, 0.5, 144, 0.05, 65975, 0.0025
20, 0.5, 144, 0.05, 65976, 0.0025
20, 0.5, 144, 0.05, 65977, 0.0025
20, 0.5, 144, 0.05, 65978, 0.0025
20, 0.5, 144, 0.05, 66113, 0.0025
20, 0.5, 144, 0.05, 66118, 0.0025
20, 0.5, 144, 0.05, 66249, 0.0025
20, 0.5, 144, 0.05, 66251, 0.0025
20, 0.5, 144, 0.05, 66258, 0.0025
20, 0.5, 144, 0.05, 66259, 0.0025
20, 0.5, 144, 0.05, 66387, 0.0025
20, 0.5, 144, 0.05, 66390, 0.0025
20, 0.5, 144, 0.05, 66393, 0.0025
20, 0.5, 144, 0.05, 66523, 0.0025
20, 0.5, 144, 0.05, 66524, 0.0025
20, 0.5, 144, 0.05, 66787, 0.0025
20, 0.5, 144, 0.05, 66788, 0.0025
20, 0.5, 144, 0.05, 66915, 0.0025
20, 0.55, 1, 0.07000000000000225, 761, 0.0025
20, 0.55, 1, 0.07000000000000225, 762, 0.0025
20, 0.55, 1, 0.07000000000000225, 818, 0.0025
20, 0.55, 1, 0.07000000000000225, 876, 0.0025
20, 0.55, 1, 0.07000000000000225, 877, 0.0025
20, 0.55, 1, 0.07000000000000225, 936, 0.0025
20, 0.55, 1, 0.07000000000000225, 937, 0.0025
20, 0.55, 1, 0.07000000000000225, 938, 0.0025
20, 0.55, 1, 0.07000000000000225, 1331, 0.0025
20, 0.55, 1, 0.07000000000000225, 1332, 0.0025
20, 0.55, 1, 0.07000000000000225, 1333, 0.0025
20, 0.55, 1, 0.07000000000000225, 1334, 0.0025
20, 0.55, 1, 0.07000000000000225, 1406, 0.0025
20, 0.55, 1, 0.07000000000000225, 1407, 0.0025
20, 0.55, 1, 0.07000000000000225, 1408, 0.0025
20, 0.55, 1, 0.07000000000000225, 1409, 0.0025
20, 0.55, 1, 0.07000000000000225, 1410, 0.0025
20, 0.55, 1, 0.07000000000000225, 1482, 0.0025
20, 0.55, 1, 0.07000000000000225, 1483, 0.0025
20, 0.55, 1, 0.07000000000000225, 1484, 0.0025
20, 0.55, 1, 0.07000000000000225, 1485, 0.0025
20, 0.55, 1, 0.07000000000000225, 1486, 0.0025
20, 0.55, 2, 0.03249999999999992, 1551, 0.0025
20, 0.55, 1, 0.07000000000000225, 1560, 0.0025
20, 0.55, 1, 0.07000000000000225, 1561, 0.0025
20, 0.55, 1, 0.07000000000000225, 1562, 0.0025
20, 0.55, 1, 0.07000000000000225, 1563, 0.0025
20, 0.55, 1, 0.07000000000000225, 1641, 0.0025
20, 0.55, 1, 0.07000000000000225, 1642, 0.0025
20, 0.55, 2, 0.03249999999999992, 1712, 0.0025
20, 0.55, 1, 0.07000000000000225, 1724, 0.0025
20, 0.55, 2, 0.03249999999999992, 1884, 0.0025
20, 0.55, 2, 0.03249999999999992, 1971, 0.0025
20, 0.55, 2, 0.03249999999999992, 1972, 0.0025
20, 0.55, 2, 0.03249999999999992, 1973, 0.0025
20, 0.55, 2, 0.03249999999999992, 1974, 0.0025
20, 0.55, 2, 0.03249999999999992, 2064, 0.0025
20, 0.55, 2, 0.03249999999999992, 2065, 0.0025
20, 0.55, 2, 0.03249999999999992, 2066, 0.0025
20, 0.55, 2, 0.03249999999999992, 2067, 0.0025
20, 0.55, 10, 0.03249999999999999, 2101, 0.0025
20, 0.55, 2, 0.03249999999999992, 2160, 0.0025
20, 0.55, 2, 0.03249999999999992, 2161, 0.0025
20, 0.55, 2, 0.03249999999999992, 2259, 0.0025
20, 0.55, 10, 0.03249999999999999, 2399, 0.0025
20, 0.55, 10, 0.03249999999999999, 2400, 0.0025
20, 0.55, 5, 0.0325, 2535, 0.0025
20, 0.55, 5, 0.0325, 2536, 0.0025
20, 0.55, 5, 0.0325, 2537, 0.0025
20, 0.55, 10, 0.03249999999999999, 2604, 0.0025
20, 0.55, 10, 0.03249999999999999, 2605, 0.0025
20, 0.55, 10, 0.03249999999999999, 2813, 0.0025
20, 0.55, 10, 0.03249999999999999, 2815, 0.0025
20, 0.55, 10, 0.03249999999999999, 2920, 0.0025
20, 0.55, 10, 0.03249999999999999, 3136, 0.0025
20, 0.55, 10, 0.03249999999999999, 3243, 0.0025
20, 0.55, 5, 0.0325, 3273, 0.0025
20, 0.55, 5, 0.0325, 3274, 0.0025
20, 0.55, 5, 0.0325, 3275, 0.0025
20, 0.55, 10, 0.03249999999999999, 3352, 0.0025
20, 0.55, 5, 0.0325, 3382, 0.0025
20, 0.55, 5, 0.0325, 3383, 0.0025
20, 0.55, 5, 0.0325, 3493, 0.0025
20, 0.55, 5, 0.0325, 3494, 0.0025
20, 0.55, 10, 0.03249999999999999, 3575, 0.0025
20, 0.55, 5, 0.0325, 3604, 0.0025
20, 0.55, 10, 0.03249999999999999, 3686, 0.0025
20, 0.55, 5, 0.0325, 3715, 0.0025
20, 0.55, 5, 0.0325, 3716, 0.0025
20, 0.55, 10, 0.03249999999999999, 3802, 0.0025
20, 0.55, 5, 0.0325, 3943, 0.0025
20, 0.55, 16, 0.0325, 5678, 0.0025
20, 0.55, 16, 0.0325, 5806, 0.0025
20, 0.55, 16, 0.0325, 5934, 0.0025
20, 0.55, 16, 0.0325, 6063, 0.0025
20, 0.55, 16, 0.0325, 6192, 0.0025
20, 0.55, 16, 0.0325, 6323, 0.0025
20, 0.55, 16, 0.0325, 6454, 0.0025
20, 0.55, 19, 0.1475000000000016, 6474, 0.0025
20, 0.55, 19, 0.1475000000000016, 6475, 0.0025
20, 0.55, 16, 0.0325, 6586, 0.0025
20, 0.55, 14, 0.0325, 6601, 0.0025
20, 0.55, 19, 0.1475000000000016, 6604, 0.0025
20, 0.55, 19, 0.1475000000000016, 6605, 0.0025
20, 0.55, 19, 0.1475000000000016, 6606, 0.0025
20, 0.55, 19, 0.1475000000000016, 6607, 0.0025
20, 0.55, 19, 0.1475000000000016, 6608, 0.0025
20, 0.55, 16, 0.0325, 6719, 0.0025
20, 0.55, 14, 0.0325, 6733, 0.0025
20, 0.55, 14, 0.0325, 6734, 0.0025
20, 0.55, 19, 0.1475000000000016, 6737, 0.0025
20, 0.55, 19, 0.1475000000000016, 6738, 0.0025
20, 0.55, 19, 0.1475000000000016, 6739, 0.0025
20, 0.55, 19, 0.1475000000000016, 6740, 0.0025
20, 0.55, 19, 0.1475000000000016, 6741, 0.0025
20, 0.55, 16, 0.0325, 6852, 0.0025
20, 0.55, 14, 0.0325, 6866, 0.0025
20, 0.55, 14, 0.0325, 6867, 0.0025
20, 0.55, 19, 0.1475000000000016, 6869, 0.0025
20, 0.55, 19, 0.1475000000000016, 6870, 0.0025
20, 0.55, 19, 0.1475000000000016, 6871, 0.0025
20, 0.55, 19, 0.1475000000000016, 6872, 0.0025
20, 0.55, 19, 0.1475000000000016, 6873, 0.0025
20, 0.55, 19, 0.1475000000000016, 6874, 0.0025
20, 0.55, 19, 0.1475000000000016, 6875, 0.0025
20, 0.55, 16, 0.0325, 6986, 0.0025
20, 0.55, 14, 0.0325, 6999, 0.0025
20, 0.55, 14, 0.0325, 7000, 0.0025
20, 0.55, 19, 0.1475000000000016, 7004, 0.0025
20, 0.55, 19, 0.1475000000000016, 7005, 0.0025
20, 0.55, 19, 0.1475000000000016, 7006, 0.0025
20, 0.55, 19, 0.1475000000000016, 7007, 0.0025
20, 0.55, 19, 0.1475000000000016, 7008, 0.0025
20, 0.55, 19, 0.1475000000000016, 7009, 0.0025
20, 0.55, 16, 0.0325, 7119, 0.0025
20, 0.55, 16, 0.0325, 7120, 0.0025
20, 0.55, 14, 0.0325, 7133, 0.0025
20, 0.55, 14, 0.0325, 7134, 0.0025
20, 0.55, 19, 0.1475000000000016, 7137, 0.0025
20, 0.55, 19, 0.1475000000000016, 7138, 0.0025
20, 0.55, 19, 0.1475000000000016, 7139, 0.0025
20, 0.55, 19, 0.1475000000000016, 7140, 0.0025
20, 0.55, 19, 0.1475000000000016, 7141, 0.0025
20, 0.55, 19, 0.1475000000000016, 7142, 0.0025
20, 0.55, 19, 0.1475000000000016, 7143, 0.0025
20, 0.55, 19, 0.1475000000000016, 7144, 0.0025
20, 0.55, 16, 0.0325, 7256, 0.0025
20, 0.55, 14, 0.0325, 7269, 0.0025
20, 0.55, 14, 0.0325, 7270, 0.0025
20, 0.55, 19, 0.1475000000000016, 7272, 0.0025
20, 0.55, 19, 0.1475000000000016, 7273, 0.0025
20, 0.55, 19, 0.1475000000000016, 7274, 0.0025
20, 0.55, 19, 0.1475000000000016, 7275, 0.0025
20, 0.55, 19, 0.1475000000000016, 7276, 0.0025
20, 0.55, 19, 0.1475000000000016, 7277, 0.0025
20, 0.55, 19, 0.1475000000000016, 7278, 0.0025
20, 0.55, 19, 0.1475000000000016, 7279, 0.0025
20, 0.55, 19, 0.1475000000000016, 7280, 0.0025
20, 0.55, 19, 0.1475000000000016, 7408, 0.0025
20, 0.55, 19, 0.1475000000000016, 7409, 0.0025
20, 0.55, 19, 0.1475000000000016, 7410, 0.0025
20, 0.55, 19, 0.1475000000000016, 7411, 0.0025
20, 0.55, 19, 0.1475000000000016, 7412, 0.0025
20, 0.55, 19, 0.1475000000000016, 7413, 0.0025
20, 0.55, 19, 0.1475000000000016, 7414, 0.0025
20, 0.55, 19, 0.1475000000000016, 7415, 0.0025
20, 0.55, 14, 0.0325, 7542, 0.0025
20, 0.55, 14, 0.0325, 7543, 0.0025
20, 0.55, 19, 0.1475000000000016, 7546, 0.0025
20, 0.55, 19, 0.1475000000000016, 7547, 0.0025
20, 0.55, 19, 0.1475000000000016, 7548, 0.0025
20, 0.55, 19, 0.1475000000000016, 7549, 0.0025
20, 0.55, 19, 0.1475000000000016, 7550, 0.0025
20, 0.55, 19, 0.1475000000000016, 7551, 0.0025
20, 0.55, 19, 0.1475000000000016, 7552, 0.0025
20, 0.55, 14, 0.0325, 7681, 0.0025
20, 0.55, 19, 0.1475000000000016, 7684, 0.0025
20, 0.55, 19, 0.1475000000000016, 7687, 0.0025
20, 0.55, 19, 0.1475000000000016, 7688, 0.0025
20, 0.55, 25, 0.07499999999999912, 9428, 0.0025
20, 0.55, 25, 0.07499999999999912, 9577, 0.0025
20, 0.55, 25, 0.07499999999999912, 9578, 0.0025
20, 0.55, 25, 0.07499999999999912, 9717, 0.0025
20, 0.55, 25, 0.07499999999999912, 9718, 0.0025
20, 0.55, 25, 0.07499999999999912, 9719, 0.0025
20, 0.55, 25, 0.07499999999999912, 9720, 0.0025
20, 0.55, 25, 0.07499999999999912, 9847, 0.0025
20, 0.55, 25, 0.07499999999999912, 9849, 0.0025
20, 0.55, 25, 0.07499999999999912, 9850, 0.0025
20, 0.55, 25, 0.07499999999999912, 9851, 0.0025
20, 0.55, 25, 0.07499999999999912, 9852, 0.0025
20, 0.55, 25, 0.07499999999999912, 9975, 0.0025
20, 0.55, 25, 0.07499999999999912, 9976, 0.0025
20, 0.55, 25, 0.07499999999999912, 9977, 0.0025
20, 0.55, 25, 0.07499999999999912, 10090, 0.0025
20, 0.55, 25, 0.07499999999999912, 10093, 0.0025
20, 0.55, 25, 0.07499999999999912, 10095, 0.0025
20, 0.55, 25, 0.07499999999999912, 10096, 0.0025
20, 0.55, 25, 0.07499999999999912, 10203, 0.0025
20, 0.55, 25, 0.07499999999999912, 10204, 0.0025
20, 0.55, 25, 0.07499999999999912, 10205, 0.0025
20, 0.55, 25, 0.07499999999999912, 10206, 0.0025
20, 0.55, 25, 0.07499999999999912, 10319, 0.0025
20, 0.55, 25, 0.07499999999999912, 10321, 0.0025
20, 0.55, 25, 0.07499999999999912, 10322, 0.0025
20, 0.55, 25, 0.07499999999999912, 10323, 0.0025
20, 0.55, 25, 0.07499999999999912, 10324, 0.0025
20, 0.55, 25, 0.07499999999999912, 10437, 0.0025
20, 0.55, 25, 0.07499999999999912, 10438, 0.0025
20, 0.55, 25, 0.07499999999999912, 10439, 0.0025
20, 0.55, 31, 0.03500000000000012, 11242, 0.0025
20, 0.55, 31, 0.03500000000000012, 11353, 0.0025
20, 0.55, 31, 0.03500000000000012, 11469, 0.0025
20, 0.55, 31, 0.03500000000000012, 11580, 0.0025
20, 0.55, 31, 0.03500000000000012, 11581, 0.0025
20, 0.55, 31, 0.03500000000000012, 11582, 0.0025
20, 0.55, 31, 0.03500000000000012, 11694, 0.0025
20, 0.55, 31, 0.03500000000000012, 11695, 0.0025
20, 0.55, 31, 0.03500000000000012, 11696, 0.0025
20, 0.55, 31, 0.03500000000000012, 11807, 0.0025
20, 0.55, 31, 0.03500000000000012, 11808, 0.0025
20, 0.55, 31, 0.03500000000000012, 11809, 0.0025
20, 0.55, 31, 0.03500000000000012, 11810, 0.0025
20, 0.55, 31, 0.03500000000000012, 11920, 0.0025
20, 0.55, 31, 0.03500000000000012, 11921, 0.0025
20, 0.55, 34, 0.03249999999999999, 15478, 0.0025
20, 0.55, 34, 0.03249999999999999, 15479, 0.0025
20, 0.55, 34, 0.03249999999999999, 15708, 0.0025
20, 0.55, 34, 0.03249999999999999, 15710, 0.0025
20, 0.55, 34, 0.03249999999999999, 15828, 0.0025
20, 0.55, 34, 0.03249999999999999, 15829, 0.0025
20, 0.55, 34, 0.03249999999999999, 15830, 0.0025
20, 0.55, 34, 0.03249999999999999, 16065, 0.0025
20, 0.55, 34, 0.03249999999999999, 16181, 0.0025
20, 0.55, 34, 0.03249999999999999, 16182, 0.0025
20, 0.55, 34, 0.03249999999999999, 16299, 0.0025
20, 0.55, 34, 0.03249999999999999, 16411, 0.0025
20, 0.55, 38, 0.05999999999999976, 16659, 0.0025
20, 0.55, 38, 0.05999999999999976, 16660, 0.0025
20, 0.55, 41, 0.09, 16755, 0.0025
20, 0.55, 38, 0.05999999999999976, 16762, 0.0025
20, 0.55, 38, 0.05999999999999976, 16879, 0.0025
20, 0.55, 38, 0.05999999999999976, 16990, 0.0025
20, 0.55, 38, 0.05999999999999976, 16991, 0.0025
20, 0.55, 38, 0.05999999999999976, 16992, 0.0025
20, 0.55, 41, 0.09, 17087, 0.0025
20, 0.55, 41, 0.09, 17092, 0.0025
20, 0.55, 38, 0.05999999999999976, 17098, 0.0025
20, 0.55, 41, 0.09, 17190, 0.0025
20, 0.55, 41, 0.09, 17197, 0.0025
20, 0.55, 38, 0.05999999999999976, 17201, 0.0025
20, 0.55, 38, 0.05999999999999976, 17203, 0.0025
20, 0.55, 38, 0.05999999999999976, 17204, 0.0025
20, 0.55, 41, 0.09, 17293, 0.0025
20, 0.55, 41, 0.09, 17295, 0.0025
20, 0.55, 41, 0.09, 17299, 0.0025
20, 0.55, 41, 0.09, 17301, 0.0025
20, 0.55, 38, 0.05999999999999976, 17304, 0.0025
20, 0.55, 38, 0.05999999999999976, 17305, 0.0025
20, 0.55, 38, 0.05999999999999976, 17306, 0.0025
20, 0.55, 34, 0.03249999999999999, 17383, 0.0025
20, 0.55, 41, 0.09, 17395, 0.0025
20, 0.55, 41, 0.09, 17401, 0.0025
20, 0.55, 41, 0.09, 17402, 0.0025
20, 0.55, 41, 0.09, 17404, 0.0025
20, 0.55, 41, 0.09, 17405, 0.0025
20, 0.55, 38, 0.05999999999999976, 17407, 0.0025
20, 0.55, 38, 0.05999999999999976, 17408, 0.0025
20, 0.55, 38, 0.05999999999999976, 17409, 0.0025
20, 0.55, 38, 0.05999999999999976, 17413, 0.0025
20, 0.55, 34, 0.03249999999999999, 17487, 0.0025
20, 0.55, 41, 0.09, 17503, 0.0025
20, 0.55, 41, 0.09, 17504, 0.0025
20, 0.55, 41, 0.09, 17505, 0.0025
20, 0.55, 41, 0.09, 17506, 0.0025
20, 0.55, 41, 0.09, 17508, 0.0025
20, 0.55, 41, 0.09, 17509, 0.0025
20, 0.55, 38, 0.05999999999999976, 17512, 0.0025
20, 0.55, 41, 0.09, 17602, 0.0025
20, 0.55, 41, 0.09, 17603, 0.0025
20, 0.55, 41, 0.09, 17604, 0.0025
20, 0.55, 41, 0.09, 17605, 0.0025
20, 0.55, 41, 0.09, 17607, 0.0025
20, 0.55, 38, 0.05999999999999976, 17612, 0.0025
20, 0.55, 38, 0.05999999999999976, 17613, 0.0025
20, 0.55, 38, 0.05999999999999976, 17614, 0.0025
20, 0.55, 41, 0.09, 17699, 0.0025
20, 0.55, 41, 0.09, 17700, 0.0025
20, 0.55, 41, 0.09, 17703, 0.0025
20, 0.55, 38, 0.05999999999999976, 17708, 0.0025
20, 0.55, 38, 0.05999999999999976, 17709, 0.0025
20, 0.55, 41, 0.09, 17791, 0.0025
20, 0.55, 41, 0.09, 17793, 0.0025
20, 0.55, 41, 0.09, 17795, 0.0025
20, 0.55, 41, 0.09, 17797, 0.0025
20, 0.55, 38, 0.05999999999999976, 17800, 0.0025
20, 0.55, 41, 0.09, 17976, 0.0025
20, 0.55, 41, 0.09, 17978, 0.0025
20, 0.55, 41, 0.09, 18060, 0.0025
20, 0.55, 41, 0.09, 18062, 0.0025
20, 0.55, 41, 0.09, 18149, 0.0025
20, 0.55, 71, 0.035, 33731, 0.0025
20, 0.55, 71, 0.035, 33808, 0.0025
20, 0.55, 71, 0.035, 35055, 0.0025
20, 0.55, 71, 0.035, 35056, 0.0025
20, 0.55, 71, 0.035, 35342, 0.0025
20, 0.55, 71, 0.035, 35416, 0.0025
20, 0.55, 71, 0.035, 35558, 0.0025
20, 0.55, 71, 0.035, 35559, 0.0025
20, 0.55, 71, 0.035, 35625, 0.0025
20, 0.55, 71, 0.035, 35626, 0.0025
20, 0.55, 71, 0.035, 35627, 0.0025
20, 0.55, 71, 0.035, 35628, 0.0025
20, 0.55, 71, 0.035, 35699, 0.0025
20, 0.55, 71, 0.035, 35700, 0.0025
20, 0.55, 71, 0.035, 35772, 0.0025
20, 0.55, 98, 0.0525000000000001, 48314, 0.0025
20, 0.55, 98, 0.0525000000000001, 48978, 0.0025
20, 0.55, 98, 0.0525000000000001, 48979, 0.0025
20, 0.55, 98, 0.0525000000000001, 49250, 0.0025
20, 0.55, 98, 0.0525000000000001, 49251, 0.0025
20, 0.55, 98, 0.0525000000000001, 49253, 0.0025
20, 0.55, 98, 0.0525000000000001, 49377, 0.0025
20, 0.55, 98, 0.0525000000000001, 49511, 0.0025
20, 0.55, 98, 0.0525000000000001, 49516, 0.0025
20, 0.55, 98, 0.0525000000000001, 49650, 0.0025
20, 0.55, 98, 0.0525000000000001, 49651, 0.0025
20, 0.55, 98, 0.0525000000000001, 49785, 0.0025
20, 0.55, 98, 0.0525000000000001, 49920, 0.0025
20, 0.55, 98, 0.0525000000000001, 49921, 0.0025
20, 0.55, 98, 0.0525000000000001, 50062, 0.0025
20, 0.55, 98, 0.0525000000000001, 50063, 0.0025
20, 0.55, 98, 0.0525000000000001, 50064, 0.0025
20, 0.55, 98, 0.0525000000000001, 50065, 0.0025
20, 0.55, 98, 0.0525000000000001, 50066, 0.0025
20, 0.55, 98, 0.0525000000000001, 50208, 0.0025
20, 0.55, 98, 0.0525000000000001, 50350, 0.0025
20, 0.55, 98, 0.0525000000000001, 50627, 0.0025
20, 0.55, 105, 0.0325, 51484, 0.0025
20, 0.55, 105, 0.0325, 51485, 0.0025
20, 0.55, 105, 0.0325, 51622, 0.0025
20, 0.55, 105, 0.0325, 51624, 0.0025
20, 0.55, 105, 0.0325, 51764, 0.0025
20, 0.55, 105, 0.0325, 51901, 0.0025
20, 0.55, 105, 0.0325, 52041, 0.0025
20, 0.55, 105, 0.0325, 52184, 0.0025
20, 0.55, 105, 0.0325, 52329, 0.0025
20, 0.55, 105, 0.0325, 52473, 0.0025
20, 0.55, 105, 0.0325, 52614, 0.0025
20, 0.55, 105, 0.0325, 52754, 0.0025
20, 0.55, 105, 0.0325, 52755, 0.0025
20, 0.55, 105, 0.0325, 53028, 0.0025
20, 0.55, 121, 0.0325, 55186, 0.0025
20, 0.55, 121, 0.0325, 55326, 0.0025
20, 0.55, 121, 0.0325, 55330, 0.0025
20, 0.55, 121, 0.0325, 55617, 0.0025
20, 0.55, 121, 0.0325, 55756, 0.0025
20, 0.55, 121, 0.0325, 55757, 0.0025
20, 0.55, 121, 0.0325, 55759, 0.0025
20, 0.55, 121, 0.0325, 55902, 0.0025
20, 0.55, 121, 0.0325, 55903, 0.0025
20, 0.55, 121, 0.0325, 55904, 0.0025
20, 0.55, 116, 0.0325, 56389, 0.0025
20, 0.55, 121, 0.0325, 56487, 0.0025
20, 0.55, 116, 0.0325, 56537, 0.0025
20, 0.55, 116, 0.0325, 56538, 0.0025
20, 0.55, 121, 0.0325, 56633, 0.0025
20, 0.55, 121, 0.0325, 56783, 0.0025
20, 0.55, 121, 0.0325, 56784, 0.0025
20, 0.55, 116, 0.0325, 56835, 0.0025
20, 0.55, 116, 0.0325, 56983, 0.0025
20, 0.55, 116, 0.0325, 57589, 0.0025
20, 0.55, 116, 0.0325, 58372, 0.0025
20, 0.55, 116, 0.0325, 58374, 0.0025
20, 0.55, 116, 0.0325, 58535, 0.0025
20, 0.55, 116, 0.0325, 58536, 0.0025
20, 0.55, 116, 0.0325, 58537, 0.0025
20, 0.55, 116, 0.0325, 58702, 0.0025
20, 0.55, 116, 0.0325, 58703, 0.0025
20, 0.55, 116, 0.0325, 59042, 0.0025
20, 0.55, 137, 0.05999999999999998, 62563, 0.0025
20, 0.55, 137, 0.05999999999999998, 62564, 0.0025
20, 0.55, 137, 0.05999999999999998, 62739, 0.0025
20, 0.55, 137, 0.05999999999999998, 62740, 0.0025
20, 0.55, 137, 0.05999999999999998, 62910, 0.0025
20, 0.55, 137, 0.05999999999999998, 62911, 0.0025
20, 0.55, 137, 0.05999999999999998, 62913, 0.0025
20, 0.55, 137, 0.05999999999999998, 63087, 0.0025
20, 0.55, 137, 0.05999999999999998, 63088, 0.0025
20, 0.55, 137, 0.05999999999999998, 63254, 0.0025
20, 0.55, 137, 0.05999999999999998, 63255, 0.0025
20, 0.55, 137, 0.05999999999999998, 63258, 0.0025
20, 0.55, 137, 0.05999999999999998, 63421, 0.0025
20, 0.55, 137, 0.05999999999999998, 63422, 0.0025
20, 0.55, 137, 0.05999999999999998, 63423, 0.0025
20, 0.55, 137, 0.05999999999999998, 63587, 0.0025
20, 0.55, 137, 0.05999999999999998, 63592, 0.0025
20, 0.55, 137, 0.05999999999999998, 63757, 0.0025
20, 0.55, 137, 0.05999999999999998, 63919, 0.0025
20, 0.55, 137, 0.05999999999999998, 63920, 0.0025
20, 0.55, 133, 0.0325, 63922, 0.0025
20, 0.55, 133, 0.0325, 63923, 0.0025
20, 0.55, 137, 0.05999999999999998, 64080, 0.0025
20, 0.55, 137, 0.05999999999999998, 64081, 0.0025
20, 0.55, 137, 0.05999999999999998, 64082, 0.0025
20, 0.55, 133, 0.0325, 64098, 0.0025
20, 0.55, 133, 0.0325, 64258, 0.0025
20, 0.55, 133, 0.0325, 64259, 0.0025
20, 0.55, 137, 0.05999999999999998, 64400, 0.0025
20, 0.55, 133, 0.0325, 64403, 0.0025
20, 0.55, 133, 0.0325, 64404, 0.0025
20, 0.55, 133, 0.0325, 64415, 0.0025
20, 0.55, 133, 0.0325, 64572, 0.0025
20, 0.55, 137, 0.05999999999999998, 64712, 0.0025
20, 0.55, 133, 0.0325, 64726, 0.0025
20, 0.55, 133, 0.0325, 64878, 0.0025
20, 0.55, 133, 0.0325, 65029, 0.0025
20, 0.55, 133, 0.0325, 65177, 0.0025
20, 0.55, 133, 0.0325, 65178, 0.0025
20, 0.55, 144, 0.05, 65835, 0.0025
20, 0.55, 144, 0.05, 65836, 0.0025
20, 0.55, 144, 0.05, 65837, 0.0025
20, 0.55, 144, 0.05, 65975, 0.0025
20, 0.55, 144, 0.05, 65976, 0.0025
20, 0.55, 144, 0.05, 65977, 0.0025
20, 0.55, 144, 0.05, 65978, 0.0025
20, 0.55, 144, 0.05, 66113, 0.0025
20, 0.55, 144, 0.05, 66118, 0.0025
20, 0.55, 144, 0.05, 66249, 0.0025
20, 0.55, 144, 0.05, 66251, 0.0025
20, 0.55, 144, 0.05, 66258, 0.0025
20, 0.55, 144, 0.05, 66259, 0.0025
20, 0.55, 144, 0.05, 66387, 0.0025
20, 0.55, 144, 0.05, 66390, 0.0025
20, 0.55, 144, 0.05, 66393, 0.0025
20, 0.55, 144, 0.05, 66523, 0.0025
20, 0.55, 144, 0.05, 66524, 0.0025
20, 0.55, 144, 0.05, 66787, 0.0025
20, 0.55, 144, 0.05, 66788, 0.0025
20, 0.55, 144, 0.05, 66915, 0.0025
20, 0.6000000000000001, 1, 0.0825, 760, 0.0025
20, 0.6000000000000001, 1, 0.0825, 761, 0.0025
20, 0.6000000000000001, 1, 0.0825, 762, 0.0025
20, 0.6000000000000001, 1, 0.0825, 817, 0.0025
20, 0.6000000000000001, 1, 0.0825, 818, 0.0025
20, 0.6000000000000001, 1, 0.0825, 874, 0.0025
20, 0.6000000000000001, 1, 0.0825, 875, 0.0025
20, 0.6000000000000001, 1, 0.0825, 876, 0.0025
20, 0.6000000000000001, 1, 0.0825, 877, 0.0025
20, 0.6000000000000001, 1, 0.0825, 936, 0.0025
20, 0.6000000000000001, 1, 0.0825, 937, 0.0025
20, 0.6000000000000001, 1, 0.0825, 938, 0.0025
20, 0.6000000000000001, 1, 0.0825, 1330, 0.0025
20, 0.6000000000000001, 1, 0.0825, 1331, 0.0025
20, 0.6000000000000001, 1, 0.0825, 1332, 0.0025
20, 0.6000000000000001, 1, 0.0825, 1333, 0.0025
20, 0.6000000000000001, 1, 0.0825, 1334, 0.0025
20, 0.6000000000000001, 1, 0.0825, 1406, 0.0025
20, 0.6000000000000001, 1, 0.0825, 1407, 0.0025
20, 0.6000000000000001, 1, 0.0825, 1408, 0.0025
20, 0.6000000000000001, 1, 0.0825, 1409, 0.0025
20, 0.6000000000000001, 1, 0.0825, 1410, 0.0025
20, 0.6000000000000001, 1, 0.0825, 1482, 0.0025
20, 0.6000000000000001, 1, 0.0825, 1483, 0.0025
20, 0.6000000000000001, 1, 0.0825, 1484, 0.0025
20, 0.6000000000000001, 1, 0.0825, 1485, 0.0025
20, 0.6000000000000001, 1, 0.0825, 1486, 0.0025
20, 0.6000000000000001, 2, 0.03249999999999992, 1551, 0.0025
20, 0.6000000000000001, 1, 0.0825, 1560, 0.0025
20, 0.6000000000000001, 1, 0.0825, 1561, 0.0025
20, 0.6000000000000001, 1, 0.0825, 1562, 0.0025
20, 0.6000000000000001, 1, 0.0825, 1563, 0.0025
20, 0.6000000000000001, 1, 0.0825, 1641, 0.0025
20, 0.6000000000000001, 1, 0.0825, 1642, 0.0025
20, 0.6000000000000001, 2, 0.03249999999999992, 1712, 0.0025
20, 0.6000000000000001, 1, 0.0825, 1724, 0.0025
20, 0.6000000000000001, 2, 0.03249999999999992, 1884, 0.0025
20, 0.6000000000000001, 2, 0.03249999999999992, 1971, 0.0025
20, 0.6000000000000001, 2, 0.03249999999999992, 1972, 0.0025
20, 0.6000000000000001, 2, 0.03249999999999992, 1973, 0.0025
20, 0.6000000000000001, 2, 0.03249999999999992, 1974, 0.0025
20, 0.6000000000000001, 2, 0.03249999999999992, 2064, 0.0025
20, 0.6000000000000001, 2, 0.03249999999999992, 2065, 0.0025
20, 0.6000000000000001, 2, 0.03249999999999992, 2066, 0.0025
20, 0.6000000000000001, 2, 0.03249999999999992, 2067, 0.0025
20, 0.6000000000000001, 2, 0.03249999999999992, 2160, 0.0025
20, 0.6000000000000001, 2, 0.03249999999999992, 2161, 0.0025
20, 0.6000000000000001, 2, 0.03249999999999992, 2259, 0.0025
20, 0.6000000000000001, 5, 0.0325, 2535, 0.0025
20, 0.6000000000000001, 5, 0.0325, 2536, 0.0025
20, 0.6000000000000001, 5, 0.0325, 2537, 0.0025
20, 0.6000000000000001, 5, 0.0325, 3273, 0.0025
20, 0.6000000000000001, 5, 0.0325, 3274, 0.0025
20, 0.6000000000000001, 5, 0.0325, 3275, 0.0025
20, 0.6000000000000001, 5, 0.0325, 3382, 0.0025
20, 0.6000000000000001, 5, 0.0325, 3383, 0.0025
20, 0.6000000000000001, 5, 0.0325, 3493, 0.0025
20, 0.6000000000000001, 5, 0.0325, 3494, 0.0025
20, 0.6000000000000001, 5, 0.0325, 3604, 0.0025
20, 0.6000000000000001, 5, 0.0325, 3715, 0.0025
20, 0.6000000000000001, 5, 0.0325, 3716, 0.0025
20, 0.6000000000000001, 5, 0.0325, 3943, 0.0025
20, 0.6000000000000001, 16, 0.0325, 5678, 0.0025
20, 0.6000000000000001, 16, 0.0325, 5806, 0.0025
20, 0.6000000000000001, 16, 0.0325, 5934, 0.0025
20, 0.6000000000000001, 16, 0.0325, 6063, 0.0025
20, 0.6000000000000001, 16, 0.0325, 6192, 0.0025
20, 0.6000000000000001, 16, 0.0325, 6323, 0.0025
20, 0.6000000000000001, 16, 0.0325, 6454, 0.0025
20, 0.6000000000000001, 19, 0.1400000000000003, 6474, 0.0025
20, 0.6000000000000001, 16, 0.0325, 6586, 0.0025
20, 0.6000000000000001, 14, 0.0325, 6601, 0.0025
20, 0.6000000000000001, 19, 0.1400000000000003, 6604, 0.0025
20, 0.6000000000000001, 19, 0.1400000000000003, 6605, 0.0025
20, 0.6000000000000001, 19, 0.1400000000000003, 6606, 0.0025
20, 0.6000000000000001, 19, 0.1400000000000003, 6607, 0.0025
20, 0.6000000000000001, 19, 0.1400000000000003, 6608, 0.0025
20, 0.6000000000000001, 16, 0.0325, 6719, 0.0025
20, 0.6000000000000001, 14, 0.0325, 6733, 0.0025
20, 0.6000000000000001, 14, 0.0325, 6734, 0.0025
20, 0.6000000000000001, 19, 0.1400000000000003, 6737, 0.0025
20, 0.6000000000000001, 19, 0.1400000000000003, 6738, 0.0025
20, 0.6000000000000001, 19, 0.1400000000000003, 6739, 0.0025
20, 0.6000000000000001, 19, 0.1400000000000003, 6740, 0.0025
20, 0.6000000000000001, 19, 0.1400000000000003, 6741, 0.0025
20, 0.6000000000000001, 16, 0.0325, 6852, 0.0025
20, 0.6000000000000001, 14, 0.0325, 6866, 0.0025
20, 0.6000000000000001, 14, 0.0325, 6867, 0.0025
20, 0.6000000000000001, 19, 0.1400000000000003, 6869, 0.0025
20, 0.6000000000000001, 19, 0.1400000000000003, 6870, 0.0025
20, 0.6000000000000001, 19, 0.1400000000000003, 6871, 0.0025
20, 0.6000000000000001, 19, 0.1400000000000003, 6872, 0.0025
20, 0.6000000000000001, 19, 0.1400000000000003, 6873, 0.0025
20, 0.6000000000000001, 19, 0.1400000000000003, 6874, 0.0025
20, 0.6000000000000001, 16, 0.0325, 6986, 0.0025
20, 0.6000000000000001, 14, 0.0325, 6999, 0.0025
20, 0.6000000000000001, 14, 0.0325, 7000, 0.0025
20, 0.6000000000000001, 19, 0.1400000000000003, 7004, 0.0025
20, 0.6000000000000001, 19, 0.1400000000000003, 7005, 0.0025
20, 0.6000000000000001, 19, 0.1400000000000003, 7006, 0.0025
20, 0.6000000000000001, 19, 0.1400000000000003, 7007, 0.0025
20, 0.6000000000000001, 19, 0.1400000000000003, 7008, 0.0025
20, 0.6000000000000001, 19, 0.1400000000000003, 7009, 0.0025
20, 0.6000000000000001, 16, 0.0325, 7119, 0.0025
20, 0.6000000000000001, 16, 0.0325, 7120, 0.0025
20, 0.6000000000000001, 14, 0.0325, 7133, 0.0025
20, 0.6000000000000001, 14, 0.0325, 7134, 0.0025
20, 0.6000000000000001, 19, 0.1400000000000003, 7137, 0.0025
20, 0.6000000000000001, 19, 0.1400000000000003, 7138, 0.0025
20, 0.6000000000000001, 19, 0.1400000000000003, 7139, 0.0025
20, 0.6000000000000001, 19, 0.1400000000000003, 7140, 0.0025
20, 0.6000000000000001, 19, 0.1400000000000003, 7141, 0.0025
20, 0.6000000000000001, 19, 0.1400000000000003, 7142, 0.0025
20, 0.6000000000000001, 19, 0.1400000000000003, 7143, 0.0025
20, 0.6000000000000001, 19, 0.1400000000000003, 7144, 0.0025
20, 0.6000000000000001, 16, 0.0325, 7256, 0.0025
20, 0.6000000000000001, 14, 0.0325, 7269, 0.0025
20, 0.6000000000000001, 14, 0.0325, 7270, 0.0025
20, 0.6000000000000001, 19, 0.1400000000000003, 7272, 0.0025
20, 0.6000000000000001, 19, 0.1400000000000003, 7273, 0.0025
20, 0.6000000000000001, 19, 0.1400000000000003, 7274, 0.0025
20, 0.6000000000000001, 19, 0.1400000000000003, 7275, 0.0025
20, 0.6000000000000001, 19, 0.1400000000000003, 7276, 0.0025
20, 0.6000000000000001, 19, 0.1400000000000003, 7277, 0.0025
20, 0.6000000000000001, 19, 0.1400000000000003, 7278, 0.0025
20, 0.6000000000000001, 19, 0.1400000000000003, 7279, 0.0025
20, 0.6000000000000001, 19, 0.1400000000000003, 7408, 0.0025
20, 0.6000000000000001, 19, 0.1400000000000003, 7409, 0.0025
20, 0.6000000000000001, 19, 0.1400000000000003, 7410, 0.0025
20, 0.6000000000000001, 19, 0.1400000000000003, 7411, 0.0025
20, 0.6000000000000001, 19, 0.1400000000000003, 7412, 0.0025
20, 0.6000000000000001, 19, 0.1400000000000003, 7413, 0.0025
20, 0.6000000000000001, 19, 0.1400000000000003, 7414, 0.0025
20, 0.6000000000000001, 19, 0.1400000000000003, 7415, 0.0025
20, 0.6000000000000001, 14, 0.0325, 7542, 0.0025
20, 0.6000000000000001, 14, 0.0325, 7543, 0.0025
20, 0.6000000000000001, 19, 0.1400000000000003, 7546, 0.0025
20, 0.6000000000000001, 19, 0.1400000000000003, 7547, 0.0025
20, 0.6000000000000001, 19, 0.1400000000000003, 7548, 0.0025
20, 0.6000000000000001, 19, 0.1400000000000003, 7549, 0.0025
20, 0.6000000000000001, 19, 0.1400000000000003, 7550, 0.0025
20, 0.6000000000000001, 19, 0.1400000000000003, 7551, 0.0025
20, 0.6000000000000001, 19, 0.1400000000000003, 7552, 0.0025
20, 0.6000000000000001, 14, 0.0325, 7681, 0.0025
20, 0.6000000000000001, 19, 0.1400000000000003, 7684, 0.0025
20, 0.6000000000000001, 19, 0.1400000000000003, 7687, 0.0025
20, 0.6000000000000001, 19, 0.1400000000000003, 7688, 0.0025
20, 0.6000000000000001, 25, 0.07, 9428, 0.0025
20, 0.6000000000000001, 25, 0.07, 9577, 0.0025
20, 0.6000000000000001, 25, 0.07, 9578, 0.0025
20, 0.6000000000000001, 25, 0.07, 9717, 0.0025
20, 0.6000000000000001, 25, 0.07, 9718, 0.0025
20, 0.6000000000000001, 25, 0.07, 9719, 0.0025
20, 0.6000000000000001, 25, 0.07, 9720, 0.0025
20, 0.6000000000000001, 25, 0.07, 9847, 0.0025
20, 0.6000000000000001, 25, 0.07, 9849, 0.0025
20, 0.6000000000000001, 25, 0.07, 9850, 0.0025
20, 0.6000000000000001, 25, 0.07, 9851, 0.0025
20, 0.6000000000000001, 25, 0.07, 9852, 0.0025
20, 0.6000000000000001, 25, 0.07, 9975, 0.0025
20, 0.6000000000000001, 25, 0.07, 9976, 0.0025
20, 0.6000000000000001, 25, 0.07, 9977, 0.0025
20, 0.6000000000000001, 25, 0.07, 10090, 0.0025
20, 0.6000000000000001, 25, 0.07, 10093, 0.0025
20, 0.6000000000000001, 25, 0.07, 10095, 0.0025
20, 0.6000000000000001, 25, 0.07, 10203, 0.0025
20, 0.6000000000000001, 25, 0.07, 10204, 0.0025
20, 0.6000000000000001, 25, 0.07, 10205, 0.0025
20, 0.6000000000000001, 25, 0.07, 10206, 0.0025
20, 0.6000000000000001, 25, 0.07, 10319, 0.0025
20, 0.6000000000000001, 25, 0.07, 10321, 0.0025
20, 0.6000000000000001, 25, 0.07, 10322, 0.0025
20, 0.6000000000000001, 25, 0.07, 10323, 0.0025
20, 0.6000000000000001, 25, 0.07, 10324, 0.0025
20, 0.6000000000000001, 25, 0.07, 10437, 0.0025
20, 0.6000000000000001, 25, 0.07, 10439, 0.0025
20, 0.6000000000000001, 31, 0.035, 11242, 0.0025
20, 0.6000000000000001, 31, 0.035, 11353, 0.0025
20, 0.6000000000000001, 31, 0.035, 11469, 0.0025
20, 0.6000000000000001, 31, 0.035, 11580, 0.0025
20, 0.6000000000000001, 31, 0.035, 11581, 0.0025
20, 0.6000000000000001, 31, 0.035, 11582, 0.0025
20, 0.6000000000000001, 31, 0.035, 11694, 0.0025
20, 0.6000000000000001, 31, 0.035, 11695, 0.0025
20, 0.6000000000000001, 31, 0.035, 11696, 0.0025
20, 0.6000000000000001, 31, 0.035, 11807, 0.0025
20, 0.6000000000000001, 31, 0.035, 11808, 0.0025
20, 0.6000000000000001, 31, 0.035, 11809, 0.0025
20, 0.6000000000000001, 31, 0.035, 11810, 0.0025
20, 0.6000000000000001, 31, 0.035, 11920, 0.0025
20, 0.6000000000000001, 31, 0.035, 11921, 0.0025
20, 0.6000000000000001, 34, 0.0325, 15478, 0.0025
20, 0.6000000000000001, 34, 0.0325, 15479, 0.0025
20, 0.6000000000000001, 34, 0.0325, 15708, 0.0025
20, 0.6000000000000001, 34, 0.0325, 15710, 0.0025
20, 0.6000000000000001, 34, 0.0325, 15828, 0.0025
20, 0.6000000000000001, 34, 0.0325, 15829, 0.0025
20, 0.6000000000000001, 34, 0.0325, 15830, 0.0025
20, 0.6000000000000001, 34, 0.0325, 16065, 0.0025
20, 0.6000000000000001, 34, 0.0325, 16181, 0.0025
20, 0.6000000000000001, 34, 0.0325, 16182, 0.0025
20, 0.6000000000000001, 34, 0.0325, 16299, 0.0025
20, 0.6000000000000001, 34, 0.0325, 16411, 0.0025
20, 0.6000000000000001, 38, 0.065, 16550, 0.0025
20, 0.6000000000000001, 38, 0.065, 16659, 0.0025
20, 0.6000000000000001, 38, 0.065, 16660, 0.0025
20, 0.6000000000000001, 41, 0.0825, 16755, 0.0025
20, 0.6000000000000001, 38, 0.065, 16762, 0.0025
20, 0.6000000000000001, 38, 0.065, 16879, 0.0025
20, 0.6000000000000001, 38, 0.065, 16990, 0.0025
20, 0.6000000000000001, 38, 0.065, 16991, 0.0025
20, 0.6000000000000001, 38, 0.065, 16992, 0.0025
20, 0.6000000000000001, 41, 0.0825, 17087, 0.0025
20, 0.6000000000000001, 41, 0.0825, 17092, 0.0025
20, 0.6000000000000001, 38, 0.065, 17098, 0.0025
20, 0.6000000000000001, 41, 0.0825, 17190, 0.0025
20, 0.6000000000000001, 41, 0.0825, 17197, 0.0025
20, 0.6000000000000001, 38, 0.065, 17201, 0.0025
20, 0.6000000000000001, 38, 0.065, 17203, 0.0025
20, 0.6000000000000001, 38, 0.065, 17204, 0.0025
20, 0.6000000000000001, 41, 0.0825, 17293, 0.0025
20, 0.6000000000000001, 41, 0.0825, 17295, 0.0025
20, 0.6000000000000001, 41, 0.0825, 17299, 0.0025
20, 0.6000000000000001, 41, 0.0825, 17301, 0.0025
20, 0.6000000000000001, 38, 0.065, 17304, 0.0025
20, 0.6000000000000001, 38, 0.065, 17305, 0.0025
20, 0.6000000000000001, 38, 0.065, 17306, 0.0025
20, 0.6000000000000001, 38, 0.065, 17310, 0.0025
20, 0.6000000000000001, 34, 0.0325, 17383, 0.0025
20, 0.6000000000000001, 41, 0.0825, 17395, 0.0025
20, 0.6000000000000001, 41, 0.0825, 17401, 0.0025
20, 0.6000000000000001, 41, 0.0825, 17402, 0.0025
20, 0.6000000000000001, 41, 0.0825, 17404, 0.0025
20, 0.6000000000000001, 38, 0.065, 17407, 0.0025
20, 0.6000000000000001, 38, 0.065, 17408, 0.0025
20, 0.6000000000000001, 38, 0.065, 17409, 0.0025
20, 0.6000000000000001, 38, 0.065, 17413, 0.0025
20, 0.6000000000000001, 34, 0.0325, 17487, 0.0025
20, 0.6000000000000001, 41, 0.0825, 17503, 0.0025
20, 0.6000000000000001, 41, 0.0825, 17504, 0.0025
20, 0.6000000000000001, 41, 0.0825, 17505, 0.0025
20, 0.6000000000000001, 41, 0.0825, 17506, 0.0025
20, 0.6000000000000001, 41, 0.0825, 17508, 0.0025
20, 0.6000000000000001, 41, 0.0825, 17509, 0.0025
20, 0.6000000000000001, 38, 0.065, 17512, 0.0025
20, 0.6000000000000001, 41, 0.0825, 17602, 0.0025
20, 0.6000000000000001, 41, 0.0825, 17603, 0.0025
20, 0.6000000000000001, 41, 0.0825, 17604, 0.0025
20, 0.6000000000000001, 41, 0.0825, 17605, 0.0025
20, 0.6000000000000001, 41, 0.0825, 17607, 0.0025
20, 0.6000000000000001, 38, 0.065, 17612, 0.0025
20, 0.6000000000000001, 38, 0.065, 17613, 0.0025
20, 0.6000000000000001, 38, 0.065, 17614, 0.0025
20, 0.6000000000000001, 41, 0.0825, 17699, 0.0025
20, 0.6000000000000001, 41, 0.0825, 17700, 0.0025
20, 0.6000000000000001, 41, 0.0825, 17703, 0.0025
20, 0.6000000000000001, 38, 0.065, 17708, 0.0025
20, 0.6000000000000001, 38, 0.065, 17709, 0.0025
20, 0.6000000000000001, 41, 0.0825, 17793, 0.0025
20, 0.6000000000000001, 41, 0.0825, 17795, 0.0025
20, 0.6000000000000001, 41, 0.0825, 17797, 0.0025
20, 0.6000000000000001, 38, 0.065, 17800, 0.0025
20, 0.6000000000000001, 41, 0.0825, 17976, 0.0025
20, 0.6000000000000001, 41, 0.0825, 18060, 0.0025
20, 0.6000000000000001, 41, 0.0825, 18062, 0.0025
20, 0.6000000000000001, 41, 0.0825, 18149, 0.0025
20, 0.6000000000000001, 64, 0.0325, 30902, 0.0025
20, 0.6000000000000001, 64, 0.0325, 31097, 0.0025
20, 0.6000000000000001, 64, 0.0325, 31192, 0.0025
20, 0.6000000000000001, 64, 0.0325, 31372, 0.0025
20, 0.6000000000000001, 64, 0.0325, 31373, 0.0025
20, 0.6000000000000001, 64, 0.0325, 31468, 0.0025
20, 0.6000000000000001, 64, 0.0325, 31469, 0.0025
20, 0.6000000000000001, 64, 0.0325, 31929, 0.0025
20, 0.6000000000000001, 64, 0.0325, 31930, 0.0025
20, 0.6000000000000001, 64, 0.0325, 31931, 0.0025
20, 0.6000000000000001, 64, 0.0325, 32019, 0.0025
20, 0.6000000000000001, 64, 0.0325, 32024, 0.0025
20, 0.6000000000000001, 64, 0.0325, 32205, 0.0025
20, 0.6000000000000001, 64, 0.0325, 32206, 0.0025
20, 0.6000000000000001, 71, 0.0325, 33731, 0.0025
20, 0.6000000000000001, 71, 0.0325, 33808, 0.0025
20, 0.6000000000000001, 71, 0.0325, 35055, 0.0025
20, 0.6000000000000001, 71, 0.0325, 35056, 0.0025
20, 0.6000000000000001, 71, 0.0325, 35342, 0.0025
20, 0.6000000000000001, 71, 0.0325, 35558, 0.0025
20, 0.6000000000000001, 71, 0.0325, 35559, 0.0025
20, 0.6000000000000001, 71, 0.0325, 35625, 0.0025
20, 0.6000000000000001, 71, 0.0325, 35626, 0.0025
20, 0.6000000000000001, 71, 0.0325, 35627, 0.0025
20, 0.6000000000000001, 71, 0.0325, 35628, 0.0025
20, 0.6000000000000001, 71, 0.0325, 35699, 0.0025
20, 0.6000000000000001, 71, 0.0325, 35700, 0.0025
20, 0.6000000000000001, 71, 0.0325, 35772, 0.0025
20, 0.6000000000000001, 98, 0.0525, 48314, 0.0025
20, 0.6000000000000001, 98, 0.0525, 48978, 0.0025
20, 0.6000000000000001, 98, 0.0525, 48979, 0.0025
20, 0.6000000000000001, 98, 0.0525, 49250, 0.0025
20, 0.6000000000000001, 98, 0.0525, 49251, 0.0025
20, 0.6000000000000001, 98, 0.0525, 49253, 0.0025
20, 0.6000000000000001, 98, 0.0525, 49377, 0.0025
20, 0.6000000000000001, 98, 0.0525, 49511, 0.0025
20, 0.6000000000000001, 98, 0.0525, 49516, 0.0025
20, 0.6000000000000001, 98, 0.0525, 49650, 0.0025
20, 0.6000000000000001, 98, 0.0525, 49651, 0.0025
20, 0.6000000000000001, 98, 0.0525, 49785, 0.0025
20, 0.6000000000000001, 98, 0.0525, 49920, 0.0025
20, 0.6000000000000001, 98, 0.0525, 49921, 0.0025
20, 0.6000000000000001, 98, 0.0525, 50062, 0.0025
20, 0.6000000000000001, 98, 0.0525, 50063, 0.0025
20, 0.6000000000000001, 98, 0.0525, 50064, 0.0025
20, 0.6000000000000001, 98, 0.0525, 50065, 0.0025
20, 0.6000000000000001, 98, 0.0525, 50066, 0.0025
20, 0.6000000000000001, 98, 0.0525, 50208, 0.0025
20, 0.6000000000000001, 98, 0.0525, 50350, 0.0025
20, 0.6000000000000001, 98, 0.0525, 50627, 0.0025
20, 0.6000000000000001, 105, 0.0325, 51484, 0.0025
20, 0.6000000000000001, 105, 0.0325, 51485, 0.0025
20, 0.6000000000000001, 105, 0.0325, 51622, 0.0025
20, 0.6000000000000001, 105, 0.0325, 51624, 0.0025
20, 0.6000000000000001, 105, 0.0325, 51764, 0.0025
20, 0.6000000000000001, 105, 0.0325, 51901, 0.0025
20, 0.6000000000000001, 105, 0.0325, 52041, 0.0025
20, 0.6000000000000001, 105, 0.0325, 52184, 0.0025
20, 0.6000000000000001, 105, 0.0325, 52329, 0.0025
20, 0.6000000000000001, 105, 0.0325, 52473, 0.0025
20, 0.6000000000000001, 105, 0.0325, 52614, 0.0025
20, 0.6000000000000001, 105, 0.0325, 52754, 0.0025
20, 0.6000000000000001, 105, 0.0325, 52755, 0.0025
20, 0.6000000000000001, 105, 0.0325, 53028, 0.0025
20, 0.6000000000000001, 121, 0.0325, 55186, 0.0025
20, 0.6000000000000001, 121, 0.0325, 55326, 0.0025
20, 0.6000000000000001, 121, 0.0325, 55330, 0.0025
20, 0.6000000000000001, 121, 0.0325, 55617, 0.0025
20, 0.6000000000000001, 121, 0.0325, 55756, 0.0025
20, 0.6000000000000001, 121, 0.0325, 55757, 0.0025
20, 0.6000000000000001, 121, 0.0325, 55759, 0.0025
20, 0.6000000000000001, 121, 0.0325, 55902, 0.0025
20, 0.6000000000000001, 121, 0.0325, 55903, 0.0025
20, 0.6000000000000001, 121, 0.0325, 55904, 0.0025
20, 0.6000000000000001, 116, 0.0325, 56389, 0.0025
20, 0.6000000000000001, 121, 0.0325, 56487, 0.0025
20, 0.6000000000000001, 116, 0.0325, 56537, 0.0025
20, 0.6000000000000001, 116, 0.0325, 56538, 0.0025
20, 0.6000000000000001, 121, 0.0325, 56633, 0.0025
20, 0.6000000000000001, 121, 0.0325, 56783, 0.0025
20, 0.6000000000000001, 121, 0.0325, 56784, 0.0025
20, 0.6000000000000001, 116, 0.0325, 56835, 0.0025
20, 0.6000000000000001, 116, 0.0325, 56983, 0.0025
20, 0.6000000000000001, 116, 0.0325, 57589, 0.0025
20, 0.6000000000000001, 116, 0.0325, 58372, 0.0025
20, 0.6000000000000001, 116, 0.0325, 58374, 0.0025
20, 0.6000000000000001, 116, 0.0325, 58535, 0.0025
20, 0.6000000000000001, 116, 0.0325, 58536, 0.0025
20, 0.6000000000000001, 116, 0.0325, 58537, 0.0025
20, 0.6000000000000001, 116, 0.0325, 58702, 0.0025
20, 0.6000000000000001, 116, 0.0325, 58703, 0.0025
20, 0.6000000000000001, 116, 0.0325, 59042, 0.0025
20, 0.6000000000000001, 137, 0.065, 62563, 0.0025
20, 0.6000000000000001, 137, 0.065, 62564, 0.0025
20, 0.6000000000000001, 137, 0.065, 62739, 0.0025
20, 0.6000000000000001, 137, 0.065, 62740, 0.0025
20, 0.6000000000000001, 137, 0.065, 62741, 0.0025
20, 0.6000000000000001, 137, 0.065, 62910, 0.0025
20, 0.6000000000000001, 137, 0.065, 62911, 0.0025
20, 0.6000000000000001, 137, 0.065, 62913, 0.0025
20, 0.6000000000000001, 137, 0.065, 63087, 0.0025
20, 0.6000000000000001, 137, 0.065, 63088, 0.0025
20, 0.6000000000000001, 137, 0.065, 63089, 0.0025
20, 0.6000000000000001, 137, 0.065, 63254, 0.0025
20, 0.6000000000000001, 137, 0.065, 63255, 0.0025
20, 0.6000000000000001, 137, 0.065, 63258, 0.0025
20, 0.6000000000000001, 137, 0.065, 63421, 0.0025
20, 0.6000000000000001, 137, 0.065, 63422, 0.0025
20, 0.6000000000000001, 137, 0.065, 63423, 0.0025
20, 0.6000000000000001, 137, 0.065, 63587, 0.0025
20, 0.6000000000000001, 137, 0.065, 63592, 0.0025
20, 0.6000000000000001, 137, 0.065, 63757, 0.0025
20, 0.6000000000000001, 137, 0.065, 63919, 0.0025
20, 0.6000000000000001, 137, 0.065, 63920, 0.0025
20, 0.6000000000000001, 133, 0.0325, 63922, 0.0025
20, 0.6000000000000001, 133, 0.0325, 63923, 0.0025
20, 0.6000000000000001, 137, 0.065, 64080, 0.0025
20, 0.6000000000000001, 137, 0.065, 64081, 0.0025
20, 0.6000000000000001, 137, 0.065, 64082, 0.0025
20, 0.6000000000000001, 133, 0.0325, 64098, 0.0025
20, 0.6000000000000001, 133, 0.0325, 64258, 0.0025
20, 0.6000000000000001, 133, 0.0325, 64259, 0.0025
20, 0.6000000000000001, 137, 0.065, 64400, 0.0025
20, 0.6000000000000001, 133, 0.0325, 64403, 0.0025
20, 0.6000000000000001, 133, 0.0325, 64404, 0.0025
20, 0.6000000000000001, 133, 0.0325, 64415, 0.0025
20, 0.6000000000000001, 133, 0.0325, 64572, 0.0025
20, 0.6000000000000001, 137, 0.065, 64712, 0.0025
20, 0.6000000000000001, 133, 0.0325, 64726, 0.0025
20, 0.6000000000000001, 133, 0.0325, 64878, 0.0025
20, 0.6000000000000001, 133, 0.0325, 65029, 0.0025
20, 0.6000000000000001, 133, 0.0325, 65177, 0.0025
20, 0.6000000000000001, 133, 0.0325, 65178, 0.0025
20, 0.6000000000000001, 144, 0.05, 65835, 0.0025
20, 0.6000000000000001, 144, 0.05, 65836, 0.0025
20, 0.6000000000000001, 144, 0.05, 65837, 0.0025
20, 0.6000000000000001, 144, 0.05, 65975, 0.0025
20, 0.6000000000000001, 144, 0.05, 65976, 0.0025
20, 0.6000000000000001, 144, 0.05, 65977, 0.0025
20, 0.6000000000000001, 144, 0.05, 65978, 0.0025
20, 0.6000000000000001, 144, 0.05, 66113, 0.0025
20, 0.6000000000000001, 144, 0.05, 66118, 0.0025
20, 0.6000000000000001, 144, 0.05, 66249, 0.0025
20, 0.6000000000000001, 144, 0.05, 66251, 0.0025
20, 0.6000000000000001, 144, 0.05, 66258, 0.0025
20, 0.6000000000000001, 144, 0.05, 66259, 0.0025
20, 0.6000000000000001, 144, 0.05, 66387, 0.0025
20, 0.6000000000000001, 144, 0.05, 66390, 0.0025
20, 0.6000000000000001, 144, 0.05, 66393, 0.0025
20, 0.6000000000000001, 144, 0.05, 66523, 0.0025
20, 0.6000000000000001, 144, 0.05, 66524, 0.0025
20, 0.6000000000000001, 144, 0.05, 66787, 0.0025
20, 0.6000000000000001, 144, 0.05, 66788, 0.0025
20, 0.6000000000000001, 144, 0.05, 66915, 0.0025
20, 0.65, 1, 0.08750000000000006, 760, 0.0025
20, 0.65, 1, 0.08750000000000006, 761, 0.0025
20, 0.65, 1, 0.08750000000000006, 762, 0.0025
20, 0.65, 1, 0.08750000000000006, 816, 0.0025
20, 0.65, 1, 0.08750000000000006, 817, 0.0025
20, 0.65, 1, 0.08750000000000006, 818, 0.0025
20, 0.65, 1, 0.08750000000000006, 874, 0.0025
20, 0.65, 1, 0.08750000000000006, 875, 0.0025
20, 0.65, 1, 0.08750000000000006, 876, 0.0025
20, 0.65, 1, 0.08750000000000006, 877, 0.0025
20, 0.65, 1, 0.08750000000000006, 936, 0.0025
20, 0.65, 1, 0.08750000000000006, 937, 0.0025
20, 0.65, 1, 0.08750000000000006, 938, 0.0025
20, 0.65, 1, 0.08750000000000006, 1258, 0.0025
20, 0.65, 1, 0.08750000000000006, 1330, 0.0025
20, 0.65, 1, 0.08750000000000006, 1331, 0.0025
20, 0.65, 1, 0.08750000000000006, 1332, 0.0025
20, 0.65, 1, 0.08750000000000006, 1333, 0.0025
20, 0.65, 1, 0.08750000000000006, 1334, 0.0025
20, 0.65, 1, 0.08750000000000006, 1406, 0.0025
20, 0.65, 1, 0.08750000000000006, 1407, 0.0025
20, 0.65, 1, 0.08750000000000006, 1408, 0.0025
20, 0.65, 1, 0.08750000000000006, 1409, 0.0025
20, 0.65, 1, 0.08750000000000006, 1410, 0.0025
20, 0.65, 1, 0.08750000000000006, 1482, 0.0025
20, 0.65, 1, 0.08750000000000006, 1483, 0.0025
20, 0.65, 1, 0.08750000000000006, 1484, 0.0025
20, 0.65, 1, 0.08750000000000006, 1485, 0.0025
20, 0.65, 1, 0.08750000000000006, 1486, 0.0025
20, 0.65, 2, 0.03249999999999989, 1551, 0.0025
20, 0.65, 1, 0.08750000000000006, 1560, 0.0025
20, 0.65, 1, 0.08750000000000006, 1561, 0.0025
20, 0.65, 1, 0.08750000000000006, 1562, 0.0025
20, 0.65, 1, 0.08750000000000006, 1563, 0.0025
20, 0.65, 1, 0.08750000000000006, 1641, 0.0025
20, 0.65, 1, 0.08750000000000006, 1642, 0.0025
20, 0.65, 2, 0.03249999999999989, 1712, 0.0025
20, 0.65, 1, 0.08750000000000006, 1724, 0.0025
20, 0.65, 2, 0.03249999999999989, 1884, 0.0025
20, 0.65, 2, 0.03249999999999989, 1971, 0.0025
20, 0.65, 2, 0.03249999999999989, 1972, 0.0025
20, 0.65, 2, 0.03249999999999989, 1973, 0.0025
20, 0.65, 2, 0.03249999999999989, 1974, 0.0025
20, 0.65, 2, 0.03249999999999989, 2064, 0.0025
20, 0.65, 2, 0.03249999999999989, 2065, 0.0025
20, 0.65, 2, 0.03249999999999989, 2066, 0.0025
20, 0.65, 2, 0.03249999999999989, 2067, 0.0025
20, 0.65, 10, 0.03249999999999989, 2101, 0.0025
20, 0.65, 2, 0.03249999999999989, 2160, 0.0025
20, 0.65, 2, 0.03249999999999989, 2161, 0.0025
20, 0.65, 2, 0.03249999999999989, 2259, 0.0025
20, 0.65, 10, 0.03249999999999989, 2399, 0.0025
20, 0.65, 10, 0.03249999999999989, 2400, 0.0025
20, 0.65, 10, 0.03249999999999989, 2604, 0.0025
20, 0.65, 10, 0.03249999999999989, 2605, 0.0025
20, 0.65, 10, 0.03249999999999989, 2813, 0.0025
20, 0.65, 10, 0.03249999999999989, 2815, 0.0025
20, 0.65, 10, 0.03249999999999989, 2920, 0.0025
20, 0.65, 10, 0.03249999999999989, 3136, 0.0025
20, 0.65, 10, 0.03249999999999989, 3243, 0.0025
20, 0.65, 10, 0.03249999999999989, 3352, 0.0025
20, 0.65, 10, 0.03249999999999989, 3575, 0.0025
20, 0.65, 10, 0.03249999999999989, 3686, 0.0025
20, 0.65, 10, 0.03249999999999989, 3802, 0.0025
20, 0.65, 16, 0.0325, 5678, 0.0025
20, 0.65, 16, 0.0325, 5806, 0.0025
20, 0.65, 16, 0.0325, 5934, 0.0025
20, 0.65, 16, 0.0325, 6063, 0.0025
20, 0.65, 16, 0.0325, 6192, 0.0025
20, 0.65, 16, 0.0325, 6323, 0.0025
20, 0.65, 16, 0.0325, 6454, 0.0025
20, 0.65, 19, 0.1275, 6474, 0.0025
20, 0.65, 16, 0.0325, 6586, 0.0025
20, 0.65, 14, 0.03249999999999989, 6601, 0.0025
20, 0.65, 19, 0.1275, 6604, 0.0025
20, 0.65, 19, 0.1275, 6605, 0.0025
20, 0.65, 19, 0.1275, 6606, 0.0025
20, 0.65, 19, 0.1275, 6607, 0.0025
20, 0.65, 16, 0.0325, 6719, 0.0025
20, 0.65, 14, 0.03249999999999989, 6733, 0.0025
20, 0.65, 14, 0.03249999999999989, 6734, 0.0025
20, 0.65, 19, 0.1275, 6737, 0.0025
20, 0.65, 19, 0.1275, 6738, 0.0025
20, 0.65, 19, 0.1275, 6739, 0.0025
20, 0.65, 19, 0.1275, 6740, 0.0025
20, 0.65, 19, 0.1275, 6741, 0.0025
20, 0.65, 16, 0.0325, 6852, 0.0025
20, 0.65, 14, 0.03249999999999989, 6866, 0.0025
20, 0.65, 14, 0.03249999999999989, 6867, 0.0025
20, 0.65, 19, 0.1275, 6869, 0.0025
20, 0.65, 19, 0.1275, 6870, 0.0025
20, 0.65, 19, 0.1275, 6871, 0.0025
20, 0.65, 19, 0.1275, 6872, 0.0025
20, 0.65, 19, 0.1275, 6873, 0.0025
20, 0.65, 19, 0.1275, 6874, 0.0025
20, 0.65, 16, 0.0325, 6986, 0.0025
20, 0.65, 14, 0.03249999999999989, 6999, 0.0025
20, 0.65, 14, 0.03249999999999989, 7000, 0.0025
20, 0.65, 19, 0.1275, 7004, 0.0025
20, 0.65, 19, 0.1275, 7005, 0.0025
20, 0.65, 19, 0.1275, 7006, 0.0025
20, 0.65, 19, 0.1275, 7007, 0.0025
20, 0.65, 19, 0.1275, 7008, 0.0025
20, 0.65, 19, 0.1275, 7009, 0.0025
20, 0.65, 16, 0.0325, 7119, 0.0025
20, 0.65, 16, 0.0325, 7120, 0.0025
20, 0.65, 14, 0.03249999999999989, 7133, 0.0025
20, 0.65, 14, 0.03249999999999989, 7134, 0.0025
20, 0.65, 19, 0.1275, 7137, 0.0025
20, 0.65, 19, 0.1275, 7138, 0.0025
20, 0.65, 19, 0.1275, 7139, 0.0025
20, 0.65, 19, 0.1275, 7140, 0.0025
20, 0.65, 19, 0.1275, 7141, 0.0025
20, 0.65, 19, 0.1275, 7142, 0.0025
20, 0.65, 19, 0.1275, 7143, 0.0025
20, 0.65, 19, 0.1275, 7144, 0.0025
20, 0.65, 16, 0.0325, 7256, 0.0025
20, 0.65, 14, 0.03249999999999989, 7269, 0.0025
20, 0.65, 14, 0.03249999999999989, 7270, 0.0025
20, 0.65, 19, 0.1275, 7272, 0.0025
20, 0.65, 19, 0.1275, 7273, 0.0025
20, 0.65, 19, 0.1275, 7274, 0.0025
20, 0.65, 19, 0.1275, 7275, 0.0025
20, 0.65, 19, 0.1275, 7276, 0.0025
20, 0.65, 19, 0.1275, 7277, 0.0025
20, 0.65, 19, 0.1275, 7278, 0.0025
20, 0.65, 19, 0.1275, 7279, 0.0025
20, 0.65, 19, 0.1275, 7408, 0.0025
20, 0.65, 19, 0.1275, 7409, 0.0025
20, 0.65, 19, 0.1275, 7410, 0.0025
20, 0.65, 19, 0.1275, 7411, 0.0025
20, 0.65, 19, 0.1275, 7412, 0.0025
20, 0.65, 19, 0.1275, 7413, 0.0025
20, 0.65, 19, 0.1275, 7414, 0.0025
20, 0.65, 19, 0.1275, 7415, 0.0025
20, 0.65, 14, 0.03249999999999989, 7542, 0.0025
20, 0.65, 14, 0.03249999999999989, 7543, 0.0025
20, 0.65, 19, 0.1275, 7546, 0.0025
20, 0.65, 19, 0.1275, 7548, 0.0025
20, 0.65, 19, 0.1275, 7549, 0.0025
20, 0.65, 19, 0.1275, 7550, 0.0025
20, 0.65, 19, 0.1275, 7551, 0.0025
20, 0.65, 19, 0.1275, 7552, 0.0025
20, 0.65, 14, 0.03249999999999989, 7681, 0.0025
20, 0.65, 25, 0.05999999999999989, 9428, 0.0025
20, 0.65, 25, 0.05999999999999989, 9577, 0.0025
20, 0.65, 25, 0.05999999999999989, 9578, 0.0025
20, 0.65, 25, 0.05999999999999989, 9717, 0.0025
20, 0.65, 25, 0.05999999999999989, 9718, 0.0025
20, 0.65, 25, 0.05999999999999989, 9719, 0.0025
20, 0.65, 25, 0.05999999999999989, 9720, 0.0025
20, 0.65, 25, 0.05999999999999989, 9847, 0.0025
20, 0.65, 25, 0.05999999999999989, 9849, 0.0025
20, 0.65, 25, 0.05999999999999989, 9850, 0.0025
20, 0.65, 25, 0.05999999999999989, 9851, 0.0025
20, 0.65, 25, 0.05999999999999989, 9852, 0.0025
20, 0.65, 25, 0.05999999999999989, 9975, 0.0025
20, 0.65, 25, 0.05999999999999989, 9976, 0.0025
20, 0.65, 25, 0.05999999999999989, 9977, 0.0025
20, 0.65, 25, 0.05999999999999989, 10090, 0.0025
20, 0.65, 25, 0.05999999999999989, 10093, 0.0025
20, 0.65, 25, 0.05999999999999989, 10095, 0.0025
20, 0.65, 25, 0.05999999999999989, 10203, 0.0025
20, 0.65, 25, 0.05999999999999989, 10204, 0.0025
20, 0.65, 25, 0.05999999999999989, 10205, 0.0025
20, 0.65, 25, 0.05999999999999989, 10206, 0.0025
20, 0.65, 25, 0.05999999999999989, 10319, 0.0025
20, 0.65, 25, 0.05999999999999989, 10321, 0.0025
20, 0.65, 25, 0.05999999999999989, 10322, 0.0025
20, 0.65, 31, 0.04499999999999985, 11242, 0.0025
20, 0.65, 31, 0.04499999999999985, 11353, 0.0025
20, 0.65, 31, 0.04499999999999985, 11469, 0.0025
20, 0.65, 31, 0.04499999999999985, 11580, 0.0025
20, 0.65, 31, 0.04499999999999985, 11581, 0.0025
20, 0.65, 31, 0.04499999999999985, 11582, 0.0025
20, 0.65, 31, 0.04499999999999985, 11694, 0.0025
20, 0.65, 31, 0.04499999999999985, 11695, 0.0025
20, 0.65, 31, 0.04499999999999985, 11696, 0.0025
20, 0.65, 31, 0.04499999999999985, 11807, 0.0025
20, 0.65, 31, 0.04499999999999985, 11808, 0.0025
20, 0.65, 31, 0.04499999999999985, 11809, 0.0025
20, 0.65, 31, 0.04499999999999985, 11810, 0.0025
20, 0.65, 31, 0.04499999999999985, 11919, 0.0025
20, 0.65, 31, 0.04499999999999985, 11920, 0.0025
20, 0.65, 31, 0.04499999999999985, 11921, 0.0025
20, 0.65, 31, 0.04499999999999985, 12032, 0.0025
20, 0.65, 31, 0.04499999999999985, 12034, 0.0025
20, 0.65, 31, 0.04499999999999985, 12035, 0.0025
20, 0.65, 34, 0.0325, 15478, 0.0025
20, 0.65, 34, 0.0325, 15479, 0.0025
20, 0.65, 34, 0.0325, 15708, 0.0025
20, 0.65, 34, 0.0325, 15710, 0.0025
20, 0.65, 34, 0.0325, 15828, 0.0025
20, 0.65, 34, 0.0325, 15829, 0.0025
20, 0.65, 34, 0.0325, 15830, 0.0025
20, 0.65, 34, 0.0325, 16065, 0.0025
20, 0.65, 34, 0.0325, 16181, 0.0025
20, 0.65, 34, 0.0325, 16182, 0.0025
20, 0.65, 34, 0.0325, 16299, 0.0025
20, 0.65, 34, 0.0325, 16411, 0.0025
20, 0.65, 38, 0.06249999999999994, 16659, 0.0025
20, 0.65, 38, 0.06249999999999994, 16660, 0.0025
20, 0.65, 41, 0.0799999999999997, 16755, 0.0025
20, 0.65, 38, 0.06249999999999994, 16762, 0.0025
20, 0.65, 38, 0.06249999999999994, 16879, 0.0025
20, 0.65, 38, 0.06249999999999994, 16990, 0.0025
20, 0.65, 38, 0.06249999999999994, 16991, 0.0025
20, 0.65, 38, 0.06249999999999994, 16992, 0.0025
20, 0.65, 41, 0.0799999999999997, 17087, 0.0025
20, 0.65, 41, 0.0799999999999997, 17092, 0.0025
20, 0.65, 38, 0.06249999999999994, 17098, 0.0025
20, 0.65, 41, 0.0799999999999997, 17190, 0.0025
20, 0.65, 41, 0.0799999999999997, 17197, 0.0025
20, 0.65, 38, 0.06249999999999994, 17201, 0.0025
20, 0.65, 38, 0.06249999999999994, 17203, 0.0025
20, 0.65, 38, 0.06249999999999994, 17204, 0.0025
20, 0.65, 41, 0.0799999999999997, 17293, 0.0025
20, 0.65, 41, 0.0799999999999997, 17295, 0.0025
20, 0.65, 41, 0.0799999999999997, 17299, 0.0025
20, 0.65, 41, 0.0799999999999997, 17301, 0.0025
20, 0.65, 38, 0.06249999999999994, 17304, 0.0025
20, 0.65, 38, 0.06249999999999994, 17305, 0.0025
20, 0.65, 38, 0.06249999999999994, 17306, 0.0025
20, 0.65, 38, 0.06249999999999994, 17310, 0.0025
20, 0.65, 34, 0.0325, 17383, 0.0025
20, 0.65, 41, 0.0799999999999997, 17395, 0.0025
20, 0.65, 41, 0.0799999999999997, 17401, 0.0025
20, 0.65, 41, 0.0799999999999997, 17402, 0.0025
20, 0.65, 41, 0.0799999999999997, 17404, 0.0025
20, 0.65, 38, 0.06249999999999994, 17407, 0.0025
20, 0.65, 38, 0.06249999999999994, 17408, 0.0025
20, 0.65, 38, 0.06249999999999994, 17409, 0.0025
20, 0.65, 38, 0.06249999999999994, 17413, 0.0025
20, 0.65, 34, 0.0325, 17487, 0.0025
20, 0.65, 41, 0.0799999999999997, 17503, 0.0025
20, 0.65, 41, 0.0799999999999997, 17504, 0.0025
20, 0.65, 41, 0.0799999999999997, 17505, 0.0025
20, 0.65, 41, 0.0799999999999997, 17506, 0.0025
20, 0.65, 41, 0.0799999999999997, 17509, 0.0025
20, 0.65, 38, 0.06249999999999994, 17512, 0.0025
20, 0.65, 41, 0.0799999999999997, 17602, 0.0025
20, 0.65, 41, 0.0799999999999997, 17603, 0.0025
20, 0.65, 41, 0.0799999999999997, 17604, 0.0025
20, 0.65, 41, 0.0799999999999997, 17605, 0.0025
20, 0.65, 41, 0.0799999999999997, 17607, 0.0025
20, 0.65, 38, 0.06249999999999994, 17612, 0.0025
20, 0.65, 38, 0.06249999999999994, 17613, 0.0025
20, 0.65, 38, 0.06249999999999994, 17614, 0.0025
20, 0.65, 41, 0.0799999999999997, 17699, 0.0025
20, 0.65, 41, 0.0799999999999997, 17700, 0.0025
20, 0.65, 41, 0.0799999999999997, 17703, 0.0025
20, 0.65, 38, 0.06249999999999994, 17708, 0.0025
20, 0.65, 38, 0.06249999999999994, 17709, 0.0025
20, 0.65, 41, 0.0799999999999997, 17793, 0.0025
20, 0.65, 41, 0.0799999999999997, 17795, 0.0025
20, 0.65, 41, 0.0799999999999997, 17797, 0.0025
20, 0.65, 38, 0.06249999999999994, 17800, 0.0025
20, 0.65, 41, 0.0799999999999997, 17976, 0.0025
20, 0.65, 41, 0.0799999999999997, 18060, 0.0025
20, 0.65, 41, 0.0799999999999997, 18062, 0.0025
20, 0.65, 41, 0.0799999999999997, 18149, 0.0025
20, 0.65, 64, 0.03250000000000125, 30902, 0.0025
20, 0.65, 64, 0.03250000000000125, 31097, 0.0025
20, 0.65, 64, 0.03250000000000125, 31192, 0.0025
20, 0.65, 64, 0.03250000000000125, 31372, 0.0025
20, 0.65, 64, 0.03250000000000125, 31373, 0.0025
20, 0.65, 64, 0.03250000000000125, 31468, 0.0025
20, 0.65, 64, 0.03250000000000125, 31469, 0.0025
20, 0.65, 64, 0.03250000000000125, 31929, 0.0025
20, 0.65, 64, 0.03250000000000125, 31930, 0.0025
20, 0.65, 64, 0.03250000000000125, 31931, 0.0025
20, 0.65, 64, 0.03250000000000125, 32019, 0.0025
20, 0.65, 64, 0.03250000000000125, 32024, 0.0025
20, 0.65, 64, 0.03250000000000125, 32205, 0.0025
20, 0.65, 64, 0.03250000000000125, 32206, 0.0025
20, 0.65, 71, 0.035, 33731, 0.0025
20, 0.65, 71, 0.035, 33808, 0.0025
20, 0.65, 71, 0.035, 35055, 0.0025
20, 0.65, 71, 0.035, 35056, 0.0025
20, 0.65, 71, 0.035, 35342, 0.0025
20, 0.65, 71, 0.035, 35416, 0.0025
20, 0.65, 71, 0.035, 35558, 0.0025
20, 0.65, 71, 0.035, 35559, 0.0025
20, 0.65, 71, 0.035, 35625, 0.0025
20, 0.65, 71, 0.035, 35626, 0.0025
20, 0.65, 71, 0.035, 35627, 0.0025
20, 0.65, 71, 0.035, 35628, 0.0025
20, 0.65, 71, 0.035, 35699, 0.0025
20, 0.65, 71, 0.035, 35700, 0.0025
20, 0.65, 71, 0.035, 35772, 0.0025
20, 0.65, 98, 0.05250000000000003, 48314, 0.0025
20, 0.65, 98, 0.05250000000000003, 48978, 0.0025
20, 0.65, 98, 0.05250000000000003, 48979, 0.0025
20, 0.65, 98, 0.05250000000000003, 49250, 0.0025
20, 0.65, 98, 0.05250000000000003, 49251, 0.0025
20, 0.65, 98, 0.05250000000000003, 49253, 0.0025
20, 0.65, 98, 0.05250000000000003, 49377, 0.0025
20, 0.65, 98, 0.05250000000000003, 49511, 0.0025
20, 0.65, 98, 0.05250000000000003, 49516, 0.0025
20, 0.65, 98, 0.05250000000000003, 49650, 0.0025
20, 0.65, 98, 0.05250000000000003, 49651, 0.0025
20, 0.65, 98, 0.05250000000000003, 49785, 0.0025
20, 0.65, 98, 0.05250000000000003, 49920, 0.0025
20, 0.65, 98, 0.05250000000000003, 49921, 0.0025
20, 0.65, 98, 0.05250000000000003, 50062, 0.0025
20, 0.65, 98, 0.05250000000000003, 50063, 0.0025
20, 0.65, 98, 0.05250000000000003, 50064, 0.0025
20, 0.65, 98, 0.05250000000000003, 50065, 0.0025
20, 0.65, 98, 0.05250000000000003, 50066, 0.0025
20, 0.65, 98, 0.05250000000000003, 50208, 0.0025
20, 0.65, 98, 0.05250000000000003, 50350, 0.0025
20, 0.65, 98, 0.05250000000000003, 50627, 0.0025
20, 0.65, 105, 0.03499999999999997, 51484, 0.0025
20, 0.65, 105, 0.03499999999999997, 51485, 0.0025
20, 0.65, 105, 0.03499999999999997, 51622, 0.0025
20, 0.65, 105, 0.03499999999999997, 51624, 0.0025
20, 0.65, 105, 0.03499999999999997, 51764, 0.0025
20, 0.65, 105, 0.03499999999999997, 51901, 0.0025
20, 0.65, 105, 0.03499999999999997, 52041, 0.0025
20, 0.65, 105, 0.03499999999999997, 52184, 0.0025
20, 0.65, 105, 0.03499999999999997, 52329, 0.0025
20, 0.65, 105, 0.03499999999999997, 52473, 0.0025
20, 0.65, 105, 0.03499999999999997, 52614, 0.0025
20, 0.65, 105, 0.03499999999999997, 52754, 0.0025
20, 0.65, 105, 0.03499999999999997, 52755, 0.0025
20, 0.65, 105, 0.03499999999999997, 52893, 0.0025
20, 0.65, 105, 0.03499999999999997, 53028, 0.0025
20, 0.65, 121, 0.0325, 55186, 0.0025
20, 0.65, 121, 0.0325, 55326, 0.0025
20, 0.65, 121, 0.0325, 55330, 0.0025
20, 0.65, 121, 0.0325, 55617, 0.0025
20, 0.65, 121, 0.0325, 55756, 0.0025
20, 0.65, 121, 0.0325, 55757, 0.0025
20, 0.65, 121, 0.0325, 55759, 0.0025
20, 0.65, 121, 0.0325, 55902, 0.0025
20, 0.65, 121, 0.0325, 55903, 0.0025
20, 0.65, 121, 0.0325, 55904, 0.0025
20, 0.65, 116, 0.03499999999999993, 56389, 0.0025
20, 0.65, 121, 0.0325, 56487, 0.0025
20, 0.65, 116, 0.03499999999999993, 56537, 0.0025
20, 0.65, 116, 0.03499999999999993, 56538, 0.0025
20, 0.65, 121, 0.0325, 56633, 0.0025
20, 0.65, 121, 0.0325, 56783, 0.0025
20, 0.65, 121, 0.0325, 56784, 0.0025
20, 0.65, 116, 0.03499999999999993, 56835, 0.0025
20, 0.65, 116, 0.03499999999999993, 56983, 0.0025
20, 0.65, 116, 0.03499999999999993, 57435, 0.0025
20, 0.65, 116, 0.03499999999999993, 57589, 0.0025
20, 0.65, 116, 0.03499999999999993, 58372, 0.0025
20, 0.65, 116, 0.03499999999999993, 58374, 0.0025
20, 0.65, 116, 0.03499999999999993, 58535, 0.0025
20, 0.65, 116, 0.03499999999999993, 58536, 0.0025
20, 0.65, 116, 0.03499999999999993, 58537, 0.0025
20, 0.65, 116, 0.03499999999999993, 58702, 0.0025
20, 0.65, 116, 0.03499999999999993, 58703, 0.0025
20, 0.65, 116, 0.03499999999999993, 59042, 0.0025
20, 0.65, 137, 0.06999999999999998, 62563, 0.0025
20, 0.65, 137, 0.06999999999999998, 62564, 0.0025
20, 0.65, 137, 0.06999999999999998, 62566, 0.0025
20, 0.65, 137, 0.06999999999999998, 62567, 0.0025
20, 0.65, 137, 0.06999999999999998, 62739, 0.0025
20, 0.65, 137, 0.06999999999999998, 62740, 0.0025
20, 0.65, 137, 0.06999999999999998, 62741, 0.0025
20, 0.65, 137, 0.06999999999999998, 62910, 0.0025
20, 0.65, 137, 0.06999999999999998, 62911, 0.0025
20, 0.65, 137, 0.06999999999999998, 62913, 0.0025
20, 0.65, 137, 0.06999999999999998, 63087, 0.0025
20, 0.65, 137, 0.06999999999999998, 63088, 0.0025
20, 0.65, 137, 0.06999999999999998, 63089, 0.0025
20, 0.65, 137, 0.06999999999999998, 63254, 0.0025
20, 0.65, 137, 0.06999999999999998, 63255, 0.0025
20, 0.65, 137, 0.06999999999999998, 63258, 0.0025
20, 0.65, 137, 0.06999999999999998, 63421, 0.0025
20, 0.65, 137, 0.06999999999999998, 63422, 0.0025
20, 0.65, 137, 0.06999999999999998, 63423, 0.0025
20, 0.65, 137, 0.06999999999999998, 63587, 0.0025
20, 0.65, 137, 0.06999999999999998, 63592, 0.0025
20, 0.65, 137, 0.06999999999999998, 63757, 0.0025
20, 0.65, 137, 0.06999999999999998, 63919, 0.0025
20, 0.65, 137, 0.06999999999999998, 63920, 0.0025
20, 0.65, 133, 0.0325, 63922, 0.0025
20, 0.65, 133, 0.0325, 63923, 0.0025
20, 0.65, 137, 0.06999999999999998, 64080, 0.0025
20, 0.65, 137, 0.06999999999999998, 64081, 0.0025
20, 0.65, 137, 0.06999999999999998, 64082, 0.0025
20, 0.65, 133, 0.0325, 64098, 0.0025
20, 0.65, 133, 0.0325, 64258, 0.0025
20, 0.65, 133, 0.0325, 64259, 0.0025
20, 0.65, 137, 0.06999999999999998, 64400, 0.0025
20, 0.65, 133, 0.0325, 64403, 0.0025
20, 0.65, 133, 0.0325, 64404, 0.0025
20, 0.65, 133, 0.0325, 64415, 0.0025
20, 0.65, 133, 0.0325, 64572, 0.0025
20, 0.65, 137, 0.06999999999999998, 64712, 0.0025
20, 0.65, 133, 0.0325, 64726, 0.0025
20, 0.65, 133, 0.0325, 64878, 0.0025
20, 0.65, 133, 0.0325, 65029, 0.0025
20, 0.65, 133, 0.0325, 65177, 0.0025
20, 0.65, 133, 0.0325, 65178, 0.0025
20, 0.65, 144, 0.05, 65835, 0.0025
20, 0.65, 144, 0.05, 65836, 0.0025
20, 0.65, 144, 0.05, 65837, 0.0025
20, 0.65, 144, 0.05, 65975, 0.0025
20, 0.65, 144, 0.05, 65976, 0.0025
20, 0.65, 144, 0.05, 65977, 0.0025
20, 0.65, 144, 0.05, 65978, 0.0025
20, 0.65, 144, 0.05, 66113, 0.0025
20, 0.65, 144, 0.05, 66118, 0.0025
20, 0.65, 144, 0.05, 66249, 0.0025
20, 0.65, 144, 0.05, 66251, 0.0025
20, 0.65, 144, 0.05, 66258, 0.0025
20, 0.65, 144, 0.05, 66259, 0.0025
20, 0.65, 144, 0.05, 66387, 0.0025
20, 0.65, 144, 0.05, 66390, 0.0025
20, 0.65, 144, 0.05, 66393, 0.0025
20, 0.65, 144, 0.05, 66523, 0.0025
20, 0.65, 144, 0.05, 66524, 0.0025
20, 0.65, 144, 0.05, 66787, 0.0025
20, 0.65, 144, 0.05, 66788, 0.0025
20, 0.65, 144, 0.05, 66915, 0.0025
20, 0.7000000000000001, 1, 0.09750000000000059, 707, 0.0025
20, 0.7000000000000001, 1, 0.09750000000000059, 759, 0.0025
20, 0.7000000000000001, 1, 0.09750000000000059, 760, 0.0025
20, 0.7000000000000001, 1, 0.09750000000000059, 761, 0.0025
20, 0.7000000000000001, 1, 0.09750000000000059, 762, 0.0025
20, 0.7000000000000001, 1, 0.09750000000000059, 814, 0.0025
20, 0.7000000000000001, 1, 0.09750000000000059, 815, 0.0025
20, 0.7000000000000001, 1, 0.09750000000000059, 816, 0.0025
20, 0.7000000000000001, 1, 0.09750000000000059, 817, 0.0025
20, 0.7000000000000001, 1, 0.09750000000000059, 818, 0.0025
20, 0.7000000000000001, 1, 0.09750000000000059, 874, 0.0025
20, 0.7000000000000001, 1, 0.09750000000000059, 875, 0.0025
20, 0.7000000000000001, 1, 0.09750000000000059, 876, 0.0025
20, 0.7000000000000001, 1, 0.09750000000000059, 877, 0.0025
20, 0.7000000000000001, 1, 0.09750000000000059, 936, 0.0025
20, 0.7000000000000001, 1, 0.09750000000000059, 937, 0.0025
20, 0.7000000000000001, 1, 0.09750000000000059, 938, 0.0025
20, 0.7000000000000001, 1, 0.09750000000000059, 1258, 0.0025
20, 0.7000000000000001, 1, 0.09750000000000059, 1330, 0.0025
20, 0.7000000000000001, 1, 0.09750000000000059, 1331, 0.0025
20, 0.7000000000000001, 1, 0.09750000000000059, 1332, 0.0025
20, 0.7000000000000001, 1, 0.09750000000000059, 1333, 0.0025
20, 0.7000000000000001, 1, 0.09750000000000059, 1334, 0.0025
20, 0.7000000000000001, 1, 0.09750000000000059, 1406, 0.0025
20, 0.7000000000000001, 1, 0.09750000000000059, 1407, 0.0025
20, 0.7000000000000001, 1, 0.09750000000000059, 1408, 0.0025
20, 0.7000000000000001, 1, 0.09750000000000059, 1409, 0.0025
20, 0.7000000000000001, 1, 0.09750000000000059, 1410, 0.0025
20, 0.7000000000000001, 1, 0.09750000000000059, 1482, 0.0025
20, 0.7000000000000001, 1, 0.09750000000000059, 1483, 0.0025
20, 0.7000000000000001, 1, 0.09750000000000059, 1484, 0.0025
20, 0.7000000000000001, 1, 0.09750000000000059, 1485, 0.0025
20, 0.7000000000000001, 1, 0.09750000000000059, 1486, 0.0025
20, 0.7000000000000001, 1, 0.09750000000000059, 1560, 0.0025
20, 0.7000000000000001, 1, 0.09750000000000059, 1561, 0.0025
20, 0.7000000000000001, 1, 0.09750000000000059, 1562, 0.0025
20, 0.7000000000000001, 1, 0.09750000000000059, 1563, 0.0025
20, 0.7000000000000001, 1, 0.09750000000000059, 1641, 0.0025
20, 0.7000000000000001, 1, 0.09750000000000059, 1642, 0.0025
20, 0.7000000000000001, 1, 0.09750000000000059, 1724, 0.0025
20, 0.7000000000000001, 10, 0.0325, 2101, 0.0025
20, 0.7000000000000001, 10, 0.0325, 2399, 0.0025
20, 0.7000000000000001, 10, 0.0325, 2400, 0.0025
20, 0.7000000000000001, 5, 0.03249999999999992, 2535, 0.0025
20, 0.7000000000000001, 5, 0.03249999999999992, 2536, 0.0025
20, 0.7000000000000001, 5, 0.03249999999999992, 2537, 0.0025
20, 0.7000000000000001, 10, 0.0325, 2604, 0.0025
20, 0.7000000000000001, 10, 0.0325, 2605, 0.0025
20, 0.7000000000000001, 10, 0.0325, 2813, 0.0025
20, 0.7000000000000001, 10, 0.0325, 2815, 0.0025
20, 0.7000000000000001, 10, 0.0325, 2920, 0.0025
20, 0.7000000000000001, 10, 0.0325, 3136, 0.0025
20, 0.7000000000000001, 10, 0.0325, 3243, 0.0025
20, 0.7000000000000001, 5, 0.03249999999999992, 3273, 0.0025
20, 0.7000000000000001, 5, 0.03249999999999992, 3274, 0.0025
20, 0.7000000000000001, 5, 0.03249999999999992, 3275, 0.0025
20, 0.7000000000000001, 10, 0.0325, 3352, 0.0025
20, 0.7000000000000001, 5, 0.03249999999999992, 3382, 0.0025
20, 0.7000000000000001, 5, 0.03249999999999992, 3383, 0.0025
20, 0.7000000000000001, 5, 0.03249999999999992, 3493, 0.0025
20, 0.7000000000000001, 5, 0.03249999999999992, 3494, 0.0025
20, 0.7000000000000001, 10, 0.0325, 3575, 0.0025
20, 0.7000000000000001, 5, 0.03249999999999992, 3604, 0.0025
20, 0.7000000000000001, 10, 0.0325, 3686, 0.0025
20, 0.7000000000000001, 5, 0.03249999999999992, 3715, 0.0025
20, 0.7000000000000001, 5, 0.03249999999999992, 3716, 0.0025
20, 0.7000000000000001, 10, 0.0325, 3802, 0.0025
20, 0.7000000000000001, 5, 0.03249999999999992, 3943, 0.0025
20, 0.7000000000000001, 16, 0.03249999999999992, 5678, 0.0025
20, 0.7000000000000001, 16, 0.03249999999999992, 5806, 0.0025
20, 0.7000000000000001, 16, 0.03249999999999992, 5934, 0.0025
20, 0.7000000000000001, 16, 0.03249999999999992, 6063, 0.0025
20, 0.7000000000000001, 16, 0.03249999999999992, 6192, 0.0025
20, 0.7000000000000001, 16, 0.03249999999999992, 6323, 0.0025
20, 0.7000000000000001, 16, 0.03249999999999992, 6454, 0.0025
20, 0.7000000000000001, 19, 0.15, 6474, 0.0025
20, 0.7000000000000001, 19, 0.15, 6475, 0.0025
20, 0.7000000000000001, 16, 0.03249999999999992, 6586, 0.0025
20, 0.7000000000000001, 19, 0.15, 6604, 0.0025
20, 0.7000000000000001, 19, 0.15, 6605, 0.0025
20, 0.7000000000000001, 19, 0.15, 6606, 0.0025
20, 0.7000000000000001, 19, 0.15, 6607, 0.0025
20, 0.7000000000000001, 19, 0.15, 6608, 0.0025
20, 0.7000000000000001, 16, 0.03249999999999992, 6719, 0.0025
20, 0.7000000000000001, 19, 0.15, 6737, 0.0025
20, 0.7000000000000001, 19, 0.15, 6738, 0.0025
20, 0.7000000000000001, 19, 0.15, 6739, 0.0025
20, 0.7000000000000001, 19, 0.15, 6740, 0.0025
20, 0.7000000000000001, 19, 0.15, 6741, 0.0025
20, 0.7000000000000001, 16, 0.03249999999999992, 6852, 0.0025
20, 0.7000000000000001, 19, 0.15, 6869, 0.0025
20, 0.7000000000000001, 19, 0.15, 6870, 0.0025
20, 0.7000000000000001, 19, 0.15, 6871, 0.0025
20, 0.7000000000000001, 19, 0.15, 6872, 0.0025
20, 0.7000000000000001, 19, 0.15, 6873, 0.0025
20, 0.7000000000000001, 19, 0.15, 6874, 0.0025
20, 0.7000000000000001, 19, 0.15, 6875, 0.0025
20, 0.7000000000000001, 16, 0.03249999999999992, 6986, 0.0025
20, 0.7000000000000001, 19, 0.15, 7004, 0.0025
20, 0.7000000000000001, 19, 0.15, 7005, 0.0025
20, 0.7000000000000001, 19, 0.15, 7006, 0.0025
20, 0.7000000000000001, 19, 0.15, 7007, 0.0025
20, 0.7000000000000001, 19, 0.15, 7008, 0.0025
20, 0.7000000000000001, 19, 0.15, 7009, 0.0025
20, 0.7000000000000001, 16, 0.03249999999999992, 7119, 0.0025
20, 0.7000000000000001, 16, 0.03249999999999992, 7120, 0.0025
20, 0.7000000000000001, 19, 0.15, 7137, 0.0025
20, 0.7000000000000001, 19, 0.15, 7138, 0.0025
20, 0.7000000000000001, 19, 0.15, 7139, 0.0025
20, 0.7000000000000001, 19, 0.15, 7140, 0.0025
20, 0.7000000000000001, 19, 0.15, 7141, 0.0025
20, 0.7000000000000001, 19, 0.15, 7142, 0.0025
20, 0.7000000000000001, 19, 0.15, 7143, 0.0025
20, 0.7000000000000001, 19, 0.15, 7144, 0.0025
20, 0.7000000000000001, 16, 0.03249999999999992, 7256, 0.0025
20, 0.7000000000000001, 19, 0.15, 7272, 0.0025
20, 0.7000000000000001, 19, 0.15, 7273, 0.0025
20, 0.7000000000000001, 19, 0.15, 7274, 0.0025
20, 0.7000000000000001, 19, 0.15, 7275, 0.0025
20, 0.7000000000000001, 19, 0.15, 7276, 0.0025
20, 0.7000000000000001, 19, 0.15, 7277, 0.0025
20, 0.7000000000000001, 19, 0.15, 7278, 0.0025
20, 0.7000000000000001, 19, 0.15, 7279, 0.0025
20, 0.7000000000000001, 19, 0.15, 7280, 0.0025
20, 0.7000000000000001, 19, 0.15, 7408, 0.0025
20, 0.7000000000000001, 19, 0.15, 7409, 0.0025
20, 0.7000000000000001, 19, 0.15, 7410, 0.0025
20, 0.7000000000000001, 19, 0.15, 7411, 0.0025
20, 0.7000000000000001, 19, 0.15, 7412, 0.0025
20, 0.7000000000000001, 19, 0.15, 7413, 0.0025
20, 0.7000000000000001, 19, 0.15, 7414, 0.0025
20, 0.7000000000000001, 19, 0.15, 7415, 0.0025
20, 0.7000000000000001, 19, 0.15, 7416, 0.0025
20, 0.7000000000000001, 19, 0.15, 7546, 0.0025
20, 0.7000000000000001, 19, 0.15, 7547, 0.0025
20, 0.7000000000000001, 19, 0.15, 7548, 0.0025
20, 0.7000000000000001, 19, 0.15, 7549, 0.0025
20, 0.7000000000000001, 19, 0.15, 7550, 0.0025
20, 0.7000000000000001, 19, 0.15, 7551, 0.0025
20, 0.7000000000000001, 19, 0.15, 7552, 0.0025
20, 0.7000000000000001, 19, 0.15, 7684, 0.0025
20, 0.7000000000000001, 19, 0.15, 7687, 0.0025
20, 0.7000000000000001, 19, 0.15, 7688, 0.0025
20, 0.7000000000000001, 25, 0.03499999999999995, 9428, 0.0025
20, 0.7000000000000001, 25, 0.03499999999999995, 9577, 0.0025
20, 0.7000000000000001, 25, 0.03499999999999995, 9578, 0.0025
20, 0.7000000000000001, 25, 0.03499999999999995, 9717, 0.0025
20, 0.7000000000000001, 25, 0.03499999999999995, 9718, 0.0025
20, 0.7000000000000001, 25, 0.03499999999999995, 9719, 0.0025
20, 0.7000000000000001, 25, 0.03499999999999995, 9720, 0.0025
20, 0.7000000000000001, 25, 0.03499999999999995, 9847, 0.0025
20, 0.7000000000000001, 25, 0.03499999999999995, 9849, 0.0025
20, 0.7000000000000001, 25, 0.03499999999999995, 9850, 0.0025
20, 0.7000000000000001, 25, 0.03499999999999995, 9975, 0.0025
20, 0.7000000000000001, 25, 0.03499999999999995, 10090, 0.0025
20, 0.7000000000000001, 25, 0.03499999999999995, 10203, 0.0025
20, 0.7000000000000001, 25, 0.03499999999999995, 10204, 0.0025
20, 0.7000000000000001, 25, 0.03499999999999995, 10205, 0.0025
20, 0.7000000000000001, 31, 0.0325, 11242, 0.0025
20, 0.7000000000000001, 31, 0.0325, 11353, 0.0025
20, 0.7000000000000001, 31, 0.0325, 11469, 0.0025
20, 0.7000000000000001, 31, 0.0325, 11580, 0.0025
20, 0.7000000000000001, 31, 0.0325, 11581, 0.0025
20, 0.7000000000000001, 31, 0.0325, 11582, 0.0025
20, 0.7000000000000001, 31, 0.0325, 11694, 0.0025
20, 0.7000000000000001, 31, 0.0325, 11695, 0.0025
20, 0.7000000000000001, 31, 0.0325, 11696, 0.0025
20, 0.7000000000000001, 31, 0.0325, 11807, 0.0025
20, 0.7000000000000001, 31, 0.0325, 11808, 0.0025
20, 0.7000000000000001, 31, 0.0325, 11809, 0.0025
20, 0.7000000000000001, 31, 0.0325, 11810, 0.0025
20, 0.7000000000000001, 31, 0.0325, 11921, 0.0025
20, 0.7000000000000001, 37, 0.0325, 15440, 0.0025
20, 0.7000000000000001, 37, 0.0325, 15553, 0.0025
20, 0.7000000000000001, 37, 0.0325, 15669, 0.0025
20, 0.7000000000000001, 37, 0.0325, 15788, 0.0025
20, 0.7000000000000001, 37, 0.0325, 15903, 0.0025
20, 0.7000000000000001, 37, 0.0325, 16020, 0.0025
20, 0.7000000000000001, 37, 0.0325, 16021, 0.0025
20, 0.7000000000000001, 37, 0.0325, 16138, 0.0025
20, 0.7000000000000001, 37, 0.0325, 16256, 0.0025
20, 0.7000000000000001, 37, 0.0325, 16257, 0.0025
20, 0.7000000000000001, 37, 0.0325, 16371, 0.0025
20, 0.7000000000000001, 37, 0.0325, 16484, 0.0025
20, 0.7000000000000001, 37, 0.0325, 16485, 0.0025
20, 0.7000000000000001, 37, 0.0325, 16595, 0.0025
20, 0.7000000000000001, 38, 0.05999999999999991, 16659, 0.0025
20, 0.7000000000000001, 38, 0.05999999999999991, 16660, 0.0025
20, 0.7000000000000001, 41, 0.09, 16755, 0.0025
20, 0.7000000000000001, 38, 0.05999999999999991, 16762, 0.0025
20, 0.7000000000000001, 38, 0.05999999999999991, 16879, 0.0025
20, 0.7000000000000001, 38, 0.05999999999999991, 16990, 0.0025
20, 0.7000000000000001, 38, 0.05999999999999991, 16991, 0.0025
20, 0.7000000000000001, 38, 0.05999999999999991, 16992, 0.0025
20, 0.7000000000000001, 41, 0.09, 17087, 0.0025
20, 0.7000000000000001, 41, 0.09, 17092, 0.0025
20, 0.7000000000000001, 38, 0.05999999999999991, 17098, 0.0025
20, 0.7000000000000001, 41, 0.09, 17190, 0.0025
20, 0.7000000000000001, 41, 0.09, 17197, 0.0025
20, 0.7000000000000001, 38, 0.05999999999999991, 17201, 0.0025
20, 0.7000000000000001, 38, 0.05999999999999991, 17203, 0.0025
20, 0.7000000000000001, 38, 0.05999999999999991, 17204, 0.0025
20, 0.7000000000000001, 41, 0.09, 17293, 0.0025
20, 0.7000000000000001, 41, 0.09, 17295, 0.0025
20, 0.7000000000000001, 41, 0.09, 17299, 0.0025
20, 0.7000000000000001, 41, 0.09, 17301, 0.0025
20, 0.7000000000000001, 38, 0.05999999999999991, 17304, 0.0025
20, 0.7000000000000001, 38, 0.05999999999999991, 17305, 0.0025
20, 0.7000000000000001, 38, 0.05999999999999991, 17306, 0.0025
20, 0.7000000000000001, 41, 0.09, 17395, 0.0025
20, 0.7000000000000001, 41, 0.09, 17401, 0.0025
20, 0.7000000000000001, 41, 0.09, 17402, 0.0025
20, 0.7000000000000001, 41, 0.09, 17404, 0.0025
20, 0.7000000000000001, 41, 0.09, 17405, 0.0025
20, 0.7000000000000001, 38, 0.05999999999999991, 17407, 0.0025
20, 0.7000000000000001, 38, 0.05999999999999991, 17408, 0.0025
20, 0.7000000000000001, 38, 0.05999999999999991, 17409, 0.0025
20, 0.7000000000000001, 38, 0.05999999999999991, 17413, 0.0025
20, 0.7000000000000001, 41, 0.09, 17503, 0.0025
20, 0.7000000000000001, 41, 0.09, 17504, 0.0025
20, 0.7000000000000001, 41, 0.09, 17505, 0.0025
20, 0.7000000000000001, 41, 0.09, 17506, 0.0025
20, 0.7000000000000001, 41, 0.09, 17508, 0.0025
20, 0.7000000000000001, 41, 0.09, 17509, 0.0025
20, 0.7000000000000001, 38, 0.05999999999999991, 17512, 0.0025
20, 0.7000000000000001, 41, 0.09, 17602, 0.0025
20, 0.7000000000000001, 41, 0.09, 17603, 0.0025
20, 0.7000000000000001, 41, 0.09, 17604, 0.0025
20, 0.7000000000000001, 41, 0.09, 17605, 0.0025
20, 0.7000000000000001, 41, 0.09, 17607, 0.0025
20, 0.7000000000000001, 38, 0.05999999999999991, 17612, 0.0025
20, 0.7000000000000001, 38, 0.05999999999999991, 17613, 0.0025
20, 0.7000000000000001, 38, 0.05999999999999991, 17614, 0.0025
20, 0.7000000000000001, 41, 0.09, 17699, 0.0025
20, 0.7000000000000001, 41, 0.09, 17700, 0.0025
20, 0.7000000000000001, 41, 0.09, 17703, 0.0025
20, 0.7000000000000001, 38, 0.05999999999999991, 17708, 0.0025
20, 0.7000000000000001, 38, 0.05999999999999991, 17709, 0.0025
20, 0.7000000000000001, 41, 0.09, 17791, 0.0025
20, 0.7000000000000001, 41, 0.09, 17793, 0.0025
20, 0.7000000000000001, 41, 0.09, 17795, 0.0025
20, 0.7000000000000001, 41, 0.09, 17797, 0.0025
20, 0.7000000000000001, 38, 0.05999999999999991, 17800, 0.0025
20, 0.7000000000000001, 41, 0.09, 17976, 0.0025
20, 0.7000000000000001, 41, 0.09, 17978, 0.0025
20, 0.7000000000000001, 41, 0.09, 18060, 0.0025
20, 0.7000000000000001, 41, 0.09, 18062, 0.0025
20, 0.7000000000000001, 41, 0.09, 18149, 0.0025
20, 0.7000000000000001, 51, 0.03249999999999996, 25471, 0.0025
20, 0.7000000000000001, 51, 0.03249999999999996, 25472, 0.0025
20, 0.7000000000000001, 51, 0.03249999999999996, 25582, 0.0025
20, 0.7000000000000001, 51, 0.03249999999999996, 25583, 0.0025
20, 0.7000000000000001, 51, 0.03249999999999996, 25691, 0.0025
20, 0.7000000000000001, 51, 0.03249999999999996, 25692, 0.0025
20, 0.7000000000000001, 51, 0.03249999999999996, 25694, 0.0025
20, 0.7000000000000001, 51, 0.03249999999999996, 25806, 0.0025
20, 0.7000000000000001, 51, 0.03249999999999996, 25807, 0.0025
20, 0.7000000000000001, 51, 0.03249999999999996, 25918, 0.0025
20, 0.7000000000000001, 51, 0.03249999999999996, 25919, 0.0025
20, 0.7000000000000001, 51, 0.03249999999999996, 25920, 0.0025
20, 0.7000000000000001, 51, 0.03249999999999996, 26036, 0.0025
20, 0.7000000000000001, 51, 0.03249999999999996, 26037, 0.0025
20, 0.7000000000000001, 64, 0.03249999999999998, 30902, 0.0025
20, 0.7000000000000001, 64, 0.03249999999999998, 31097, 0.0025
20, 0.7000000000000001, 64, 0.03249999999999998, 31192, 0.0025
20, 0.7000000000000001, 64, 0.03249999999999998, 31372, 0.0025
20, 0.7000000000000001, 64, 0.03249999999999998, 31373, 0.0025
20, 0.7000000000000001, 64, 0.03249999999999998, 31468, 0.0025
20, 0.7000000000000001, 64, 0.03249999999999998, 31469, 0.0025
20, 0.7000000000000001, 64, 0.03249999999999998, 31929, 0.0025
20, 0.7000000000000001, 64, 0.03249999999999998, 31930, 0.0025
20, 0.7000000000000001, 64, 0.03249999999999998, 31931, 0.0025
20, 0.7000000000000001, 64, 0.03249999999999998, 32019, 0.0025
20, 0.7000000000000001, 64, 0.03249999999999998, 32024, 0.0025
20, 0.7000000000000001, 64, 0.03249999999999998, 32205, 0.0025
20, 0.7000000000000001, 64, 0.03249999999999998, 32206, 0.0025
20, 0.7000000000000001, 71, 0.035, 33731, 0.0025
20, 0.7000000000000001, 71, 0.035, 33808, 0.0025
20, 0.7000000000000001, 71, 0.035, 35055, 0.0025
20, 0.7000000000000001, 71, 0.035, 35056, 0.0025
20, 0.7000000000000001, 71, 0.035, 35342, 0.0025
20, 0.7000000000000001, 71, 0.035, 35416, 0.0025
20, 0.7000000000000001, 71, 0.035, 35558, 0.0025
20, 0.7000000000000001, 71, 0.035, 35559, 0.0025
20, 0.7000000000000001, 71, 0.035, 35625, 0.0025
20, 0.7000000000000001, 71, 0.035, 35626, 0.0025
20, 0.7000000000000001, 71, 0.035, 35627, 0.0025
20, 0.7000000000000001, 71, 0.035, 35628, 0.0025
20, 0.7000000000000001, 71, 0.035, 35699, 0.0025
20, 0.7000000000000001, 71, 0.035, 35700, 0.0025
20, 0.7000000000000001, 71, 0.035, 35772, 0.0025
20, 0.7000000000000001, 98, 0.05250000000000009, 48314, 0.0025
20, 0.7000000000000001, 98, 0.05250000000000009, 48978, 0.0025
20, 0.7000000000000001, 98, 0.05250000000000009, 48979, 0.0025
20, 0.7000000000000001, 98, 0.05250000000000009, 49250, 0.0025
20, 0.7000000000000001, 98, 0.05250000000000009, 49251, 0.0025
20, 0.7000000000000001, 98, 0.05250000000000009, 49253, 0.0025
20, 0.7000000000000001, 98, 0.05250000000000009, 49377, 0.0025
20, 0.7000000000000001, 98, 0.05250000000000009, 49511, 0.0025
20, 0.7000000000000001, 98, 0.05250000000000009, 49516, 0.0025
20, 0.7000000000000001, 98, 0.05250000000000009, 49650, 0.0025
20, 0.7000000000000001, 98, 0.05250000000000009, 49651, 0.0025
20, 0.7000000000000001, 98, 0.05250000000000009, 49785, 0.0025
20, 0.7000000000000001, 98, 0.05250000000000009, 49920, 0.0025
20, 0.7000000000000001, 98, 0.05250000000000009, 49921, 0.0025
20, 0.7000000000000001, 98, 0.05250000000000009, 50062, 0.0025
20, 0.7000000000000001, 98, 0.05250000000000009, 50063, 0.0025
20, 0.7000000000000001, 98, 0.05250000000000009, 50064, 0.0025
20, 0.7000000000000001, 98, 0.05250000000000009, 50065, 0.0025
20, 0.7000000000000001, 98, 0.05250000000000009, 50066, 0.0025
20, 0.7000000000000001, 98, 0.05250000000000009, 50208, 0.0025
20, 0.7000000000000001, 98, 0.05250000000000009, 50350, 0.0025
20, 0.7000000000000001, 98, 0.05250000000000009, 50627, 0.0025
20, 0.7000000000000001, 105, 0.03500000000000008, 51484, 0.0025
20, 0.7000000000000001, 105, 0.03500000000000008, 51485, 0.0025
20, 0.7000000000000001, 105, 0.03500000000000008, 51622, 0.0025
20, 0.7000000000000001, 105, 0.03500000000000008, 51624, 0.0025
20, 0.7000000000000001, 105, 0.03500000000000008, 51764, 0.0025
20, 0.7000000000000001, 105, 0.03500000000000008, 51901, 0.0025
20, 0.7000000000000001, 105, 0.03500000000000008, 52041, 0.0025
20, 0.7000000000000001, 105, 0.03500000000000008, 52184, 0.0025
20, 0.7000000000000001, 105, 0.03500000000000008, 52329, 0.0025
20, 0.7000000000000001, 105, 0.03500000000000008, 52473, 0.0025
20, 0.7000000000000001, 105, 0.03500000000000008, 52614, 0.0025
20, 0.7000000000000001, 105, 0.03500000000000008, 52754, 0.0025
20, 0.7000000000000001, 105, 0.03500000000000008, 52755, 0.0025
20, 0.7000000000000001, 105, 0.03500000000000008, 52893, 0.0025
20, 0.7000000000000001, 105, 0.03500000000000008, 53028, 0.0025
20, 0.7000000000000001, 121, 0.03249999999999999, 55186, 0.0025
20, 0.7000000000000001, 121, 0.03249999999999999, 55326, 0.0025
20, 0.7000000000000001, 121, 0.03249999999999999, 55330, 0.0025
20, 0.7000000000000001, 121, 0.03249999999999999, 55617, 0.0025
20, 0.7000000000000001, 121, 0.03249999999999999, 55756, 0.0025
20, 0.7000000000000001, 121, 0.03249999999999999, 55757, 0.0025
20, 0.7000000000000001, 121, 0.03249999999999999, 55759, 0.0025
20, 0.7000000000000001, 121, 0.03249999999999999, 55902, 0.0025
20, 0.7000000000000001, 121, 0.03249999999999999, 55903, 0.0025
20, 0.7000000000000001, 121, 0.03249999999999999, 55904, 0.0025
20, 0.7000000000000001, 116, 0.0325, 56389, 0.0025
20, 0.7000000000000001, 121, 0.03249999999999999, 56487, 0.0025
20, 0.7000000000000001, 116, 0.0325, 56537, 0.0025
20, 0.7000000000000001, 116, 0.0325, 56538, 0.0025
20, 0.7000000000000001, 121, 0.03249999999999999, 56633, 0.0025
20, 0.7000000000000001, 121, 0.03249999999999999, 56783, 0.0025
20, 0.7000000000000001, 121, 0.03249999999999999, 56784, 0.0025
20, 0.7000000000000001, 116, 0.0325, 56835, 0.0025
20, 0.7000000000000001, 116, 0.0325, 56983, 0.0025
20, 0.7000000000000001, 116, 0.0325, 57589, 0.0025
20, 0.7000000000000001, 116, 0.0325, 58372, 0.0025
20, 0.7000000000000001, 116, 0.0325, 58374, 0.0025
20, 0.7000000000000001, 116, 0.0325, 58535, 0.0025
20, 0.7000000000000001, 116, 0.0325, 58536, 0.0025
20, 0.7000000000000001, 116, 0.0325, 58537, 0.0025
20, 0.7000000000000001, 116, 0.0325, 58702, 0.0025
20, 0.7000000000000001, 116, 0.0325, 58703, 0.0025
20, 0.7000000000000001, 116, 0.0325, 59042, 0.0025
20, 0.7000000000000001, 137, 0.06999999999999994, 62563, 0.0025
20, 0.7000000000000001, 137, 0.06999999999999994, 62564, 0.0025
20, 0.7000000000000001, 137, 0.06999999999999994, 62566, 0.0025
20, 0.7000000000000001, 137, 0.06999999999999994, 62567, 0.0025
20, 0.7000000000000001, 137, 0.06999999999999994, 62739, 0.0025
20, 0.7000000000000001, 137, 0.06999999999999994, 62740, 0.0025
20, 0.7000000000000001, 137, 0.06999999999999994, 62741, 0.0025
20, 0.7000000000000001, 137, 0.06999999999999994, 62910, 0.0025
20, 0.7000000000000001, 137, 0.06999999999999994, 62911, 0.0025
20, 0.7000000000000001, 137, 0.06999999999999994, 62913, 0.0025
20, 0.7000000000000001, 137, 0.06999999999999994, 63087, 0.0025
20, 0.7000000000000001, 137, 0.06999999999999994, 63088, 0.0025
20, 0.7000000000000001, 137, 0.06999999999999994, 63089, 0.0025
20, 0.7000000000000001, 137, 0.06999999999999994, 63254, 0.0025
20, 0.7000000000000001, 137, 0.06999999999999994, 63255, 0.0025
20, 0.7000000000000001, 137, 0.06999999999999994, 63258, 0.0025
20, 0.7000000000000001, 137, 0.06999999999999994, 63421, 0.0025
20, 0.7000000000000001, 137, 0.06999999999999994, 63422, 0.0025
20, 0.7000000000000001, 137, 0.06999999999999994, 63423, 0.0025
20, 0.7000000000000001, 137, 0.06999999999999994, 63587, 0.0025
20, 0.7000000000000001, 137, 0.06999999999999994, 63592, 0.0025
20, 0.7000000000000001, 137, 0.06999999999999994, 63757, 0.0025
20, 0.7000000000000001, 137, 0.06999999999999994, 63919, 0.0025
20, 0.7000000000000001, 137, 0.06999999999999994, 63920, 0.0025
20, 0.7000000000000001, 133, 0.03249999999999999, 63922, 0.0025
20, 0.7000000000000001, 133, 0.03249999999999999, 63923, 0.0025
20, 0.7000000000000001, 137, 0.06999999999999994, 64080, 0.0025
20, 0.7000000000000001, 137, 0.06999999999999994, 64081, 0.0025
20, 0.7000000000000001, 137, 0.06999999999999994, 64082, 0.0025
20, 0.7000000000000001, 133, 0.03249999999999999, 64098, 0.0025
20, 0.7000000000000001, 133, 0.03249999999999999, 64258, 0.0025
20, 0.7000000000000001, 133, 0.03249999999999999, 64259, 0.0025
20, 0.7000000000000001, 137, 0.06999999999999994, 64400, 0.0025
20, 0.7000000000000001, 133, 0.03249999999999999, 64403, 0.0025
20, 0.7000000000000001, 133, 0.03249999999999999, 64404, 0.0025
20, 0.7000000000000001, 133, 0.03249999999999999, 64415, 0.0025
20, 0.7000000000000001, 133, 0.03249999999999999, 64572, 0.0025
20, 0.7000000000000001, 137, 0.06999999999999994, 64712, 0.0025
20, 0.7000000000000001, 133, 0.03249999999999999, 64726, 0.0025
20, 0.7000000000000001, 133, 0.03249999999999999, 64878, 0.0025
20, 0.7000000000000001, 133, 0.03249999999999999, 65029, 0.0025
20, 0.7000000000000001, 133, 0.03249999999999999, 65177, 0.0025
20, 0.7000000000000001, 133, 0.03249999999999999, 65178, 0.0025
20, 0.7000000000000001, 144, 0.05, 65835, 0.0025
20, 0.7000000000000001, 144, 0.05, 65836, 0.0025
20, 0.7000000000000001, 144, 0.05, 65837, 0.0025
20, 0.7000000000000001, 144, 0.05, 65975, 0.0025
20, 0.7000000000000001, 144, 0.05, 65976, 0.0025
20, 0.7000000000000001, 144, 0.05, 65977, 0.0025
20, 0.7000000000000001, 144, 0.05, 65978, 0.0025
20, 0.7000000000000001, 144, 0.05, 66113, 0.0025
20, 0.7000000000000001, 144, 0.05, 66118, 0.0025
20, 0.7000000000000001, 144, 0.05, 66249, 0.0025
20, 0.7000000000000001, 144, 0.05, 66251, 0.0025
20, 0.7000000000000001, 144, 0.05, 66258, 0.0025
20, 0.7000000000000001, 144, 0.05, 66259, 0.0025
20, 0.7000000000000001, 144, 0.05, 66387, 0.0025
20, 0.7000000000000001, 144, 0.05, 66390, 0.0025
20, 0.7000000000000001, 144, 0.05, 66393, 0.0025
20, 0.7000000000000001, 144, 0.05, 66523, 0.0025
20, 0.7000000000000001, 144, 0.05, 66524, 0.0025
20, 0.7000000000000001, 144, 0.05, 66787, 0.0025
20, 0.7000000000000001, 144, 0.05, 66788, 0.0025
20, 0.7000000000000001, 144, 0.05, 66915, 0.0025
20, 0.75, 1, 0.0974999999999997, 707, 0.0025
20, 0.75, 1, 0.0974999999999997, 759, 0.0025
20, 0.75, 1, 0.0974999999999997, 760, 0.0025
20, 0.75, 1, 0.0974999999999997, 761, 0.0025
20, 0.75, 1, 0.0974999999999997, 762, 0.0025
20, 0.75, 1, 0.0974999999999997, 814, 0.0025
20, 0.75, 1, 0.0974999999999997, 815, 0.0025
20, 0.75, 1, 0.0974999999999997, 816, 0.0025
20, 0.75, 1, 0.0974999999999997, 817, 0.0025
20, 0.75, 1, 0.0974999999999997, 818, 0.0025
20, 0.75, 1, 0.0974999999999997, 874, 0.0025
20, 0.75, 1, 0.0974999999999997, 875, 0.0025
20, 0.75, 1, 0.0974999999999997, 876, 0.0025
20, 0.75, 1, 0.0974999999999997, 877, 0.0025
20, 0.75, 1, 0.0974999999999997, 936, 0.0025
20, 0.75, 1, 0.0974999999999997, 937, 0.0025
20, 0.75, 1, 0.0974999999999997, 938, 0.0025
20, 0.75, 1, 0.0974999999999997, 1258, 0.0025
20, 0.75, 1, 0.0974999999999997, 1330, 0.0025
20, 0.75, 1, 0.0974999999999997, 1331, 0.0025
20, 0.75, 1, 0.0974999999999997, 1332, 0.0025
20, 0.75, 1, 0.0974999999999997, 1333, 0.0025
20, 0.75, 1, 0.0974999999999997, 1334, 0.0025
20, 0.75, 1, 0.0974999999999997, 1406, 0.0025
20, 0.75, 1, 0.0974999999999997, 1407, 0.0025
20, 0.75, 1, 0.0974999999999997, 1408, 0.0025
20, 0.75, 1, 0.0974999999999997, 1409, 0.0025
20, 0.75, 1, 0.0974999999999997, 1410, 0.0025
20, 0.75, 1, 0.0974999999999997, 1482, 0.0025
20, 0.75, 1, 0.0974999999999997, 1483, 0.0025
20, 0.75, 1, 0.0974999999999997, 1484, 0.0025
20, 0.75, 1, 0.0974999999999997, 1485, 0.0025
20, 0.75, 1, 0.0974999999999997, 1486, 0.0025
20, 0.75, 1, 0.0974999999999997, 1560, 0.0025
20, 0.75, 1, 0.0974999999999997, 1561, 0.0025
20, 0.75, 1, 0.0974999999999997, 1562, 0.0025
20, 0.75, 1, 0.0974999999999997, 1563, 0.0025
20, 0.75, 1, 0.0974999999999997, 1641, 0.0025
20, 0.75, 1, 0.0974999999999997, 1642, 0.0025
20, 0.75, 1, 0.0974999999999997, 1724, 0.0025
20, 0.75, 10, 0.03249999999999989, 2101, 0.0025
20, 0.75, 10, 0.03249999999999989, 2399, 0.0025
20, 0.75, 10, 0.03249999999999989, 2400, 0.0025
20, 0.75, 5, 0.0325, 2535, 0.0025
20, 0.75, 5, 0.0325, 2536, 0.0025
20, 0.75, 5, 0.0325, 2537, 0.0025
20, 0.75, 10, 0.03249999999999989, 2604, 0.0025
20, 0.75, 10, 0.03249999999999989, 2605, 0.0025
20, 0.75, 10, 0.03249999999999989, 2813, 0.0025
20, 0.75, 10, 0.03249999999999989, 2815, 0.0025
20, 0.75, 10, 0.03249999999999989, 2920, 0.0025
20, 0.75, 10, 0.03249999999999989, 3136, 0.0025
20, 0.75, 10, 0.03249999999999989, 3243, 0.0025
20, 0.75, 5, 0.0325, 3273, 0.0025
20, 0.75, 5, 0.0325, 3274, 0.0025
20, 0.75, 5, 0.0325, 3275, 0.0025
20, 0.75, 10, 0.03249999999999989, 3352, 0.0025
20, 0.75, 5, 0.0325, 3382, 0.0025
20, 0.75, 5, 0.0325, 3383, 0.0025
20, 0.75, 5, 0.0325, 3493, 0.0025
20, 0.75, 5, 0.0325, 3494, 0.0025
20, 0.75, 10, 0.03249999999999989, 3575, 0.0025
20, 0.75, 5, 0.0325, 3604, 0.0025
20, 0.75, 10, 0.03249999999999989, 3686, 0.0025
20, 0.75, 5, 0.0325, 3715, 0.0025
20, 0.75, 5, 0.0325, 3716, 0.0025
20, 0.75, 10, 0.03249999999999989, 3802, 0.0025
20, 0.75, 5, 0.0325, 3943, 0.0025
20, 0.75, 16, 0.03249999999999989, 5678, 0.0025
20, 0.75, 16, 0.03249999999999989, 5806, 0.0025
20, 0.75, 16, 0.03249999999999989, 5934, 0.0025
20, 0.75, 16, 0.03249999999999989, 6063, 0.0025
20, 0.75, 16, 0.03249999999999989, 6192, 0.0025
20, 0.75, 16, 0.03249999999999989, 6323, 0.0025
20, 0.75, 16, 0.03249999999999989, 6454, 0.0025
20, 0.75, 19, 0.1400000000000001, 6474, 0.0025
20, 0.75, 16, 0.03249999999999989, 6586, 0.0025
20, 0.75, 19, 0.1400000000000001, 6604, 0.0025
20, 0.75, 19, 0.1400000000000001, 6605, 0.0025
20, 0.75, 19, 0.1400000000000001, 6606, 0.0025
20, 0.75, 19, 0.1400000000000001, 6607, 0.0025
20, 0.75, 19, 0.1400000000000001, 6608, 0.0025
20, 0.75, 16, 0.03249999999999989, 6719, 0.0025
20, 0.75, 19, 0.1400000000000001, 6737, 0.0025
20, 0.75, 19, 0.1400000000000001, 6738, 0.0025
20, 0.75, 19, 0.1400000000000001, 6739, 0.0025
20, 0.75, 19, 0.1400000000000001, 6740, 0.0025
20, 0.75, 19, 0.1400000000000001, 6741, 0.0025
20, 0.75, 16, 0.03249999999999989, 6852, 0.0025
20, 0.75, 19, 0.1400000000000001, 6869, 0.0025
20, 0.75, 19, 0.1400000000000001, 6870, 0.0025
20, 0.75, 19, 0.1400000000000001, 6871, 0.0025
20, 0.75, 19, 0.1400000000000001, 6872, 0.0025
20, 0.75, 19, 0.1400000000000001, 6873, 0.0025
20, 0.75, 19, 0.1400000000000001, 6874, 0.0025
20, 0.75, 16, 0.03249999999999989, 6986, 0.0025
20, 0.75, 19, 0.1400000000000001, 7004, 0.0025
20, 0.75, 19, 0.1400000000000001, 7005, 0.0025
20, 0.75, 19, 0.1400000000000001, 7006, 0.0025
20, 0.75, 19, 0.1400000000000001, 7007, 0.0025
20, 0.75, 19, 0.1400000000000001, 7008, 0.0025
20, 0.75, 19, 0.1400000000000001, 7009, 0.0025
20, 0.75, 16, 0.03249999999999989, 7119, 0.0025
20, 0.75, 16, 0.03249999999999989, 7120, 0.0025
20, 0.75, 19, 0.1400000000000001, 7137, 0.0025
20, 0.75, 19, 0.1400000000000001, 7138, 0.0025
20, 0.75, 19, 0.1400000000000001, 7139, 0.0025
20, 0.75, 19, 0.1400000000000001, 7140, 0.0025
20, 0.75, 19, 0.1400000000000001, 7141, 0.0025
20, 0.75, 19, 0.1400000000000001, 7142, 0.0025
20, 0.75, 19, 0.1400000000000001, 7143, 0.0025
20, 0.75, 19, 0.1400000000000001, 7144, 0.0025
20, 0.75, 16, 0.03249999999999989, 7256, 0.0025
20, 0.75, 19, 0.1400000000000001, 7272, 0.0025
20, 0.75, 19, 0.1400000000000001, 7273, 0.0025
20, 0.75, 19, 0.1400000000000001, 7274, 0.0025
20, 0.75, 19, 0.1400000000000001, 7275, 0.0025
20, 0.75, 19, 0.1400000000000001, 7276, 0.0025
20, 0.75, 19, 0.1400000000000001, 7277, 0.0025
20, 0.75, 19, 0.1400000000000001, 7278, 0.0025
20, 0.75, 19, 0.1400000000000001, 7279, 0.0025
20, 0.75, 19, 0.1400000000000001, 7408, 0.0025
20, 0.75, 19, 0.1400000000000001, 7409, 0.0025
20, 0.75, 19, 0.1400000000000001, 7410, 0.0025
20, 0.75, 19, 0.1400000000000001, 7411, 0.0025
20, 0.75, 19, 0.1400000000000001, 7412, 0.0025
20, 0.75, 19, 0.1400000000000001, 7413, 0.0025
20, 0.75, 19, 0.1400000000000001, 7414, 0.0025
20, 0.75, 19, 0.1400000000000001, 7415, 0.0025
20, 0.75, 19, 0.1400000000000001, 7546, 0.0025
20, 0.75, 19, 0.1400000000000001, 7547, 0.0025
20, 0.75, 19, 0.1400000000000001, 7548, 0.0025
20, 0.75, 19, 0.1400000000000001, 7549, 0.0025
20, 0.75, 19, 0.1400000000000001, 7550, 0.0025
20, 0.75, 19, 0.1400000000000001, 7551, 0.0025
20, 0.75, 19, 0.1400000000000001, 7552, 0.0025
20, 0.75, 19, 0.1400000000000001, 7684, 0.0025
20, 0.75, 19, 0.1400000000000001, 7687, 0.0025
20, 0.75, 19, 0.1400000000000001, 7688, 0.0025
20, 0.75, 25, 0.03500000000000002, 9428, 0.0025
20, 0.75, 25, 0.03500000000000002, 9577, 0.0025
20, 0.75, 25, 0.03500000000000002, 9578, 0.0025
20, 0.75, 25, 0.03500000000000002, 9717, 0.0025
20, 0.75, 25, 0.03500000000000002, 9718, 0.0025
20, 0.75, 25, 0.03500000000000002, 9719, 0.0025
20, 0.75, 25, 0.03500000000000002, 9720, 0.0025
20, 0.75, 25, 0.03500000000000002, 9847, 0.0025
20, 0.75, 25, 0.03500000000000002, 9849, 0.0025
20, 0.75, 25, 0.03500000000000002, 9850, 0.0025
20, 0.75, 25, 0.03500000000000002, 9975, 0.0025
20, 0.75, 25, 0.03500000000000002, 10090, 0.0025
20, 0.75, 25, 0.03500000000000002, 10203, 0.0025
20, 0.75, 25, 0.03500000000000002, 10204, 0.0025
20, 0.75, 25, 0.03500000000000002, 10205, 0.0025
20, 0.75, 31, 0.03249999999999989, 11242, 0.0025
20, 0.75, 31, 0.03249999999999989, 11353, 0.0025
20, 0.75, 31, 0.03249999999999989, 11469, 0.0025
20, 0.75, 31, 0.03249999999999989, 11580, 0.0025
20, 0.75, 31, 0.03249999999999989, 11581, 0.0025
20, 0.75, 31, 0.03249999999999989, 11582, 0.0025
20, 0.75, 31, 0.03249999999999989, 11694, 0.0025
20, 0.75, 31, 0.03249999999999989, 11695, 0.0025
20, 0.75, 31, 0.03249999999999989, 11696, 0.0025
20, 0.75, 31, 0.03249999999999989, 11807, 0.0025
20, 0.75, 31, 0.03249999999999989, 11808, 0.0025
20, 0.75, 31, 0.03249999999999989, 11809, 0.0025
20, 0.75, 31, 0.03249999999999989, 11810, 0.0025
20, 0.75, 31, 0.03249999999999989, 11921, 0.0025
20, 0.75, 37, 0.03249999999999989, 15440, 0.0025
20, 0.75, 37, 0.03249999999999989, 15553, 0.0025
20, 0.75, 37, 0.03249999999999989, 15669, 0.0025
20, 0.75, 37, 0.03249999999999989, 15788, 0.0025
20, 0.75, 37, 0.03249999999999989, 15903, 0.0025
20, 0.75, 37, 0.03249999999999989, 16020, 0.0025
20, 0.75, 37, 0.03249999999999989, 16021, 0.0025
20, 0.75, 37, 0.03249999999999989, 16138, 0.0025
20, 0.75, 37, 0.03249999999999989, 16256, 0.0025
20, 0.75, 37, 0.03249999999999989, 16257, 0.0025
20, 0.75, 37, 0.03249999999999989, 16371, 0.0025
20, 0.75, 37, 0.03249999999999989, 16484, 0.0025
20, 0.75, 37, 0.03249999999999989, 16485, 0.0025
20, 0.75, 37, 0.03249999999999989, 16595, 0.0025
20, 0.75, 38, 0.05999999999999996, 16659, 0.0025
20, 0.75, 38, 0.05999999999999996, 16660, 0.0025
20, 0.75, 41, 0.08750000000000831, 16755, 0.0025
20, 0.75, 38, 0.05999999999999996, 16762, 0.0025
20, 0.75, 38, 0.05999999999999996, 16879, 0.0025
20, 0.75, 38, 0.05999999999999996, 16990, 0.0025
20, 0.75, 38, 0.05999999999999996, 16991, 0.0025
20, 0.75, 38, 0.05999999999999996, 16992, 0.0025
20, 0.75, 41, 0.08750000000000831, 17087, 0.0025
20, 0.75, 41, 0.08750000000000831, 17092, 0.0025
20, 0.75, 38, 0.05999999999999996, 17098, 0.0025
20, 0.75, 41, 0.08750000000000831, 17190, 0.0025
20, 0.75, 41, 0.08750000000000831, 17197, 0.0025
20, 0.75, 38, 0.05999999999999996, 17201, 0.0025
20, 0.75, 38, 0.05999999999999996, 17203, 0.0025
20, 0.75, 38, 0.05999999999999996, 17204, 0.0025
20, 0.75, 41, 0.08750000000000831, 17293, 0.0025
20, 0.75, 41, 0.08750000000000831, 17295, 0.0025
20, 0.75, 41, 0.08750000000000831, 17299, 0.0025
20, 0.75, 41, 0.08750000000000831, 17301, 0.0025
20, 0.75, 38, 0.05999999999999996, 17304, 0.0025
20, 0.75, 38, 0.05999999999999996, 17305, 0.0025
20, 0.75, 38, 0.05999999999999996, 17306, 0.0025
20, 0.75, 41, 0.08750000000000831, 17395, 0.0025
20, 0.75, 41, 0.08750000000000831, 17401, 0.0025
20, 0.75, 41, 0.08750000000000831, 17402, 0.0025
20, 0.75, 41, 0.08750000000000831, 17404, 0.0025
20, 0.75, 38, 0.05999999999999996, 17407, 0.0025
20, 0.75, 38, 0.05999999999999996, 17408, 0.0025
20, 0.75, 38, 0.05999999999999996, 17409, 0.0025
20, 0.75, 38, 0.05999999999999996, 17413, 0.0025
20, 0.75, 41, 0.08750000000000831, 17503, 0.0025
20, 0.75, 41, 0.08750000000000831, 17504, 0.0025
20, 0.75, 41, 0.08750000000000831, 17505, 0.0025
20, 0.75, 41, 0.08750000000000831, 17506, 0.0025
20, 0.75, 41, 0.08750000000000831, 17508, 0.0025
20, 0.75, 41, 0.08750000000000831, 17509, 0.0025
20, 0.75, 38, 0.05999999999999996, 17512, 0.0025
20, 0.75, 41, 0.08750000000000831, 17602, 0.0025
20, 0.75, 41, 0.08750000000000831, 17603, 0.0025
20, 0.75, 41, 0.08750000000000831, 17604, 0.0025
20, 0.75, 41, 0.08750000000000831, 17605, 0.0025
20, 0.75, 41, 0.08750000000000831, 17607, 0.0025
20, 0.75, 38, 0.05999999999999996, 17612, 0.0025
20, 0.75, 38, 0.05999999999999996, 17613, 0.0025
20, 0.75, 38, 0.05999999999999996, 17614, 0.0025
20, 0.75, 41, 0.08750000000000831, 17699, 0.0025
20, 0.75, 41, 0.08750000000000831, 17700, 0.0025
20, 0.75, 41, 0.08750000000000831, 17703, 0.0025
20, 0.75, 38, 0.05999999999999996, 17708, 0.0025
20, 0.75, 38, 0.05999999999999996, 17709, 0.0025
20, 0.75, 41, 0.08750000000000831, 17791, 0.0025
20, 0.75, 41, 0.08750000000000831, 17793, 0.0025
20, 0.75, 41, 0.08750000000000831, 17795, 0.0025
20, 0.75, 41, 0.08750000000000831, 17797, 0.0025
20, 0.75, 38, 0.05999999999999996, 17800, 0.0025
20, 0.75, 41, 0.08750000000000831, 17976, 0.0025
20, 0.75, 41, 0.08750000000000831, 17978, 0.0025
20, 0.75, 41, 0.08750000000000831, 18060, 0.0025
20, 0.75, 41, 0.08750000000000831, 18062, 0.0025
20, 0.75, 41, 0.08750000000000831, 18149, 0.0025
20, 0.75, 51, 0.03499999999999995, 24698, 0.0025
20, 0.75, 51, 0.03499999999999995, 25471, 0.0025
20, 0.75, 51, 0.03499999999999995, 25472, 0.0025
20, 0.75, 51, 0.03499999999999995, 25582, 0.0025
20, 0.75, 51, 0.03499999999999995, 25583, 0.0025
20, 0.75, 51, 0.03499999999999995, 25691, 0.0025
20, 0.75, 51, 0.03499999999999995, 25692, 0.0025
20, 0.75, 51, 0.03499999999999995, 25694, 0.0025
20, 0.75, 51, 0.03499999999999995, 25806, 0.0025
20, 0.75, 51, 0.03499999999999995, 25807, 0.0025
20, 0.75, 51, 0.03499999999999995, 25918, 0.0025
20, 0.75, 51, 0.03499999999999995, 25919, 0.0025
20, 0.75, 51, 0.03499999999999995, 25920, 0.0025
20, 0.75, 51, 0.03499999999999995, 26036, 0.0025
20, 0.75, 51, 0.03499999999999995, 26037, 0.0025
20, 0.75, 64, 0.03249999999999997, 30902, 0.0025
20, 0.75, 64, 0.03249999999999997, 31097, 0.0025
20, 0.75, 64, 0.03249999999999997, 31192, 0.0025
20, 0.75, 64, 0.03249999999999997, 31372, 0.0025
20, 0.75, 64, 0.03249999999999997, 31373, 0.0025
20, 0.75, 64, 0.03249999999999997, 31468, 0.0025
20, 0.75, 64, 0.03249999999999997, 31469, 0.0025
20, 0.75, 64, 0.03249999999999997, 31929, 0.0025
20, 0.75, 64, 0.03249999999999997, 31930, 0.0025
20, 0.75, 64, 0.03249999999999997, 31931, 0.0025
20, 0.75, 64, 0.03249999999999997, 32019, 0.0025
20, 0.75, 64, 0.03249999999999997, 32024, 0.0025
20, 0.75, 64, 0.03249999999999997, 32205, 0.0025
20, 0.75, 64, 0.03249999999999997, 32206, 0.0025
20, 0.75, 71, 0.035, 33731, 0.0025
20, 0.75, 71, 0.035, 33808, 0.0025
20, 0.75, 71, 0.035, 35055, 0.0025
20, 0.75, 71, 0.035, 35056, 0.0025
20, 0.75, 71, 0.035, 35342, 0.0025
20, 0.75, 71, 0.035, 35416, 0.0025
20, 0.75, 71, 0.035, 35558, 0.0025
20, 0.75, 71, 0.035, 35559, 0.0025
20, 0.75, 71, 0.035, 35625, 0.0025
20, 0.75, 71, 0.035, 35626, 0.0025
20, 0.75, 71, 0.035, 35627, 0.0025
20, 0.75, 71, 0.035, 35628, 0.0025
20, 0.75, 71, 0.035, 35699, 0.0025
20, 0.75, 71, 0.035, 35700, 0.0025
20, 0.75, 71, 0.035, 35772, 0.0025
20, 0.75, 98, 0.05250000000000006, 48314, 0.0025
20, 0.75, 98, 0.05250000000000006, 48978, 0.0025
20, 0.75, 98, 0.05250000000000006, 48979, 0.0025
20, 0.75, 98, 0.05250000000000006, 49250, 0.0025
20, 0.75, 98, 0.05250000000000006, 49251, 0.0025
20, 0.75, 98, 0.05250000000000006, 49253, 0.0025
20, 0.75, 98, 0.05250000000000006, 49377, 0.0025
20, 0.75, 98, 0.05250000000000006, 49511, 0.0025
20, 0.75, 98, 0.05250000000000006, 49516, 0.0025
20, 0.75, 98, 0.05250000000000006, 49650, 0.0025
20, 0.75, 98, 0.05250000000000006, 49651, 0.0025
20, 0.75, 98, 0.05250000000000006, 49785, 0.0025
20, 0.75, 98, 0.05250000000000006, 49920, 0.0025
20, 0.75, 98, 0.05250000000000006, 49921, 0.0025
20, 0.75, 98, 0.05250000000000006, 50062, 0.0025
20, 0.75, 98, 0.05250000000000006, 50063, 0.0025
20, 0.75, 98, 0.05250000000000006, 50064, 0.0025
20, 0.75, 98, 0.05250000000000006, 50065, 0.0025
20, 0.75, 98, 0.05250000000000006, 50066, 0.0025
20, 0.75, 98, 0.05250000000000006, 50208, 0.0025
20, 0.75, 98, 0.05250000000000006, 50350, 0.0025
20, 0.75, 105, 0.04499999999999998, 50508, 0.0025
20, 0.75, 98, 0.05250000000000006, 50627, 0.0025
20, 0.75, 105, 0.04499999999999998, 51484, 0.0025
20, 0.75, 105, 0.04499999999999998, 51485, 0.0025
20, 0.75, 105, 0.04499999999999998, 51487, 0.0025
20, 0.75, 105, 0.04499999999999998, 51622, 0.0025
20, 0.75, 105, 0.04499999999999998, 51624, 0.0025
20, 0.75, 105, 0.04499999999999998, 51625, 0.0025
20, 0.75, 105, 0.04499999999999998, 51764, 0.0025
20, 0.75, 105, 0.04499999999999998, 51901, 0.0025
20, 0.75, 105, 0.04499999999999998, 52041, 0.0025
20, 0.75, 105, 0.04499999999999998, 52184, 0.0025
20, 0.75, 105, 0.04499999999999998, 52329, 0.0025
20, 0.75, 105, 0.04499999999999998, 52473, 0.0025
20, 0.75, 105, 0.04499999999999998, 52614, 0.0025
20, 0.75, 105, 0.04499999999999998, 52615, 0.0025
20, 0.75, 105, 0.04499999999999998, 52754, 0.0025
20, 0.75, 105, 0.04499999999999998, 52755, 0.0025
20, 0.75, 105, 0.04499999999999998, 52893, 0.0025
20, 0.75, 105, 0.04499999999999998, 53028, 0.0025
20, 0.75, 121, 0.03249999999999999, 55186, 0.0025
20, 0.75, 121, 0.03249999999999999, 55326, 0.0025
20, 0.75, 121, 0.03249999999999999, 55330, 0.0025
20, 0.75, 121, 0.03249999999999999, 55617, 0.0025
20, 0.75, 121, 0.03249999999999999, 55756, 0.0025
20, 0.75, 121, 0.03249999999999999, 55757, 0.0025
20, 0.75, 121, 0.03249999999999999, 55759, 0.0025
20, 0.75, 121, 0.03249999999999999, 55902, 0.0025
20, 0.75, 121, 0.03249999999999999, 55903, 0.0025
20, 0.75, 121, 0.03249999999999999, 55904, 0.0025
20, 0.75, 116, 0.0325, 56389, 0.0025
20, 0.75, 121, 0.03249999999999999, 56487, 0.0025
20, 0.75, 116, 0.0325, 56537, 0.0025
20, 0.75, 116, 0.0325, 56538, 0.0025
20, 0.75, 121, 0.03249999999999999, 56633, 0.0025
20, 0.75, 121, 0.03249999999999999, 56783, 0.0025
20, 0.75, 121, 0.03249999999999999, 56784, 0.0025
20, 0.75, 116, 0.0325, 56835, 0.0025
20, 0.75, 116, 0.0325, 56983, 0.0025
20, 0.75, 116, 0.0325, 57589, 0.0025
20, 0.75, 116, 0.0325, 58372, 0.0025
20, 0.75, 116, 0.0325, 58374, 0.0025
20, 0.75, 116, 0.0325, 58535, 0.0025
20, 0.75, 116, 0.0325, 58536, 0.0025
20, 0.75, 116, 0.0325, 58537, 0.0025
20, 0.75, 116, 0.0325, 58702, 0.0025
20, 0.75, 116, 0.0325, 58703, 0.0025
20, 0.75, 116, 0.0325, 59042, 0.0025
20, 0.75, 137, 0.06999999999999998, 62563, 0.0025
20, 0.75, 137, 0.06999999999999998, 62564, 0.0025
20, 0.75, 137, 0.06999999999999998, 62566, 0.0025
20, 0.75, 137, 0.06999999999999998, 62567, 0.0025
20, 0.75, 137, 0.06999999999999998, 62739, 0.0025
20, 0.75, 137, 0.06999999999999998, 62740, 0.0025
20, 0.75, 137, 0.06999999999999998, 62741, 0.0025
20, 0.75, 137, 0.06999999999999998, 62910, 0.0025
20, 0.75, 137, 0.06999999999999998, 62911, 0.0025
20, 0.75, 137, 0.06999999999999998, 62913, 0.0025
20, 0.75, 137, 0.06999999999999998, 63087, 0.0025
20, 0.75, 137, 0.06999999999999998, 63088, 0.0025
20, 0.75, 137, 0.06999999999999998, 63089, 0.0025
20, 0.75, 137, 0.06999999999999998, 63254, 0.0025
20, 0.75, 137, 0.06999999999999998, 63255, 0.0025
20, 0.75, 137, 0.06999999999999998, 63258, 0.0025
20, 0.75, 137, 0.06999999999999998, 63421, 0.0025
20, 0.75, 137, 0.06999999999999998, 63422, 0.0025
20, 0.75, 137, 0.06999999999999998, 63423, 0.0025
20, 0.75, 137, 0.06999999999999998, 63587, 0.0025
20, 0.75, 137, 0.06999999999999998, 63592, 0.0025
20, 0.75, 137, 0.06999999999999998, 63757, 0.0025
20, 0.75, 137, 0.06999999999999998, 63919, 0.0025
20, 0.75, 137, 0.06999999999999998, 63920, 0.0025
20, 0.75, 133, 0.03249999999999999, 63922, 0.0025
20, 0.75, 133, 0.03249999999999999, 63923, 0.0025
20, 0.75, 137, 0.06999999999999998, 64080, 0.0025
20, 0.75, 137, 0.06999999999999998, 64081, 0.0025
20, 0.75, 137, 0.06999999999999998, 64082, 0.0025
20, 0.75, 133, 0.03249999999999999, 64098, 0.0025
20, 0.75, 133, 0.03249999999999999, 64258, 0.0025
20, 0.75, 133, 0.03249999999999999, 64259, 0.0025
20, 0.75, 137, 0.06999999999999998, 64400, 0.0025
20, 0.75, 133, 0.03249999999999999, 64403, 0.0025
20, 0.75, 133, 0.03249999999999999, 64404, 0.0025
20, 0.75, 133, 0.03249999999999999, 64415, 0.0025
20, 0.75, 133, 0.03249999999999999, 64572, 0.0025
20, 0.75, 137, 0.06999999999999998, 64712, 0.0025
20, 0.75, 133, 0.03249999999999999, 64726, 0.0025
20, 0.75, 133, 0.03249999999999999, 64878, 0.0025
20, 0.75, 133, 0.03249999999999999, 65029, 0.0025
20, 0.75, 133, 0.03249999999999999, 65177, 0.0025
20, 0.75, 133, 0.03249999999999999, 65178, 0.0025
20, 0.75, 144, 0.05, 65835, 0.0025
20, 0.75, 144, 0.05, 65836, 0.0025
20, 0.75, 144, 0.05, 65837, 0.0025
20, 0.75, 144, 0.05, 65975, 0.0025
20, 0.75, 144, 0.05, 65976, 0.0025
20, 0.75, 144, 0.05, 65977, 0.0025
20, 0.75, 144, 0.05, 65978, 0.0025
20, 0.75, 144, 0.05, 66113, 0.0025
20, 0.75, 144, 0.05, 66118, 0.0025
20, 0.75, 144, 0.05, 66249, 0.0025
20, 0.75, 144, 0.05, 66251, 0.0025
20, 0.75, 144, 0.05, 66258, 0.0025
20, 0.75, 144, 0.05, 66259, 0.0025
20, 0.75, 144, 0.05, 66387, 0.0025
20, 0.75, 144, 0.05, 66390, 0.0025
20, 0.75, 144, 0.05, 66393, 0.0025
20, 0.75, 144, 0.05, 66523, 0.0025
20, 0.75, 144, 0.05, 66524, 0.0025
20, 0.75, 144, 0.05, 66787, 0.0025
20, 0.75, 144, 0.05, 66788, 0.0025
20, 0.75, 144, 0.05, 66915, 0.0025
20, 0.8, 1, 0.0950000000000003, 707, 0.0025
20, 0.8, 1, 0.0950000000000003, 759, 0.0025
20, 0.8, 1, 0.0950000000000003, 760, 0.0025
20, 0.8, 1, 0.0950000000000003, 761, 0.0025
20, 0.8, 1, 0.0950000000000003, 762, 0.0025
20, 0.8, 1, 0.0950000000000003, 815, 0.0025
20, 0.8, 1, 0.0950000000000003, 816, 0.0025
20, 0.8, 1, 0.0950000000000003, 817, 0.0025
20, 0.8, 1, 0.0950000000000003, 818, 0.0025
20, 0.8, 1, 0.0950000000000003, 874, 0.0025
20, 0.8, 1, 0.0950000000000003, 875, 0.0025
20, 0.8, 1, 0.0950000000000003, 876, 0.0025
20, 0.8, 1, 0.0950000000000003, 877, 0.0025
20, 0.8, 1, 0.0950000000000003, 936, 0.0025
20, 0.8, 1, 0.0950000000000003, 937, 0.0025
20, 0.8, 1, 0.0950000000000003, 938, 0.0025
20, 0.8, 1, 0.0950000000000003, 1258, 0.0025
20, 0.8, 1, 0.0950000000000003, 1330, 0.0025
20, 0.8, 1, 0.0950000000000003, 1331, 0.0025
20, 0.8, 1, 0.0950000000000003, 1332, 0.0025
20, 0.8, 1, 0.0950000000000003, 1333, 0.0025
20, 0.8, 1, 0.0950000000000003, 1334, 0.0025
20, 0.8, 1, 0.0950000000000003, 1406, 0.0025
20, 0.8, 1, 0.0950000000000003, 1407, 0.0025
20, 0.8, 1, 0.0950000000000003, 1408, 0.0025
20, 0.8, 1, 0.0950000000000003, 1409, 0.0025
20, 0.8, 1, 0.0950000000000003, 1410, 0.0025
20, 0.8, 1, 0.0950000000000003, 1482, 0.0025
20, 0.8, 1, 0.0950000000000003, 1483, 0.0025
20, 0.8, 1, 0.0950000000000003, 1484, 0.0025
20, 0.8, 1, 0.0950000000000003, 1485, 0.0025
20, 0.8, 1, 0.0950000000000003, 1486, 0.0025
20, 0.8, 1, 0.0950000000000003, 1560, 0.0025
20, 0.8, 1, 0.0950000000000003, 1561, 0.0025
20, 0.8, 1, 0.0950000000000003, 1562, 0.0025
20, 0.8, 1, 0.0950000000000003, 1563, 0.0025
20, 0.8, 1, 0.0950000000000003, 1641, 0.0025
20, 0.8, 1, 0.0950000000000003, 1642, 0.0025
20, 0.8, 1, 0.0950000000000003, 1724, 0.0025
20, 0.8, 10, 0.0325, 2101, 0.0025
20, 0.8, 10, 0.0325, 2399, 0.0025
20, 0.8, 10, 0.0325, 2400, 0.0025
20, 0.8, 5, 0.0325, 2535, 0.0025
20, 0.8, 5, 0.0325, 2536, 0.0025
20, 0.8, 5, 0.0325, 2537, 0.0025
20, 0.8, 10, 0.0325, 2604, 0.0025
20, 0.8, 10, 0.0325, 2605, 0.0025
20, 0.8, 10, 0.0325, 2813, 0.0025
20, 0.8, 10, 0.0325, 2815, 0.0025
20, 0.8, 10, 0.0325, 2920, 0.0025
20, 0.8, 10, 0.0325, 3136, 0.0025
20, 0.8, 10, 0.0325, 3243, 0.0025
20, 0.8, 5, 0.0325, 3273, 0.0025
20, 0.8, 5, 0.0325, 3274, 0.0025
20, 0.8, 5, 0.0325, 3275, 0.0025
20, 0.8, 10, 0.0325, 3352, 0.0025
20, 0.8, 5, 0.0325, 3382, 0.0025
20, 0.8, 5, 0.0325, 3383, 0.0025
20, 0.8, 5, 0.0325, 3493, 0.0025
20, 0.8, 5, 0.0325, 3494, 0.0025
20, 0.8, 10, 0.0325, 3575, 0.0025
20, 0.8, 5, 0.0325, 3604, 0.0025
20, 0.8, 10, 0.0325, 3686, 0.0025
20, 0.8, 5, 0.0325, 3715, 0.0025
20, 0.8, 5, 0.0325, 3716, 0.0025
20, 0.8, 10, 0.0325, 3802, 0.0025
20, 0.8, 5, 0.0325, 3943, 0.0025
20, 0.8, 16, 0.03249999999999992, 5678, 0.0025
20, 0.8, 16, 0.03249999999999992, 5806, 0.0025
20, 0.8, 16, 0.03249999999999992, 5934, 0.0025
20, 0.8, 16, 0.03249999999999992, 6063, 0.0025
20, 0.8, 16, 0.03249999999999992, 6192, 0.0025
20, 0.8, 16, 0.03249999999999992, 6323, 0.0025
20, 0.8, 16, 0.03249999999999992, 6454, 0.0025
20, 0.8, 19, 0.1275, 6474, 0.0025
20, 0.8, 16, 0.03249999999999992, 6586, 0.0025
20, 0.8, 19, 0.1275, 6604, 0.0025
20, 0.8, 19, 0.1275, 6605, 0.0025
20, 0.8, 19, 0.1275, 6606, 0.0025
20, 0.8, 19, 0.1275, 6607, 0.0025
20, 0.8, 16, 0.03249999999999992, 6719, 0.0025
20, 0.8, 19, 0.1275, 6737, 0.0025
20, 0.8, 19, 0.1275, 6738, 0.0025
20, 0.8, 19, 0.1275, 6739, 0.0025
20, 0.8, 19, 0.1275, 6740, 0.0025
20, 0.8, 19, 0.1275, 6741, 0.0025
20, 0.8, 16, 0.03249999999999992, 6852, 0.0025
20, 0.8, 19, 0.1275, 6869, 0.0025
20, 0.8, 19, 0.1275, 6870, 0.0025
20, 0.8, 19, 0.1275, 6871, 0.0025
20, 0.8, 19, 0.1275, 6872, 0.0025
20, 0.8, 19, 0.1275, 6873, 0.0025
20, 0.8, 19, 0.1275, 6874, 0.0025
20, 0.8, 16, 0.03249999999999992, 6986, 0.0025
20, 0.8, 19, 0.1275, 7004, 0.0025
20, 0.8, 19, 0.1275, 7005, 0.0025
20, 0.8, 19, 0.1275, 7006, 0.0025
20, 0.8, 19, 0.1275, 7007, 0.0025
20, 0.8, 19, 0.1275, 7008, 0.0025
20, 0.8, 19, 0.1275, 7009, 0.0025
20, 0.8, 16, 0.03249999999999992, 7119, 0.0025
20, 0.8, 16, 0.03249999999999992, 7120, 0.0025
20, 0.8, 19, 0.1275, 7137, 0.0025
20, 0.8, 19, 0.1275, 7138, 0.0025
20, 0.8, 19, 0.1275, 7139, 0.0025
20, 0.8, 19, 0.1275, 7140, 0.0025
20, 0.8, 19, 0.1275, 7141, 0.0025
20, 0.8, 19, 0.1275, 7142, 0.0025
20, 0.8, 19, 0.1275, 7143, 0.0025
20, 0.8, 19, 0.1275, 7144, 0.0025
20, 0.8, 16, 0.03249999999999992, 7256, 0.0025
20, 0.8, 19, 0.1275, 7272, 0.0025
20, 0.8, 19, 0.1275, 7273, 0.0025
20, 0.8, 19, 0.1275, 7274, 0.0025
20, 0.8, 19, 0.1275, 7275, 0.0025
20, 0.8, 19, 0.1275, 7276, 0.0025
20, 0.8, 19, 0.1275, 7277, 0.0025
20, 0.8, 19, 0.1275, 7278, 0.0025
20, 0.8, 19, 0.1275, 7279, 0.0025
20, 0.8, 19, 0.1275, 7408, 0.0025
20, 0.8, 19, 0.1275, 7409, 0.0025
20, 0.8, 19, 0.1275, 7410, 0.0025
20, 0.8, 19, 0.1275, 7411, 0.0025
20, 0.8, 19, 0.1275, 7412, 0.0025
20, 0.8, 19, 0.1275, 7413, 0.0025
20, 0.8, 19, 0.1275, 7414, 0.0025
20, 0.8, 19, 0.1275, 7415, 0.0025
20, 0.8, 19, 0.1275, 7546, 0.0025
20, 0.8, 19, 0.1275, 7548, 0.0025
20, 0.8, 19, 0.1275, 7549, 0.0025
20, 0.8, 19, 0.1275, 7550, 0.0025
20, 0.8, 19, 0.1275, 7551, 0.0025
20, 0.8, 19, 0.1275, 7552, 0.0025
20, 0.8, 25, 0.0325, 9428, 0.0025
20, 0.8, 25, 0.0325, 9577, 0.0025
20, 0.8, 25, 0.0325, 9578, 0.0025
20, 0.8, 25, 0.0325, 9717, 0.0025
20, 0.8, 25, 0.0325, 9718, 0.0025
20, 0.8, 25, 0.0325, 9719, 0.0025
20, 0.8, 25, 0.0325, 9720, 0.0025
20, 0.8, 25, 0.0325, 9847, 0.0025
20, 0.8, 25, 0.0325, 9849, 0.0025
20, 0.8, 25, 0.0325, 9850, 0.0025
20, 0.8, 25, 0.0325, 10090, 0.0025
20, 0.8, 25, 0.0325, 10203, 0.0025
20, 0.8, 25, 0.0325, 10204, 0.0025
20, 0.8, 25, 0.0325, 10205, 0.0025
20, 0.8, 31, 0.0325, 11242, 0.0025
20, 0.8, 31, 0.0325, 11353, 0.0025
20, 0.8, 31, 0.0325, 11469, 0.0025
20, 0.8, 31, 0.0325, 11580, 0.0025
20, 0.8, 31, 0.0325, 11581, 0.0025
20, 0.8, 31, 0.0325, 11582, 0.0025
20, 0.8, 31, 0.0325, 11694, 0.0025
20, 0.8, 31, 0.0325, 11695, 0.0025
20, 0.8, 31, 0.0325, 11696, 0.0025
20, 0.8, 31, 0.0325, 11807, 0.0025
20, 0.8, 31, 0.0325, 11808, 0.0025
20, 0.8, 31, 0.0325, 11809, 0.0025
20, 0.8, 31, 0.0325, 11810, 0.0025
20, 0.8, 31, 0.0325, 11921, 0.0025
20, 0.8, 37, 0.045, 15092, 0.0025
20, 0.8, 37, 0.045, 15440, 0.0025
20, 0.8, 37, 0.045, 15553, 0.0025
20, 0.8, 37, 0.045, 15668, 0.0025
20, 0.8, 37, 0.045, 15669, 0.0025
20, 0.8, 37, 0.045, 15788, 0.0025
20, 0.8, 37, 0.045, 15903, 0.0025
20, 0.8, 37, 0.045, 16020, 0.0025
20, 0.8, 37, 0.045, 16021, 0.0025
20, 0.8, 37, 0.045, 16137, 0.0025
20, 0.8, 37, 0.045, 16138, 0.0025
20, 0.8, 37, 0.045, 16256, 0.0025
20, 0.8, 37, 0.045, 16257, 0.0025
20, 0.8, 37, 0.045, 16370, 0.0025
20, 0.8, 37, 0.045, 16371, 0.0025
20, 0.8, 37, 0.045, 16484, 0.0025
20, 0.8, 37, 0.045, 16485, 0.0025
20, 0.8, 37, 0.045, 16594, 0.0025
20, 0.8, 37, 0.045, 16595, 0.0025
20, 0.8, 38, 0.06, 16659, 0.0025
20, 0.8, 38, 0.06, 16660, 0.0025
20, 0.8, 41, 0.08, 16755, 0.0025
20, 0.8, 38, 0.06, 16762, 0.0025
20, 0.8, 38, 0.06, 16879, 0.0025
20, 0.8, 38, 0.06, 16990, 0.0025
20, 0.8, 38, 0.06, 16991, 0.0025
20, 0.8, 38, 0.06, 16992, 0.0025
20, 0.8, 41, 0.08, 17087, 0.0025
20, 0.8, 41, 0.08, 17092, 0.0025
20, 0.8, 38, 0.06, 17098, 0.0025
20, 0.8, 41, 0.08, 17190, 0.0025
20, 0.8, 41, 0.08, 17197, 0.0025
20, 0.8, 38, 0.06, 17201, 0.0025
20, 0.8, 38, 0.06, 17203, 0.0025
20, 0.8, 38, 0.06, 17204, 0.0025
20, 0.8, 41, 0.08, 17293, 0.0025
20, 0.8, 41, 0.08, 17295, 0.0025
20, 0.8, 41, 0.08, 17299, 0.0025
20, 0.8, 41, 0.08, 17301, 0.0025
20, 0.8, 38, 0.06, 17304, 0.0025
20, 0.8, 38, 0.06, 17305, 0.0025
20, 0.8, 38, 0.06, 17306, 0.0025
20, 0.8, 41, 0.08, 17395, 0.0025
20, 0.8, 41, 0.08, 17401, 0.0025
20, 0.8, 41, 0.08, 17402, 0.0025
20, 0.8, 41, 0.08, 17404, 0.0025
20, 0.8, 38, 0.06, 17407, 0.0025
20, 0.8, 38, 0.06, 17408, 0.0025
20, 0.8, 38, 0.06, 17409, 0.0025
20, 0.8, 38, 0.06, 17413, 0.0025
20, 0.8, 41, 0.08, 17503, 0.0025
20, 0.8, 41, 0.08, 17504, 0.0025
20, 0.8, 41, 0.08, 17505, 0.0025
20, 0.8, 41, 0.08, 17506, 0.0025
20, 0.8, 41, 0.08, 17509, 0.0025
20, 0.8, 38, 0.06, 17512, 0.0025
20, 0.8, 41, 0.08, 17602, 0.0025
20, 0.8, 41, 0.08, 17603, 0.0025
20, 0.8, 41, 0.08, 17604, 0.0025
20, 0.8, 41, 0.08, 17605, 0.0025
20, 0.8, 41, 0.08, 17607, 0.0025
20, 0.8, 38, 0.06, 17612, 0.0025
20, 0.8, 38, 0.06, 17613, 0.0025
20, 0.8, 38, 0.06, 17614, 0.0025
20, 0.8, 41, 0.08, 17699, 0.0025
20, 0.8, 41, 0.08, 17700, 0.0025
20, 0.8, 41, 0.08, 17703, 0.0025
20, 0.8, 38, 0.06, 17708, 0.0025
20, 0.8, 38, 0.06, 17709, 0.0025
20, 0.8, 41, 0.08, 17793, 0.0025
20, 0.8, 41, 0.08, 17795, 0.0025
20, 0.8, 41, 0.08, 17797, 0.0025
20, 0.8, 38, 0.06, 17800, 0.0025
20, 0.8, 41, 0.08, 17976, 0.0025
20, 0.8, 41, 0.08, 18060, 0.0025
20, 0.8, 41, 0.08, 18062, 0.0025
20, 0.8, 41, 0.08, 18149, 0.0025
20, 0.8, 51, 0.0475, 24698, 0.0025
20, 0.8, 51, 0.0475, 25471, 0.0025
20, 0.8, 51, 0.0475, 25472, 0.0025
20, 0.8, 51, 0.0475, 25582, 0.0025
20, 0.8, 51, 0.0475, 25583, 0.0025
20, 0.8, 51, 0.0475, 25584, 0.0025
20, 0.8, 51, 0.0475, 25585, 0.0025
20, 0.8, 51, 0.0475, 25691, 0.0025
20, 0.8, 51, 0.0475, 25692, 0.0025
20, 0.8, 51, 0.0475, 25694, 0.0025
20, 0.8, 51, 0.0475, 25695, 0.0025
20, 0.8, 51, 0.0475, 25806, 0.0025
20, 0.8, 51, 0.0475, 25807, 0.0025
20, 0.8, 51, 0.0475, 25808, 0.0025
20, 0.8, 51, 0.0475, 25918, 0.0025
20, 0.8, 51, 0.0475, 25919, 0.0025
20, 0.8, 51, 0.0475, 25920, 0.0025
20, 0.8, 51, 0.0475, 25922, 0.0025
20, 0.8, 51, 0.0475, 26036, 0.0025
20, 0.8, 51, 0.0475, 26037, 0.0025
20, 0.8, 67, 0.03249999999999999, 32299, 0.0025
20, 0.8, 67, 0.03249999999999999, 32396, 0.0025
20, 0.8, 67, 0.03249999999999999, 32924, 0.0025
20, 0.8, 67, 0.03249999999999999, 33005, 0.0025
20, 0.8, 67, 0.03249999999999999, 33417, 0.0025
20, 0.8, 67, 0.03249999999999999, 33495, 0.0025
20, 0.8, 67, 0.03249999999999999, 33498, 0.0025
20, 0.8, 67, 0.03249999999999999, 33499, 0.0025
20, 0.8, 67, 0.03249999999999999, 33500, 0.0025
20, 0.8, 67, 0.03249999999999999, 33580, 0.0025
20, 0.8, 67, 0.03249999999999999, 33654, 0.0025
20, 0.8, 71, 0.035, 33731, 0.0025
20, 0.8, 67, 0.03249999999999999, 33732, 0.0025
20, 0.8, 67, 0.03249999999999999, 33736, 0.0025
20, 0.8, 71, 0.035, 33808, 0.0025
20, 0.8, 67, 0.03249999999999999, 33809, 0.0025
20, 0.8, 71, 0.035, 35055, 0.0025
20, 0.8, 71, 0.035, 35056, 0.0025
20, 0.8, 71, 0.035, 35342, 0.0025
20, 0.8, 71, 0.035, 35416, 0.0025
20, 0.8, 71, 0.035, 35558, 0.0025
20, 0.8, 71, 0.035, 35559, 0.0025
20, 0.8, 71, 0.035, 35625, 0.0025
20, 0.8, 71, 0.035, 35626, 0.0025
20, 0.8, 71, 0.035, 35627, 0.0025
20, 0.8, 71, 0.035, 35628, 0.0025
20, 0.8, 71, 0.035, 35699, 0.0025
20, 0.8, 71, 0.035, 35700, 0.0025
20, 0.8, 71, 0.035, 35772, 0.0025
20, 0.8, 98, 0.05249999999999967, 48314, 0.0025
20, 0.8, 98, 0.05249999999999967, 48978, 0.0025
20, 0.8, 98, 0.05249999999999967, 48979, 0.0025
20, 0.8, 98, 0.05249999999999967, 49250, 0.0025
20, 0.8, 98, 0.05249999999999967, 49251, 0.0025
20, 0.8, 98, 0.05249999999999967, 49253, 0.0025
20, 0.8, 98, 0.05249999999999967, 49377, 0.0025
20, 0.8, 98, 0.05249999999999967, 49511, 0.0025
20, 0.8, 98, 0.05249999999999967, 49516, 0.0025
20, 0.8, 98, 0.05249999999999967, 49650, 0.0025
20, 0.8, 98, 0.05249999999999967, 49651, 0.0025
20, 0.8, 98, 0.05249999999999967, 49785, 0.0025
20, 0.8, 98, 0.05249999999999967, 49920, 0.0025
20, 0.8, 98, 0.05249999999999967, 49921, 0.0025
20, 0.8, 98, 0.05249999999999967, 50062, 0.0025
20, 0.8, 98, 0.05249999999999967, 50063, 0.0025
20, 0.8, 98, 0.05249999999999967, 50064, 0.0025
20, 0.8, 98, 0.05249999999999967, 50065, 0.0025
20, 0.8, 98, 0.05249999999999967, 50066, 0.0025
20, 0.8, 98, 0.05249999999999967, 50208, 0.0025
20, 0.8, 98, 0.05249999999999967, 50350, 0.0025
20, 0.8, 105, 0.045, 50508, 0.0025
20, 0.8, 98, 0.05249999999999967, 50627, 0.0025
20, 0.8, 105, 0.045, 51484, 0.0025
20, 0.8, 105, 0.045, 51485, 0.0025
20, 0.8, 105, 0.045, 51487, 0.0025
20, 0.8, 105, 0.045, 51622, 0.0025
20, 0.8, 105, 0.045, 51624, 0.0025
20, 0.8, 105, 0.045, 51625, 0.0025
20, 0.8, 105, 0.045, 51764, 0.0025
20, 0.8, 105, 0.045, 51901, 0.0025
20, 0.8, 105, 0.045, 52041, 0.0025
20, 0.8, 105, 0.045, 52184, 0.0025
20, 0.8, 105, 0.045, 52329, 0.0025
20, 0.8, 105, 0.045, 52473, 0.0025
20, 0.8, 105, 0.045, 52614, 0.0025
20, 0.8, 105, 0.045, 52615, 0.0025
20, 0.8, 105, 0.045, 52754, 0.0025
20, 0.8, 105, 0.045, 52755, 0.0025
20, 0.8, 105, 0.045, 52893, 0.0025
20, 0.8, 105, 0.045, 53028, 0.0025
20, 0.8, 121, 0.0325, 55186, 0.0025
20, 0.8, 121, 0.0325, 55326, 0.0025
20, 0.8, 121, 0.0325, 55330, 0.0025
20, 0.8, 121, 0.0325, 55617, 0.0025
20, 0.8, 121, 0.0325, 55756, 0.0025
20, 0.8, 121, 0.0325, 55757, 0.0025
20, 0.8, 121, 0.0325, 55759, 0.0025
20, 0.8, 121, 0.0325, 55902, 0.0025
20, 0.8, 121, 0.0325, 55903, 0.0025
20, 0.8, 121, 0.0325, 55904, 0.0025
20, 0.8, 116, 0.0325, 56389, 0.0025
20, 0.8, 121, 0.0325, 56487, 0.0025
20, 0.8, 116, 0.0325, 56537, 0.0025
20, 0.8, 116, 0.0325, 56538, 0.0025
20, 0.8, 121, 0.0325, 56633, 0.0025
20, 0.8, 121, 0.0325, 56783, 0.0025
20, 0.8, 121, 0.0325, 56784, 0.0025
20, 0.8, 116, 0.0325, 56835, 0.0025
20, 0.8, 116, 0.0325, 56983, 0.0025
20, 0.8, 116, 0.0325, 57589, 0.0025
20, 0.8, 116, 0.0325, 58372, 0.0025
20, 0.8, 116, 0.0325, 58374, 0.0025
20, 0.8, 116, 0.0325, 58535, 0.0025
20, 0.8, 116, 0.0325, 58536, 0.0025
20, 0.8, 116, 0.0325, 58537, 0.0025
20, 0.8, 116, 0.0325, 58702, 0.0025
20, 0.8, 116, 0.0325, 58703, 0.0025
20, 0.8, 116, 0.0325, 59042, 0.0025
20, 0.8, 137, 0.07000000000000031, 62563, 0.0025
20, 0.8, 137, 0.07000000000000031, 62564, 0.0025
20, 0.8, 137, 0.07000000000000031, 62566, 0.0025
20, 0.8, 137, 0.07000000000000031, 62567, 0.0025
20, 0.8, 137, 0.07000000000000031, 62739, 0.0025
20, 0.8, 137, 0.07000000000000031, 62740, 0.0025
20, 0.8, 137, 0.07000000000000031, 62741, 0.0025
20, 0.8, 137, 0.07000000000000031, 62910, 0.0025
20, 0.8, 137, 0.07000000000000031, 62911, 0.0025
20, 0.8, 137, 0.07000000000000031, 62913, 0.0025
20, 0.8, 137, 0.07000000000000031, 63087, 0.0025
20, 0.8, 137, 0.07000000000000031, 63088, 0.0025
20, 0.8, 137, 0.07000000000000031, 63089, 0.0025
20, 0.8, 137, 0.07000000000000031, 63254, 0.0025
20, 0.8, 137, 0.07000000000000031, 63255, 0.0025
20, 0.8, 137, 0.07000000000000031, 63258, 0.0025
20, 0.8, 137, 0.07000000000000031, 63421, 0.0025
20, 0.8, 137, 0.07000000000000031, 63422, 0.0025
20, 0.8, 137, 0.07000000000000031, 63423, 0.0025
20, 0.8, 137, 0.07000000000000031, 63587, 0.0025
20, 0.8, 137, 0.07000000000000031, 63592, 0.0025
20, 0.8, 137, 0.07000000000000031, 63757, 0.0025
20, 0.8, 137, 0.07000000000000031, 63919, 0.0025
20, 0.8, 137, 0.07000000000000031, 63920, 0.0025
20, 0.8, 133, 0.0325, 63922, 0.0025
20, 0.8, 133, 0.0325, 63923, 0.0025
20, 0.8, 137, 0.07000000000000031, 64080, 0.0025
20, 0.8, 137, 0.07000000000000031, 64081, 0.0025
20, 0.8, 137, 0.07000000000000031, 64082, 0.0025
20, 0.8, 133, 0.0325, 64098, 0.0025
20, 0.8, 133, 0.0325, 64258, 0.0025
20, 0.8, 133, 0.0325, 64259, 0.0025
20, 0.8, 137, 0.07000000000000031, 64400, 0.0025
20, 0.8, 133, 0.0325, 64403, 0.0025
20, 0.8, 133, 0.0325, 64404, 0.0025
20, 0.8, 133, 0.0325, 64415, 0.0025
20, 0.8, 133, 0.0325, 64572, 0.0025
20, 0.8, 137, 0.07000000000000031, 64712, 0.0025
20, 0.8, 133, 0.0325, 64726, 0.0025
20, 0.8, 133, 0.0325, 64878, 0.0025
20, 0.8, 133, 0.0325, 65029, 0.0025
20, 0.8, 133, 0.0325, 65177, 0.0025
20, 0.8, 133, 0.0325, 65178, 0.0025
20, 0.8, 144, 0.05, 65835, 0.0025
20, 0.8, 144, 0.05, 65836, 0.0025
20, 0.8, 144, 0.05, 65837, 0.0025
20, 0.8, 144, 0.05, 65975, 0.0025
20, 0.8, 144, 0.05, 65976, 0.0025
20, 0.8, 144, 0.05, 65977, 0.0025
20, 0.8, 144, 0.05, 65978, 0.0025
20, 0.8, 144, 0.05, 66113, 0.0025
20, 0.8, 144, 0.05, 66118, 0.0025
20, 0.8, 144, 0.05, 66249, 0.0025
20, 0.8, 144, 0.05, 66251, 0.0025
20, 0.8, 144, 0.05, 66258, 0.0025
20, 0.8, 144, 0.05, 66259, 0.0025
20, 0.8, 144, 0.05, 66387, 0.0025
20, 0.8, 144, 0.05, 66390, 0.0025
20, 0.8, 144, 0.05, 66393, 0.0025
20, 0.8, 144, 0.05, 66523, 0.0025
20, 0.8, 144, 0.05, 66524, 0.0025
20, 0.8, 144, 0.05, 66787, 0.0025
20, 0.8, 144, 0.05, 66788, 0.0025
20, 0.8, 144, 0.05, 66915, 0.0025
20, 0.8500000000000001, 1, 0.08999999999999993, 760, 0.0025
20, 0.8500000000000001, 1, 0.08999999999999993, 761, 0.0025
20, 0.8500000000000001, 1, 0.08999999999999993, 762, 0.0025
20, 0.8500000000000001, 1, 0.08999999999999993, 815, 0.0025
20, 0.8500000000000001, 1, 0.08999999999999993, 816, 0.0025
20, 0.8500000000000001, 1, 0.08999999999999993, 817, 0.0025
20, 0.8500000000000001, 1, 0.08999999999999993, 818, 0.0025
20, 0.8500000000000001, 1, 0.08999999999999993, 874, 0.0025
20, 0.8500000000000001, 1, 0.08999999999999993, 875, 0.0025
20, 0.8500000000000001, 1, 0.08999999999999993, 876, 0.0025
20, 0.8500000000000001, 1, 0.08999999999999993, 877, 0.0025
20, 0.8500000000000001, 1, 0.08999999999999993, 936, 0.0025
20, 0.8500000000000001, 1, 0.08999999999999993, 937, 0.0025
20, 0.8500000000000001, 1, 0.08999999999999993, 938, 0.0025
20, 0.8500000000000001, 1, 0.08999999999999993, 1258, 0.0025
20, 0.8500000000000001, 1, 0.08999999999999993, 1330, 0.0025
20, 0.8500000000000001, 1, 0.08999999999999993, 1331, 0.0025
20, 0.8500000000000001, 1, 0.08999999999999993, 1332, 0.0025
20, 0.8500000000000001, 1, 0.08999999999999993, 1333, 0.0025
20, 0.8500000000000001, 1, 0.08999999999999993, 1334, 0.0025
20, 0.8500000000000001, 1, 0.08999999999999993, 1406, 0.0025
20, 0.8500000000000001, 1, 0.08999999999999993, 1407, 0.0025
20, 0.8500000000000001, 1, 0.08999999999999993, 1408, 0.0025
20, 0.8500000000000001, 1, 0.08999999999999993, 1409, 0.0025
20, 0.8500000000000001, 1, 0.08999999999999993, 1410, 0.0025
20, 0.8500000000000001, 1, 0.08999999999999993, 1482, 0.0025
20, 0.8500000000000001, 1, 0.08999999999999993, 1483, 0.0025
20, 0.8500000000000001, 1, 0.08999999999999993, 1484, 0.0025
20, 0.8500000000000001, 1, 0.08999999999999993, 1485, 0.0025
20, 0.8500000000000001, 1, 0.08999999999999993, 1486, 0.0025
20, 0.8500000000000001, 1, 0.08999999999999993, 1560, 0.0025
20, 0.8500000000000001, 1, 0.08999999999999993, 1561, 0.0025
20, 0.8500000000000001, 1, 0.08999999999999993, 1562, 0.0025
20, 0.8500000000000001, 1, 0.08999999999999993, 1563, 0.0025
20, 0.8500000000000001, 1, 0.08999999999999993, 1641, 0.0025
20, 0.8500000000000001, 1, 0.08999999999999993, 1642, 0.0025
20, 0.8500000000000001, 1, 0.08999999999999993, 1724, 0.0025
20, 0.8500000000000001, 10, 0.03249999999999992, 2101, 0.0025
20, 0.8500000000000001, 10, 0.03249999999999992, 2399, 0.0025
20, 0.8500000000000001, 10, 0.03249999999999992, 2400, 0.0025
20, 0.8500000000000001, 5, 0.0325, 2535, 0.0025
20, 0.8500000000000001, 5, 0.0325, 2536, 0.0025
20, 0.8500000000000001, 5, 0.0325, 2537, 0.0025
20, 0.8500000000000001, 10, 0.03249999999999992, 2604, 0.0025
20, 0.8500000000000001, 10, 0.03249999999999992, 2605, 0.0025
20, 0.8500000000000001, 10, 0.03249999999999992, 2813, 0.0025
20, 0.8500000000000001, 10, 0.03249999999999992, 2815, 0.0025
20, 0.8500000000000001, 10, 0.03249999999999992, 2920, 0.0025
20, 0.8500000000000001, 10, 0.03249999999999992, 3136, 0.0025
20, 0.8500000000000001, 10, 0.03249999999999992, 3243, 0.0025
20, 0.8500000000000001, 5, 0.0325, 3273, 0.0025
20, 0.8500000000000001, 5, 0.0325, 3274, 0.0025
20, 0.8500000000000001, 5, 0.0325, 3275, 0.0025
20, 0.8500000000000001, 10, 0.03249999999999992, 3352, 0.0025
20, 0.8500000000000001, 5, 0.0325, 3382, 0.0025
20, 0.8500000000000001, 5, 0.0325, 3383, 0.0025
20, 0.8500000000000001, 5, 0.0325, 3493, 0.0025
20, 0.8500000000000001, 5, 0.0325, 3494, 0.0025
20, 0.8500000000000001, 10, 0.03249999999999992, 3575, 0.0025
20, 0.8500000000000001, 5, 0.0325, 3604, 0.0025
20, 0.8500000000000001, 10, 0.03249999999999992, 3686, 0.0025
20, 0.8500000000000001, 5, 0.0325, 3715, 0.0025
20, 0.8500000000000001, 5, 0.0325, 3716, 0.0025
20, 0.8500000000000001, 10, 0.03249999999999992, 3802, 0.0025
20, 0.8500000000000001, 5, 0.0325, 3943, 0.0025
20, 0.8500000000000001, 16, 0.03249999999999998, 5678, 0.0025
20, 0.8500000000000001, 16, 0.03249999999999998, 5806, 0.0025
20, 0.8500000000000001, 16, 0.03249999999999998, 5934, 0.0025
20, 0.8500000000000001, 16, 0.03249999999999998, 6063, 0.0025
20, 0.8500000000000001, 16, 0.03249999999999998, 6192, 0.0025
20, 0.8500000000000001, 16, 0.03249999999999998, 6323, 0.0025
20, 0.8500000000000001, 16, 0.03249999999999998, 6454, 0.0025
20, 0.8500000000000001, 19, 0.1250000000000034, 6474, 0.0025
20, 0.8500000000000001, 16, 0.03249999999999998, 6586, 0.0025
20, 0.8500000000000001, 19, 0.1250000000000034, 6604, 0.0025
20, 0.8500000000000001, 19, 0.1250000000000034, 6605, 0.0025
20, 0.8500000000000001, 19, 0.1250000000000034, 6606, 0.0025
20, 0.8500000000000001, 19, 0.1250000000000034, 6607, 0.0025
20, 0.8500000000000001, 16, 0.03249999999999998, 6719, 0.0025
20, 0.8500000000000001, 19, 0.1250000000000034, 6737, 0.0025
20, 0.8500000000000001, 19, 0.1250000000000034, 6738, 0.0025
20, 0.8500000000000001, 19, 0.1250000000000034, 6739, 0.0025
20, 0.8500000000000001, 19, 0.1250000000000034, 6740, 0.0025
20, 0.8500000000000001, 19, 0.1250000000000034, 6741, 0.0025
20, 0.8500000000000001, 16, 0.03249999999999998, 6852, 0.0025
20, 0.8500000000000001, 19, 0.1250000000000034, 6869, 0.0025
20, 0.8500000000000001, 19, 0.1250000000000034, 6870, 0.0025
20, 0.8500000000000001, 19, 0.1250000000000034, 6871, 0.0025
20, 0.8500000000000001, 19, 0.1250000000000034, 6872, 0.0025
20, 0.8500000000000001, 19, 0.1250000000000034, 6873, 0.0025
20, 0.8500000000000001, 19, 0.1250000000000034, 6874, 0.0025
20, 0.8500000000000001, 16, 0.03249999999999998, 6986, 0.0025
20, 0.8500000000000001, 19, 0.1250000000000034, 7004, 0.0025
20, 0.8500000000000001, 19, 0.1250000000000034, 7005, 0.0025
20, 0.8500000000000001, 19, 0.1250000000000034, 7006, 0.0025
20, 0.8500000000000001, 19, 0.1250000000000034, 7007, 0.0025
20, 0.8500000000000001, 19, 0.1250000000000034, 7008, 0.0025
20, 0.8500000000000001, 19, 0.1250000000000034, 7009, 0.0025
20, 0.8500000000000001, 16, 0.03249999999999998, 7119, 0.0025
20, 0.8500000000000001, 16, 0.03249999999999998, 7120, 0.0025
20, 0.8500000000000001, 19, 0.1250000000000034, 7137, 0.0025
20, 0.8500000000000001, 19, 0.1250000000000034, 7138, 0.0025
20, 0.8500000000000001, 19, 0.1250000000000034, 7139, 0.0025
20, 0.8500000000000001, 19, 0.1250000000000034, 7140, 0.0025
20, 0.8500000000000001, 19, 0.1250000000000034, 7141, 0.0025
20, 0.8500000000000001, 19, 0.1250000000000034, 7142, 0.0025
20, 0.8500000000000001, 19, 0.1250000000000034, 7143, 0.0025
20, 0.8500000000000001, 19, 0.1250000000000034, 7144, 0.0025
20, 0.8500000000000001, 16, 0.03249999999999998, 7256, 0.0025
20, 0.8500000000000001, 19, 0.1250000000000034, 7273, 0.0025
20, 0.8500000000000001, 19, 0.1250000000000034, 7274, 0.0025
20, 0.8500000000000001, 19, 0.1250000000000034, 7275, 0.0025
20, 0.8500000000000001, 19, 0.1250000000000034, 7276, 0.0025
20, 0.8500000000000001, 19, 0.1250000000000034, 7277, 0.0025
20, 0.8500000000000001, 19, 0.1250000000000034, 7278, 0.0025
20, 0.8500000000000001, 19, 0.1250000000000034, 7279, 0.0025
20, 0.8500000000000001, 19, 0.1250000000000034, 7408, 0.0025
20, 0.8500000000000001, 19, 0.1250000000000034, 7409, 0.0025
20, 0.8500000000000001, 19, 0.1250000000000034, 7410, 0.0025
20, 0.8500000000000001, 19, 0.1250000000000034, 7411, 0.0025
20, 0.8500000000000001, 19, 0.1250000000000034, 7412, 0.0025
20, 0.8500000000000001, 19, 0.1250000000000034, 7413, 0.0025
20, 0.8500000000000001, 19, 0.1250000000000034, 7414, 0.0025
20, 0.8500000000000001, 19, 0.1250000000000034, 7415, 0.0025
20, 0.8500000000000001, 19, 0.1250000000000034, 7546, 0.0025
20, 0.8500000000000001, 19, 0.1250000000000034, 7548, 0.0025
20, 0.8500000000000001, 19, 0.1250000000000034, 7549, 0.0025
20, 0.8500000000000001, 19, 0.1250000000000034, 7550, 0.0025
20, 0.8500000000000001, 19, 0.1250000000000034, 7551, 0.0025
20, 0.8500000000000001, 19, 0.1250000000000034, 7552, 0.0025
20, 0.8500000000000001, 25, 0.0325, 9428, 0.0025
20, 0.8500000000000001, 25, 0.0325, 9577, 0.0025
20, 0.8500000000000001, 25, 0.0325, 9578, 0.0025
20, 0.8500000000000001, 25, 0.0325, 9717, 0.0025
20, 0.8500000000000001, 25, 0.0325, 9718, 0.0025
20, 0.8500000000000001, 25, 0.0325, 9719, 0.0025
20, 0.8500000000000001, 25, 0.0325, 9720, 0.0025
20, 0.8500000000000001, 25, 0.0325, 9847, 0.0025
20, 0.8500000000000001, 25, 0.0325, 9849, 0.0025
20, 0.8500000000000001, 25, 0.0325, 9850, 0.0025
20, 0.8500000000000001, 25, 0.0325, 10090, 0.0025
20, 0.8500000000000001, 25, 0.0325, 10203, 0.0025
20, 0.8500000000000001, 25, 0.0325, 10204, 0.0025
20, 0.8500000000000001, 25, 0.0325, 10205, 0.0025
20, 0.8500000000000001, 37, 0.07000000000000012, 14869, 0.0025
20, 0.8500000000000001, 37, 0.07000000000000012, 15092, 0.0025
20, 0.8500000000000001, 37, 0.07000000000000012, 15209, 0.0025
20, 0.8500000000000001, 37, 0.07000000000000012, 15322, 0.0025
20, 0.8500000000000001, 37, 0.07000000000000012, 15439, 0.0025
20, 0.8500000000000001, 37, 0.07000000000000012, 15440, 0.0025
20, 0.8500000000000001, 37, 0.07000000000000012, 15552, 0.0025
20, 0.8500000000000001, 37, 0.07000000000000012, 15553, 0.0025
20, 0.8500000000000001, 37, 0.07000000000000012, 15668, 0.0025
20, 0.8500000000000001, 37, 0.07000000000000012, 15669, 0.0025
20, 0.8500000000000001, 37, 0.07000000000000012, 15787, 0.0025
20, 0.8500000000000001, 37, 0.07000000000000012, 15788, 0.0025
20, 0.8500000000000001, 37, 0.07000000000000012, 15902, 0.0025
20, 0.8500000000000001, 37, 0.07000000000000012, 15903, 0.0025
20, 0.8500000000000001, 37, 0.07000000000000012, 16020, 0.0025
20, 0.8500000000000001, 37, 0.07000000000000012, 16021, 0.0025
20, 0.8500000000000001, 37, 0.07000000000000012, 16137, 0.0025
20, 0.8500000000000001, 37, 0.07000000000000012, 16138, 0.0025
20, 0.8500000000000001, 37, 0.07000000000000012, 16255, 0.0025
20, 0.8500000000000001, 37, 0.07000000000000012, 16256, 0.0025
20, 0.8500000000000001, 37, 0.07000000000000012, 16257, 0.0025
20, 0.8500000000000001, 37, 0.07000000000000012, 16370, 0.0025
20, 0.8500000000000001, 37, 0.07000000000000012, 16371, 0.0025
20, 0.8500000000000001, 37, 0.07000000000000012, 16483, 0.0025
20, 0.8500000000000001, 37, 0.07000000000000012, 16484, 0.0025
20, 0.8500000000000001, 37, 0.07000000000000012, 16485, 0.0025
20, 0.8500000000000001, 37, 0.07000000000000012, 16594, 0.0025
20, 0.8500000000000001, 37, 0.07000000000000012, 16595, 0.0025
20, 0.8500000000000001, 38, 0.05249999999999994, 16659, 0.0025
20, 0.8500000000000001, 37, 0.07000000000000012, 16700, 0.0025
20, 0.8500000000000001, 41, 0.08249999999999802, 16755, 0.0025
20, 0.8500000000000001, 38, 0.05249999999999994, 16762, 0.0025
20, 0.8500000000000001, 38, 0.05249999999999994, 16879, 0.0025
20, 0.8500000000000001, 38, 0.05249999999999994, 16990, 0.0025
20, 0.8500000000000001, 38, 0.05249999999999994, 16991, 0.0025
20, 0.8500000000000001, 38, 0.05249999999999994, 16992, 0.0025
20, 0.8500000000000001, 41, 0.08249999999999802, 17087, 0.0025
20, 0.8500000000000001, 41, 0.08249999999999802, 17092, 0.0025
20, 0.8500000000000001, 38, 0.05249999999999994, 17098, 0.0025
20, 0.8500000000000001, 41, 0.08249999999999802, 17190, 0.0025
20, 0.8500000000000001, 41, 0.08249999999999802, 17197, 0.0025
20, 0.8500000000000001, 38, 0.05249999999999994, 17201, 0.0025
20, 0.8500000000000001, 38, 0.05249999999999994, 17203, 0.0025
20, 0.8500000000000001, 38, 0.05249999999999994, 17204, 0.0025
20, 0.8500000000000001, 41, 0.08249999999999802, 17293, 0.0025
20, 0.8500000000000001, 41, 0.08249999999999802, 17295, 0.0025
20, 0.8500000000000001, 41, 0.08249999999999802, 17299, 0.0025
20, 0.8500000000000001, 41, 0.08249999999999802, 17301, 0.0025
20, 0.8500000000000001, 38, 0.05249999999999994, 17304, 0.0025
20, 0.8500000000000001, 38, 0.05249999999999994, 17305, 0.0025
20, 0.8500000000000001, 38, 0.05249999999999994, 17306, 0.0025
20, 0.8500000000000001, 41, 0.08249999999999802, 17395, 0.0025
20, 0.8500000000000001, 41, 0.08249999999999802, 17401, 0.0025
20, 0.8500000000000001, 41, 0.08249999999999802, 17402, 0.0025
20, 0.8500000000000001, 41, 0.08249999999999802, 17404, 0.0025
20, 0.8500000000000001, 38, 0.05249999999999994, 17407, 0.0025
20, 0.8500000000000001, 38, 0.05249999999999994, 17408, 0.0025
20, 0.8500000000000001, 38, 0.05249999999999994, 17409, 0.0025
20, 0.8500000000000001, 41, 0.08249999999999802, 17503, 0.0025
20, 0.8500000000000001, 41, 0.08249999999999802, 17504, 0.0025
20, 0.8500000000000001, 41, 0.08249999999999802, 17505, 0.0025
20, 0.8500000000000001, 41, 0.08249999999999802, 17506, 0.0025
20, 0.8500000000000001, 41, 0.08249999999999802, 17508, 0.0025
20, 0.8500000000000001, 41, 0.08249999999999802, 17509, 0.0025
20, 0.8500000000000001, 38, 0.05249999999999994, 17512, 0.0025
20, 0.8500000000000001, 41, 0.08249999999999802, 17602, 0.0025
20, 0.8500000000000001, 41, 0.08249999999999802, 17603, 0.0025
20, 0.8500000000000001, 41, 0.08249999999999802, 17604, 0.0025
20, 0.8500000000000001, 41, 0.08249999999999802, 17605, 0.0025
20, 0.8500000000000001, 41, 0.08249999999999802, 17607, 0.0025
20, 0.8500000000000001, 38, 0.05249999999999994, 17612, 0.0025
20, 0.8500000000000001, 38, 0.05249999999999994, 17613, 0.0025
20, 0.8500000000000001, 41, 0.08249999999999802, 17699, 0.0025
20, 0.8500000000000001, 41, 0.08249999999999802, 17700, 0.0025
20, 0.8500000000000001, 41, 0.08249999999999802, 17703, 0.0025
20, 0.8500000000000001, 38, 0.05249999999999994, 17708, 0.0025
20, 0.8500000000000001, 38, 0.05249999999999994, 17709, 0.0025
20, 0.8500000000000001, 41, 0.08249999999999802, 17793, 0.0025
20, 0.8500000000000001, 41, 0.08249999999999802, 17795, 0.0025
20, 0.8500000000000001, 41, 0.08249999999999802, 17797, 0.0025
20, 0.8500000000000001, 38, 0.05249999999999994, 17800, 0.0025
20, 0.8500000000000001, 41, 0.08249999999999802, 17976, 0.0025
20, 0.8500000000000001, 41, 0.08249999999999802, 18060, 0.0025
20, 0.8500000000000001, 41, 0.08249999999999802, 18062, 0.0025
20, 0.8500000000000001, 41, 0.08249999999999802, 18149, 0.0025
20, 0.8500000000000001, 51, 0.03500000000000007, 24698, 0.0025
20, 0.8500000000000001, 51, 0.03500000000000007, 25471, 0.0025
20, 0.8500000000000001, 51, 0.03500000000000007, 25472, 0.0025
20, 0.8500000000000001, 51, 0.03500000000000007, 25582, 0.0025
20, 0.8500000000000001, 51, 0.03500000000000007, 25583, 0.0025
20, 0.8500000000000001, 51, 0.03500000000000007, 25691, 0.0025
20, 0.8500000000000001, 51, 0.03500000000000007, 25692, 0.0025
20, 0.8500000000000001, 51, 0.03500000000000007, 25694, 0.0025
20, 0.8500000000000001, 51, 0.03500000000000007, 25806, 0.0025
20, 0.8500000000000001, 51, 0.03500000000000007, 25807, 0.0025
20, 0.8500000000000001, 51, 0.03500000000000007, 25918, 0.0025
20, 0.8500000000000001, 51, 0.03500000000000007, 25919, 0.0025
20, 0.8500000000000001, 51, 0.03500000000000007, 25920, 0.0025
20, 0.8500000000000001, 51, 0.03500000000000007, 26036, 0.0025
20, 0.8500000000000001, 51, 0.03500000000000007, 26037, 0.0025
20, 0.8500000000000001, 64, 0.03249999999999998, 30902, 0.0025
20, 0.8500000000000001, 64, 0.03249999999999998, 31097, 0.0025
20, 0.8500000000000001, 64, 0.03249999999999998, 31192, 0.0025
20, 0.8500000000000001, 64, 0.03249999999999998, 31372, 0.0025
20, 0.8500000000000001, 64, 0.03249999999999998, 31373, 0.0025
20, 0.8500000000000001, 64, 0.03249999999999998, 31468, 0.0025
20, 0.8500000000000001, 64, 0.03249999999999998, 31469, 0.0025
20, 0.8500000000000001, 64, 0.03249999999999998, 31929, 0.0025
20, 0.8500000000000001, 64, 0.03249999999999998, 31930, 0.0025
20, 0.8500000000000001, 64, 0.03249999999999998, 31931, 0.0025
20, 0.8500000000000001, 64, 0.03249999999999998, 32019, 0.0025
20, 0.8500000000000001, 64, 0.03249999999999998, 32024, 0.0025
20, 0.8500000000000001, 64, 0.03249999999999998, 32205, 0.0025
20, 0.8500000000000001, 64, 0.03249999999999998, 32206, 0.0025
20, 0.8500000000000001, 67, 0.0325, 32299, 0.0025
20, 0.8500000000000001, 67, 0.0325, 32396, 0.0025
20, 0.8500000000000001, 67, 0.0325, 32924, 0.0025
20, 0.8500000000000001, 67, 0.0325, 33005, 0.0025
20, 0.8500000000000001, 67, 0.0325, 33417, 0.0025
20, 0.8500000000000001, 67, 0.0325, 33495, 0.0025
20, 0.8500000000000001, 67, 0.0325, 33498, 0.0025
20, 0.8500000000000001, 67, 0.0325, 33499, 0.0025
20, 0.8500000000000001, 67, 0.0325, 33500, 0.0025
20, 0.8500000000000001, 67, 0.0325, 33580, 0.0025
20, 0.8500000000000001, 67, 0.0325, 33654, 0.0025
20, 0.8500000000000001, 71, 0.035, 33731, 0.0025
20, 0.8500000000000001, 67, 0.0325, 33732, 0.0025
20, 0.8500000000000001, 67, 0.0325, 33736, 0.0025
20, 0.8500000000000001, 71, 0.035, 33808, 0.0025
20, 0.8500000000000001, 67, 0.0325, 33809, 0.0025
20, 0.8500000000000001, 71, 0.035, 35055, 0.0025
20, 0.8500000000000001, 71, 0.035, 35056, 0.0025
20, 0.8500000000000001, 71, 0.035, 35342, 0.0025
20, 0.8500000000000001, 71, 0.035, 35416, 0.0025
20, 0.8500000000000001, 71, 0.035, 35558, 0.0025
20, 0.8500000000000001, 71, 0.035, 35559, 0.0025
20, 0.8500000000000001, 71, 0.035, 35625, 0.0025
20, 0.8500000000000001, 71, 0.035, 35626, 0.0025
20, 0.8500000000000001, 71, 0.035, 35627, 0.0025
20, 0.8500000000000001, 71, 0.035, 35628, 0.0025
20, 0.8500000000000001, 71, 0.035, 35699, 0.0025
20, 0.8500000000000001, 71, 0.035, 35700, 0.0025
20, 0.8500000000000001, 71, 0.035, 35772, 0.0025
20, 0.8500000000000001, 98, 0.05250000000000003, 48314, 0.0025
20, 0.8500000000000001, 98, 0.05250000000000003, 48978, 0.0025
20, 0.8500000000000001, 98, 0.05250000000000003, 48979, 0.0025
20, 0.8500000000000001, 98, 0.05250000000000003, 49250, 0.0025
20, 0.8500000000000001, 98, 0.05250000000000003, 49251, 0.0025
20, 0.8500000000000001, 98, 0.05250000000000003, 49253, 0.0025
20, 0.8500000000000001, 98, 0.05250000000000003, 49377, 0.0025
20, 0.8500000000000001, 98, 0.05250000000000003, 49511, 0.0025
20, 0.8500000000000001, 98, 0.05250000000000003, 49516, 0.0025
20, 0.8500000000000001, 98, 0.05250000000000003, 49650, 0.0025
20, 0.8500000000000001, 98, 0.05250000000000003, 49651, 0.0025
20, 0.8500000000000001, 98, 0.05250000000000003, 49785, 0.0025
20, 0.8500000000000001, 98, 0.05250000000000003, 49920, 0.0025
20, 0.8500000000000001, 98, 0.05250000000000003, 49921, 0.0025
20, 0.8500000000000001, 98, 0.05250000000000003, 50062, 0.0025
20, 0.8500000000000001, 98, 0.05250000000000003, 50063, 0.0025
20, 0.8500000000000001, 98, 0.05250000000000003, 50064, 0.0025
20, 0.8500000000000001, 98, 0.05250000000000003, 50065, 0.0025
20, 0.8500000000000001, 98, 0.05250000000000003, 50066, 0.0025
20, 0.8500000000000001, 98, 0.05250000000000003, 50208, 0.0025
20, 0.8500000000000001, 98, 0.05250000000000003, 50350, 0.0025
20, 0.8500000000000001, 105, 0.04499999999999997, 50508, 0.0025
20, 0.8500000000000001, 98, 0.05250000000000003, 50627, 0.0025
20, 0.8500000000000001, 105, 0.04499999999999997, 51484, 0.0025
20, 0.8500000000000001, 105, 0.04499999999999997, 51485, 0.0025
20, 0.8500000000000001, 105, 0.04499999999999997, 51487, 0.0025
20, 0.8500000000000001, 105, 0.04499999999999997, 51622, 0.0025
20, 0.8500000000000001, 105, 0.04499999999999997, 51624, 0.0025
20, 0.8500000000000001, 105, 0.04499999999999997, 51625, 0.0025
20, 0.8500000000000001, 105, 0.04499999999999997, 51764, 0.0025
20, 0.8500000000000001, 105, 0.04499999999999997, 51901, 0.0025
20, 0.8500000000000001, 105, 0.04499999999999997, 52041, 0.0025
20, 0.8500000000000001, 105, 0.04499999999999997, 52184, 0.0025
20, 0.8500000000000001, 105, 0.04499999999999997, 52329, 0.0025
20, 0.8500000000000001, 105, 0.04499999999999997, 52473, 0.0025
20, 0.8500000000000001, 105, 0.04499999999999997, 52614, 0.0025
20, 0.8500000000000001, 105, 0.04499999999999997, 52615, 0.0025
20, 0.8500000000000001, 105, 0.04499999999999997, 52754, 0.0025
20, 0.8500000000000001, 105, 0.04499999999999997, 52755, 0.0025
20, 0.8500000000000001, 105, 0.04499999999999997, 52893, 0.0025
20, 0.8500000000000001, 105, 0.04499999999999997, 53028, 0.0025
20, 0.8500000000000001, 121, 0.0325, 55186, 0.0025
20, 0.8500000000000001, 121, 0.0325, 55326, 0.0025
20, 0.8500000000000001, 121, 0.0325, 55330, 0.0025
20, 0.8500000000000001, 121, 0.0325, 55617, 0.0025
20, 0.8500000000000001, 121, 0.0325, 55756, 0.0025
20, 0.8500000000000001, 121, 0.0325, 55757, 0.0025
20, 0.8500000000000001, 121, 0.0325, 55759, 0.0025
20, 0.8500000000000001, 121, 0.0325, 55902, 0.0025
20, 0.8500000000000001, 121, 0.0325, 55903, 0.0025
20, 0.8500000000000001, 121, 0.0325, 55904, 0.0025
20, 0.8500000000000001, 116, 0.0325, 56389, 0.0025
20, 0.8500000000000001, 121, 0.0325, 56487, 0.0025
20, 0.8500000000000001, 116, 0.0325, 56537, 0.0025
20, 0.8500000000000001, 116, 0.0325, 56538, 0.0025
20, 0.8500000000000001, 121, 0.0325, 56633, 0.0025
20, 0.8500000000000001, 121, 0.0325, 56783, 0.0025
20, 0.8500000000000001, 121, 0.0325, 56784, 0.0025
20, 0.8500000000000001, 116, 0.0325, 56835, 0.0025
20, 0.8500000000000001, 116, 0.0325, 56983, 0.0025
20, 0.8500000000000001, 116, 0.0325, 57589, 0.0025
20, 0.8500000000000001, 116, 0.0325, 58372, 0.0025
20, 0.8500000000000001, 116, 0.0325, 58374, 0.0025
20, 0.8500000000000001, 116, 0.0325, 58535, 0.0025
20, 0.8500000000000001, 116, 0.0325, 58536, 0.0025
20, 0.8500000000000001, 116, 0.0325, 58537, 0.0025
20, 0.8500000000000001, 116, 0.0325, 58702, 0.0025
20, 0.8500000000000001, 116, 0.0325, 58703, 0.0025
20, 0.8500000000000001, 116, 0.0325, 59042, 0.0025
20, 0.8500000000000001, 137, 0.06999999999999998, 62563, 0.0025
20, 0.8500000000000001, 137, 0.06999999999999998, 62564, 0.0025
20, 0.8500000000000001, 137, 0.06999999999999998, 62566, 0.0025
20, 0.8500000000000001, 137, 0.06999999999999998, 62567, 0.0025
20, 0.8500000000000001, 137, 0.06999999999999998, 62739, 0.0025
20, 0.8500000000000001, 137, 0.06999999999999998, 62740, 0.0025
20, 0.8500000000000001, 137, 0.06999999999999998, 62741, 0.0025
20, 0.8500000000000001, 137, 0.06999999999999998, 62910, 0.0025
20, 0.8500000000000001, 137, 0.06999999999999998, 62911, 0.0025
20, 0.8500000000000001, 137, 0.06999999999999998, 62913, 0.0025
20, 0.8500000000000001, 137, 0.06999999999999998, 63087, 0.0025
20, 0.8500000000000001, 137, 0.06999999999999998, 63088, 0.0025
20, 0.8500000000000001, 137, 0.06999999999999998, 63089, 0.0025
20, 0.8500000000000001, 137, 0.06999999999999998, 63254, 0.0025
20, 0.8500000000000001, 137, 0.06999999999999998, 63255, 0.0025
20, 0.8500000000000001, 137, 0.06999999999999998, 63258, 0.0025
20, 0.8500000000000001, 137, 0.06999999999999998, 63421, 0.0025
20, 0.8500000000000001, 137, 0.06999999999999998, 63422, 0.0025
20, 0.8500000000000001, 137, 0.06999999999999998, 63423, 0.0025
20, 0.8500000000000001, 137, 0.06999999999999998, 63587, 0.0025
20, 0.8500000000000001, 137, 0.06999999999999998, 63592, 0.0025
20, 0.8500000000000001, 137, 0.06999999999999998, 63757, 0.0025
20, 0.8500000000000001, 137, 0.06999999999999998, 63919, 0.0025
20, 0.8500000000000001, 137, 0.06999999999999998, 63920, 0.0025
20, 0.8500000000000001, 133, 0.0325, 63922, 0.0025
20, 0.8500000000000001, 133, 0.0325, 63923, 0.0025
20, 0.8500000000000001, 137, 0.06999999999999998, 64080, 0.0025
20, 0.8500000000000001, 137, 0.06999999999999998, 64081, 0.0025
20, 0.8500000000000001, 137, 0.06999999999999998, 64082, 0.0025
20, 0.8500000000000001, 133, 0.0325, 64098, 0.0025
20, 0.8500000000000001, 133, 0.0325, 64258, 0.0025
20, 0.8500000000000001, 133, 0.0325, 64259, 0.0025
20, 0.8500000000000001, 137, 0.06999999999999998, 64400, 0.0025
20, 0.8500000000000001, 133, 0.0325, 64403, 0.0025
20, 0.8500000000000001, 133, 0.0325, 64404, 0.0025
20, 0.8500000000000001, 133, 0.0325, 64415, 0.0025
20, 0.8500000000000001, 133, 0.0325, 64572, 0.0025
20, 0.8500000000000001, 137, 0.06999999999999998, 64712, 0.0025
20, 0.8500000000000001, 133, 0.0325, 64726, 0.0025
20, 0.8500000000000001, 133, 0.0325, 64878, 0.0025
20, 0.8500000000000001, 133, 0.0325, 65029, 0.0025
20, 0.8500000000000001, 133, 0.0325, 65177, 0.0025
20, 0.8500000000000001, 133, 0.0325, 65178, 0.0025
20, 0.8500000000000001, 144, 0.05, 65835, 0.0025
20, 0.8500000000000001, 144, 0.05, 65836, 0.0025
20, 0.8500000000000001, 144, 0.05, 65837, 0.0025
20, 0.8500000000000001, 144, 0.05, 65975, 0.0025
20, 0.8500000000000001, 144, 0.05, 65976, 0.0025
20, 0.8500000000000001, 144, 0.05, 65977, 0.0025
20, 0.8500000000000001, 144, 0.05, 65978, 0.0025
20, 0.8500000000000001, 144, 0.05, 66113, 0.0025
20, 0.8500000000000001, 144, 0.05, 66118, 0.0025
20, 0.8500000000000001, 144, 0.05, 66249, 0.0025
20, 0.8500000000000001, 144, 0.05, 66251, 0.0025
20, 0.8500000000000001, 144, 0.05, 66258, 0.0025
20, 0.8500000000000001, 144, 0.05, 66259, 0.0025
20, 0.8500000000000001, 144, 0.05, 66387, 0.0025
20, 0.8500000000000001, 144, 0.05, 66390, 0.0025
20, 0.8500000000000001, 144, 0.05, 66393, 0.0025
20, 0.8500000000000001, 144, 0.05, 66523, 0.0025
20, 0.8500000000000001, 144, 0.05, 66524, 0.0025
20, 0.8500000000000001, 144, 0.05, 66787, 0.0025
20, 0.8500000000000001, 144, 0.05, 66788, 0.0025
20, 0.8500000000000001, 144, 0.05, 66915, 0.0025
20, 0.9, 1, 0.07999999999999999, 760, 0.0025
20, 0.9, 1, 0.07999999999999999, 761, 0.0025
20, 0.9, 1, 0.07999999999999999, 762, 0.0025
20, 0.9, 1, 0.07999999999999999, 817, 0.0025
20, 0.9, 1, 0.07999999999999999, 818, 0.0025
20, 0.9, 1, 0.07999999999999999, 875, 0.0025
20, 0.9, 1, 0.07999999999999999, 876, 0.0025
20, 0.9, 1, 0.07999999999999999, 877, 0.0025
20, 0.9, 1, 0.07999999999999999, 936, 0.0025
20, 0.9, 1, 0.07999999999999999, 937, 0.0025
20, 0.9, 1, 0.07999999999999999, 938, 0.0025
20, 0.9, 1, 0.07999999999999999, 1330, 0.0025
20, 0.9, 1, 0.07999999999999999, 1331, 0.0025
20, 0.9, 1, 0.07999999999999999, 1332, 0.0025
20, 0.9, 1, 0.07999999999999999, 1333, 0.0025
20, 0.9, 1, 0.07999999999999999, 1334, 0.0025
20, 0.9, 1, 0.07999999999999999, 1406, 0.0025
20, 0.9, 1, 0.07999999999999999, 1407, 0.0025
20, 0.9, 1, 0.07999999999999999, 1408, 0.0025
20, 0.9, 1, 0.07999999999999999, 1409, 0.0025
20, 0.9, 1, 0.07999999999999999, 1410, 0.0025
20, 0.9, 1, 0.07999999999999999, 1482, 0.0025
20, 0.9, 1, 0.07999999999999999, 1483, 0.0025
20, 0.9, 1, 0.07999999999999999, 1484, 0.0025
20, 0.9, 1, 0.07999999999999999, 1485, 0.0025
20, 0.9, 1, 0.07999999999999999, 1486, 0.0025
20, 0.9, 2, 0.0325, 1551, 0.0025
20, 0.9, 1, 0.07999999999999999, 1560, 0.0025
20, 0.9, 1, 0.07999999999999999, 1561, 0.0025
20, 0.9, 1, 0.07999999999999999, 1562, 0.0025
20, 0.9, 1, 0.07999999999999999, 1563, 0.0025
20, 0.9, 1, 0.07999999999999999, 1641, 0.0025
20, 0.9, 1, 0.07999999999999999, 1642, 0.0025
20, 0.9, 2, 0.0325, 1712, 0.0025
20, 0.9, 1, 0.07999999999999999, 1724, 0.0025
20, 0.9, 2, 0.0325, 1884, 0.0025
20, 0.9, 2, 0.0325, 1971, 0.0025
20, 0.9, 2, 0.0325, 1972, 0.0025
20, 0.9, 2, 0.0325, 1973, 0.0025
20, 0.9, 2, 0.0325, 1974, 0.0025
20, 0.9, 2, 0.0325, 2064, 0.0025
20, 0.9, 2, 0.0325, 2065, 0.0025
20, 0.9, 2, 0.0325, 2066, 0.0025
20, 0.9, 2, 0.0325, 2067, 0.0025
20, 0.9, 10, 0.03249999999999992, 2101, 0.0025
20, 0.9, 2, 0.0325, 2160, 0.0025
20, 0.9, 2, 0.0325, 2161, 0.0025
20, 0.9, 2, 0.0325, 2259, 0.0025
20, 0.9, 10, 0.03249999999999992, 2399, 0.0025
20, 0.9, 10, 0.03249999999999992, 2400, 0.0025
20, 0.9, 10, 0.03249999999999992, 2604, 0.0025
20, 0.9, 10, 0.03249999999999992, 2605, 0.0025
20, 0.9, 10, 0.03249999999999992, 2813, 0.0025
20, 0.9, 10, 0.03249999999999992, 2815, 0.0025
20, 0.9, 10, 0.03249999999999992, 2920, 0.0025
20, 0.9, 10, 0.03249999999999992, 3136, 0.0025
20, 0.9, 10, 0.03249999999999992, 3243, 0.0025
20, 0.9, 10, 0.03249999999999992, 3352, 0.0025
20, 0.9, 10, 0.03249999999999992, 3575, 0.0025
20, 0.9, 10, 0.03249999999999992, 3686, 0.0025
20, 0.9, 10, 0.03249999999999992, 3802, 0.0025
20, 0.9, 19, 0.13, 6474, 0.0025
20, 0.9, 19, 0.13, 6604, 0.0025
20, 0.9, 19, 0.13, 6605, 0.0025
20, 0.9, 19, 0.13, 6606, 0.0025
20, 0.9, 19, 0.13, 6607, 0.0025
20, 0.9, 19, 0.13, 6737, 0.0025
20, 0.9, 19, 0.13, 6738, 0.0025
20, 0.9, 19, 0.13, 6739, 0.0025
20, 0.9, 19, 0.13, 6740, 0.0025
20, 0.9, 19, 0.13, 6741, 0.0025
20, 0.9, 19, 0.13, 6869, 0.0025
20, 0.9, 19, 0.13, 6870, 0.0025
20, 0.9, 19, 0.13, 6871, 0.0025
20, 0.9, 19, 0.13, 6872, 0.0025
20, 0.9, 19, 0.13, 6873, 0.0025
20, 0.9, 19, 0.13, 6874, 0.0025
20, 0.9, 19, 0.13, 7004, 0.0025
20, 0.9, 19, 0.13, 7005, 0.0025
20, 0.9, 19, 0.13, 7006, 0.0025
20, 0.9, 19, 0.13, 7007, 0.0025
20, 0.9, 19, 0.13, 7008, 0.0025
20, 0.9, 19, 0.13, 7009, 0.0025
20, 0.9, 19, 0.13, 7137, 0.0025
20, 0.9, 19, 0.13, 7138, 0.0025
20, 0.9, 19, 0.13, 7139, 0.0025
20, 0.9, 19, 0.13, 7140, 0.0025
20, 0.9, 19, 0.13, 7141, 0.0025
20, 0.9, 19, 0.13, 7142, 0.0025
20, 0.9, 19, 0.13, 7143, 0.0025
20, 0.9, 19, 0.13, 7144, 0.0025
20, 0.9, 19, 0.13, 7272, 0.0025
20, 0.9, 19, 0.13, 7273, 0.0025
20, 0.9, 19, 0.13, 7274, 0.0025
20, 0.9, 19, 0.13, 7275, 0.0025
20, 0.9, 19, 0.13, 7276, 0.0025
20, 0.9, 19, 0.13, 7277, 0.0025
20, 0.9, 19, 0.13, 7278, 0.0025
20, 0.9, 19, 0.13, 7279, 0.0025
20, 0.9, 19, 0.13, 7408, 0.0025
20, 0.9, 19, 0.13, 7409, 0.0025
20, 0.9, 19, 0.13, 7410, 0.0025
20, 0.9, 19, 0.13, 7411, 0.0025
20, 0.9, 19, 0.13, 7412, 0.0025
20, 0.9, 19, 0.13, 7413, 0.0025
20, 0.9, 19, 0.13, 7414, 0.0025
20, 0.9, 19, 0.13, 7415, 0.0025
20, 0.9, 22, 0.03249999999999999, 7500, 0.0025
20, 0.9, 19, 0.13, 7546, 0.0025
20, 0.9, 19, 0.13, 7548, 0.0025
20, 0.9, 19, 0.13, 7549, 0.0025
20, 0.9, 19, 0.13, 7550, 0.0025
20, 0.9, 19, 0.13, 7551, 0.0025
20, 0.9, 19, 0.13, 7552, 0.0025
20, 0.9, 22, 0.03249999999999999, 7634, 0.0025
20, 0.9, 22, 0.03249999999999999, 7635, 0.0025
20, 0.9, 22, 0.03249999999999999, 7636, 0.0025
20, 0.9, 22, 0.03249999999999999, 7637, 0.0025
20, 0.9, 22, 0.03249999999999999, 7638, 0.0025
20, 0.9, 19, 0.13, 7688, 0.0025
20, 0.9, 22, 0.03249999999999999, 7774, 0.0025
20, 0.9, 22, 0.03249999999999999, 7775, 0.0025
20, 0.9, 22, 0.03249999999999999, 7776, 0.0025
20, 0.9, 22, 0.03249999999999999, 7777, 0.0025
20, 0.9, 22, 0.03249999999999999, 7914, 0.0025
20, 0.9, 22, 0.03249999999999999, 7915, 0.0025
20, 0.9, 22, 0.03249999999999999, 7916, 0.0025
20, 0.9, 22, 0.03249999999999999, 8056, 0.0025
20, 0.9, 25, 0.03250000000000083, 9428, 0.0025
20, 0.9, 25, 0.03250000000000083, 9577, 0.0025
20, 0.9, 25, 0.03250000000000083, 9578, 0.0025
20, 0.9, 25, 0.03250000000000083, 9717, 0.0025
20, 0.9, 25, 0.03250000000000083, 9718, 0.0025
20, 0.9, 25, 0.03250000000000083, 9719, 0.0025
20, 0.9, 25, 0.03250000000000083, 9720, 0.0025
20, 0.9, 25, 0.03250000000000083, 9847, 0.0025
20, 0.9, 25, 0.03250000000000083, 9849, 0.0025
20, 0.9, 25, 0.03250000000000083, 9850, 0.0025
20, 0.9, 25, 0.03250000000000083, 10090, 0.0025
20, 0.9, 25, 0.03250000000000083, 10203, 0.0025
20, 0.9, 25, 0.03250000000000083, 10204, 0.0025
20, 0.9, 25, 0.03250000000000083, 10205, 0.0025
20, 0.9, 37, 0.07499999999999998, 14869, 0.0025
20, 0.9, 37, 0.07499999999999998, 14982, 0.0025
20, 0.9, 37, 0.07499999999999998, 15092, 0.0025
20, 0.9, 37, 0.07499999999999998, 15209, 0.0025
20, 0.9, 37, 0.07499999999999998, 15322, 0.0025
20, 0.9, 37, 0.07499999999999998, 15439, 0.0025
20, 0.9, 37, 0.07499999999999998, 15440, 0.0025
20, 0.9, 37, 0.07499999999999998, 15552, 0.0025
20, 0.9, 37, 0.07499999999999998, 15553, 0.0025
20, 0.9, 37, 0.07499999999999998, 15668, 0.0025
20, 0.9, 37, 0.07499999999999998, 15669, 0.0025
20, 0.9, 37, 0.07499999999999998, 15787, 0.0025
20, 0.9, 37, 0.07499999999999998, 15788, 0.0025
20, 0.9, 37, 0.07499999999999998, 15902, 0.0025
20, 0.9, 37, 0.07499999999999998, 15903, 0.0025
20, 0.9, 37, 0.07499999999999998, 16020, 0.0025
20, 0.9, 37, 0.07499999999999998, 16021, 0.0025
20, 0.9, 37, 0.07499999999999998, 16137, 0.0025
20, 0.9, 37, 0.07499999999999998, 16138, 0.0025
20, 0.9, 37, 0.07499999999999998, 16255, 0.0025
20, 0.9, 37, 0.07499999999999998, 16256, 0.0025
20, 0.9, 37, 0.07499999999999998, 16257, 0.0025
20, 0.9, 37, 0.07499999999999998, 16369, 0.0025
20, 0.9, 37, 0.07499999999999998, 16370, 0.0025
20, 0.9, 37, 0.07499999999999998, 16371, 0.0025
20, 0.9, 37, 0.07499999999999998, 16483, 0.0025
20, 0.9, 37, 0.07499999999999998, 16484, 0.0025
20, 0.9, 37, 0.07499999999999998, 16485, 0.0025
20, 0.9, 37, 0.07499999999999998, 16594, 0.0025
20, 0.9, 37, 0.07499999999999998, 16595, 0.0025
20, 0.9, 38, 0.05, 16659, 0.0025
20, 0.9, 37, 0.07499999999999998, 16700, 0.0025
20, 0.9, 41, 0.0799999999999998, 16755, 0.0025
20, 0.9, 38, 0.05, 16762, 0.0025
20, 0.9, 38, 0.05, 16879, 0.0025
20, 0.9, 38, 0.05, 16990, 0.0025
20, 0.9, 38, 0.05, 16991, 0.0025
20, 0.9, 41, 0.0799999999999998, 17087, 0.0025
20, 0.9, 41, 0.0799999999999998, 17092, 0.0025
20, 0.9, 38, 0.05, 17098, 0.0025
20, 0.9, 41, 0.0799999999999998, 17190, 0.0025
20, 0.9, 41, 0.0799999999999998, 17197, 0.0025
20, 0.9, 38, 0.05, 17201, 0.0025
20, 0.9, 38, 0.05, 17203, 0.0025
20, 0.9, 38, 0.05, 17204, 0.0025
20, 0.9, 41, 0.0799999999999998, 17293, 0.0025
20, 0.9, 41, 0.0799999999999998, 17295, 0.0025
20, 0.9, 41, 0.0799999999999998, 17299, 0.0025
20, 0.9, 41, 0.0799999999999998, 17301, 0.0025
20, 0.9, 38, 0.05, 17304, 0.0025
20, 0.9, 38, 0.05, 17305, 0.0025
20, 0.9, 38, 0.05, 17306, 0.0025
20, 0.9, 41, 0.0799999999999998, 17395, 0.0025
20, 0.9, 41, 0.0799999999999998, 17401, 0.0025
20, 0.9, 41, 0.0799999999999998, 17402, 0.0025
20, 0.9, 41, 0.0799999999999998, 17404, 0.0025
20, 0.9, 38, 0.05, 17407, 0.0025
20, 0.9, 38, 0.05, 17408, 0.0025
20, 0.9, 38, 0.05, 17409, 0.0025
20, 0.9, 41, 0.0799999999999998, 17503, 0.0025
20, 0.9, 41, 0.0799999999999998, 17504, 0.0025
20, 0.9, 41, 0.0799999999999998, 17505, 0.0025
20, 0.9, 41, 0.0799999999999998, 17506, 0.0025
20, 0.9, 41, 0.0799999999999998, 17509, 0.0025
20, 0.9, 38, 0.05, 17512, 0.0025
20, 0.9, 41, 0.0799999999999998, 17602, 0.0025
20, 0.9, 41, 0.0799999999999998, 17603, 0.0025
20, 0.9, 41, 0.0799999999999998, 17604, 0.0025
20, 0.9, 41, 0.0799999999999998, 17605, 0.0025
20, 0.9, 41, 0.0799999999999998, 17607, 0.0025
20, 0.9, 38, 0.05, 17612, 0.0025
20, 0.9, 38, 0.05, 17613, 0.0025
20, 0.9, 41, 0.0799999999999998, 17699, 0.0025
20, 0.9, 41, 0.0799999999999998, 17700, 0.0025
20, 0.9, 41, 0.0799999999999998, 17703, 0.0025
20, 0.9, 38, 0.05, 17708, 0.0025
20, 0.9, 38, 0.05, 17709, 0.0025
20, 0.9, 41, 0.0799999999999998, 17793, 0.0025
20, 0.9, 41, 0.0799999999999998, 17795, 0.0025
20, 0.9, 41, 0.0799999999999998, 17797, 0.0025
20, 0.9, 38, 0.05, 17800, 0.0025
20, 0.9, 41, 0.0799999999999998, 17976, 0.0025
20, 0.9, 41, 0.0799999999999998, 18060, 0.0025
20, 0.9, 41, 0.0799999999999998, 18062, 0.0025
20, 0.9, 41, 0.0799999999999998, 18149, 0.0025
20, 0.9, 51, 0.03499999999999995, 24698, 0.0025
20, 0.9, 51, 0.03499999999999995, 25471, 0.0025
20, 0.9, 51, 0.03499999999999995, 25472, 0.0025
20, 0.9, 51, 0.03499999999999995, 25582, 0.0025
20, 0.9, 51, 0.03499999999999995, 25583, 0.0025
20, 0.9, 51, 0.03499999999999995, 25691, 0.0025
20, 0.9, 51, 0.03499999999999995, 25692, 0.0025
20, 0.9, 51, 0.03499999999999995, 25694, 0.0025
20, 0.9, 51, 0.03499999999999995, 25806, 0.0025
20, 0.9, 51, 0.03499999999999995, 25807, 0.0025
20, 0.9, 51, 0.03499999999999995, 25918, 0.0025
20, 0.9, 51, 0.03499999999999995, 25919, 0.0025
20, 0.9, 51, 0.03499999999999995, 25920, 0.0025
20, 0.9, 51, 0.03499999999999995, 26036, 0.0025
20, 0.9, 51, 0.03499999999999995, 26037, 0.0025
20, 0.9, 64, 0.03249999999999998, 30902, 0.0025
20, 0.9, 64, 0.03249999999999998, 31097, 0.0025
20, 0.9, 64, 0.03249999999999998, 31192, 0.0025
20, 0.9, 64, 0.03249999999999998, 31372, 0.0025
20, 0.9, 64, 0.03249999999999998, 31373, 0.0025
20, 0.9, 64, 0.03249999999999998, 31468, 0.0025
20, 0.9, 64, 0.03249999999999998, 31469, 0.0025
20, 0.9, 64, 0.03249999999999998, 31929, 0.0025
20, 0.9, 64, 0.03249999999999998, 31930, 0.0025
20, 0.9, 64, 0.03249999999999998, 31931, 0.0025
20, 0.9, 64, 0.03249999999999998, 32019, 0.0025
20, 0.9, 64, 0.03249999999999998, 32024, 0.0025
20, 0.9, 64, 0.03249999999999998, 32205, 0.0025
20, 0.9, 64, 0.03249999999999998, 32206, 0.0025
20, 0.9, 67, 0.03249999999999999, 32299, 0.0025
20, 0.9, 67, 0.03249999999999999, 32396, 0.0025
20, 0.9, 67, 0.03249999999999999, 32924, 0.0025
20, 0.9, 67, 0.03249999999999999, 33005, 0.0025
20, 0.9, 67, 0.03249999999999999, 33417, 0.0025
20, 0.9, 67, 0.03249999999999999, 33495, 0.0025
20, 0.9, 67, 0.03249999999999999, 33498, 0.0025
20, 0.9, 67, 0.03249999999999999, 33499, 0.0025
20, 0.9, 67, 0.03249999999999999, 33500, 0.0025
20, 0.9, 67, 0.03249999999999999, 33580, 0.0025
20, 0.9, 67, 0.03249999999999999, 33654, 0.0025
20, 0.9, 71, 0.035, 33731, 0.0025
20, 0.9, 67, 0.03249999999999999, 33732, 0.0025
20, 0.9, 67, 0.03249999999999999, 33736, 0.0025
20, 0.9, 71, 0.035, 33808, 0.0025
20, 0.9, 67, 0.03249999999999999, 33809, 0.0025
20, 0.9, 71, 0.035, 35055, 0.0025
20, 0.9, 71, 0.035, 35056, 0.0025
20, 0.9, 71, 0.035, 35342, 0.0025
20, 0.9, 71, 0.035, 35416, 0.0025
20, 0.9, 71, 0.035, 35558, 0.0025
20, 0.9, 71, 0.035, 35559, 0.0025
20, 0.9, 71, 0.035, 35625, 0.0025
20, 0.9, 71, 0.035, 35626, 0.0025
20, 0.9, 71, 0.035, 35627, 0.0025
20, 0.9, 71, 0.035, 35628, 0.0025
20, 0.9, 71, 0.035, 35699, 0.0025
20, 0.9, 71, 0.035, 35700, 0.0025
20, 0.9, 71, 0.035, 35772, 0.0025
20, 0.9, 98, 0.05249999999999996, 48314, 0.0025
20, 0.9, 98, 0.05249999999999996, 48978, 0.0025
20, 0.9, 98, 0.05249999999999996, 48979, 0.0025
20, 0.9, 98, 0.05249999999999996, 49250, 0.0025
20, 0.9, 98, 0.05249999999999996, 49251, 0.0025
20, 0.9, 98, 0.05249999999999996, 49253, 0.0025
20, 0.9, 98, 0.05249999999999996, 49377, 0.0025
20, 0.9, 98, 0.05249999999999996, 49511, 0.0025
20, 0.9, 98, 0.05249999999999996, 49516, 0.0025
20, 0.9, 98, 0.05249999999999996, 49650, 0.0025
20, 0.9, 98, 0.05249999999999996, 49651, 0.0025
20, 0.9, 98, 0.05249999999999996, 49785, 0.0025
20, 0.9, 98, 0.05249999999999996, 49920, 0.0025
20, 0.9, 98, 0.05249999999999996, 49921, 0.0025
20, 0.9, 98, 0.05249999999999996, 50062, 0.0025
20, 0.9, 98, 0.05249999999999996, 50063, 0.0025
20, 0.9, 98, 0.05249999999999996, 50064, 0.0025
20, 0.9, 98, 0.05249999999999996, 50065, 0.0025
20, 0.9, 98, 0.05249999999999996, 50066, 0.0025
20, 0.9, 98, 0.05249999999999996, 50208, 0.0025
20, 0.9, 98, 0.05249999999999996, 50350, 0.0025
20, 0.9, 105, 0.05, 50508, 0.0025
20, 0.9, 98, 0.05249999999999996, 50627, 0.0025
20, 0.9, 105, 0.05, 51350, 0.0025
20, 0.9, 105, 0.05, 51351, 0.0025
20, 0.9, 105, 0.05, 51484, 0.0025
20, 0.9, 105, 0.05, 51485, 0.0025
20, 0.9, 105, 0.05, 51487, 0.0025
20, 0.9, 105, 0.05, 51622, 0.0025
20, 0.9, 105, 0.05, 51624, 0.0025
20, 0.9, 105, 0.05, 51625, 0.0025
20, 0.9, 105, 0.05, 51764, 0.0025
20, 0.9, 105, 0.05, 51901, 0.0025
20, 0.9, 105, 0.05, 52041, 0.0025
20, 0.9, 105, 0.05, 52184, 0.0025
20, 0.9, 105, 0.05, 52329, 0.0025
20, 0.9, 105, 0.05, 52473, 0.0025
20, 0.9, 105, 0.05, 52614, 0.0025
20, 0.9, 105, 0.05, 52615, 0.0025
20, 0.9, 105, 0.05, 52754, 0.0025
20, 0.9, 105, 0.05, 52755, 0.0025
20, 0.9, 105, 0.05, 52893, 0.0025
20, 0.9, 105, 0.05, 53028, 0.0025
20, 0.9, 121, 0.0325, 55186, 0.0025
20, 0.9, 121, 0.0325, 55326, 0.0025
20, 0.9, 121, 0.0325, 55330, 0.0025
20, 0.9, 121, 0.0325, 55617, 0.0025
20, 0.9, 121, 0.0325, 55756, 0.0025
20, 0.9, 121, 0.0325, 55757, 0.0025
20, 0.9, 121, 0.0325, 55759, 0.0025
20, 0.9, 121, 0.0325, 55902, 0.0025
20, 0.9, 121, 0.0325, 55903, 0.0025
20, 0.9, 121, 0.0325, 55904, 0.0025
20, 0.9, 116, 0.03249999999999999, 56389, 0.0025
20, 0.9, 121, 0.0325, 56487, 0.0025
20, 0.9, 116, 0.03249999999999999, 56537, 0.0025
20, 0.9, 116, 0.03249999999999999, 56538, 0.0025
20, 0.9, 121, 0.0325, 56633, 0.0025
20, 0.9, 121, 0.0325, 56783, 0.0025
20, 0.9, 121, 0.0325, 56784, 0.0025
20, 0.9, 116, 0.03249999999999999, 56835, 0.0025
20, 0.9, 116, 0.03249999999999999, 56983, 0.0025
20, 0.9, 116, 0.03249999999999999, 57589, 0.0025
20, 0.9, 116, 0.03249999999999999, 58372, 0.0025
20, 0.9, 116, 0.03249999999999999, 58374, 0.0025
20, 0.9, 116, 0.03249999999999999, 58535, 0.0025
20, 0.9, 116, 0.03249999999999999, 58536, 0.0025
20, 0.9, 116, 0.03249999999999999, 58537, 0.0025
20, 0.9, 116, 0.03249999999999999, 58702, 0.0025
20, 0.9, 116, 0.03249999999999999, 58703, 0.0025
20, 0.9, 116, 0.03249999999999999, 59042, 0.0025
20, 0.9, 137, 0.07000000000000003, 62563, 0.0025
20, 0.9, 137, 0.07000000000000003, 62564, 0.0025
20, 0.9, 137, 0.07000000000000003, 62566, 0.0025
20, 0.9, 137, 0.07000000000000003, 62567, 0.0025
20, 0.9, 137, 0.07000000000000003, 62739, 0.0025
20, 0.9, 137, 0.07000000000000003, 62740, 0.0025
20, 0.9, 137, 0.07000000000000003, 62741, 0.0025
20, 0.9, 137, 0.07000000000000003, 62910, 0.0025
20, 0.9, 137, 0.07000000000000003, 62911, 0.0025
20, 0.9, 137, 0.07000000000000003, 62913, 0.0025
20, 0.9, 137, 0.07000000000000003, 63087, 0.0025
20, 0.9, 137, 0.07000000000000003, 63088, 0.0025
20, 0.9, 137, 0.07000000000000003, 63089, 0.0025
20, 0.9, 137, 0.07000000000000003, 63254, 0.0025
20, 0.9, 137, 0.07000000000000003, 63255, 0.0025
20, 0.9, 137, 0.07000000000000003, 63258, 0.0025
20, 0.9, 137, 0.07000000000000003, 63421, 0.0025
20, 0.9, 137, 0.07000000000000003, 63422, 0.0025
20, 0.9, 137, 0.07000000000000003, 63423, 0.0025
20, 0.9, 137, 0.07000000000000003, 63587, 0.0025
20, 0.9, 137, 0.07000000000000003, 63592, 0.0025
20, 0.9, 137, 0.07000000000000003, 63757, 0.0025
20, 0.9, 137, 0.07000000000000003, 63919, 0.0025
20, 0.9, 137, 0.07000000000000003, 63920, 0.0025
20, 0.9, 133, 0.0325, 63922, 0.0025
20, 0.9, 133, 0.0325, 63923, 0.0025
20, 0.9, 137, 0.07000000000000003, 64080, 0.0025
20, 0.9, 137, 0.07000000000000003, 64081, 0.0025
20, 0.9, 137, 0.07000000000000003, 64082, 0.0025
20, 0.9, 133, 0.0325, 64098, 0.0025
20, 0.9, 133, 0.0325, 64258, 0.0025
20, 0.9, 133, 0.0325, 64259, 0.0025
20, 0.9, 137, 0.07000000000000003, 64400, 0.0025
20, 0.9, 133, 0.0325, 64403, 0.0025
20, 0.9, 133, 0.0325, 64404, 0.0025
20, 0.9, 133, 0.0325, 64415, 0.0025
20, 0.9, 133, 0.0325, 64572, 0.0025
20, 0.9, 137, 0.07000000000000003, 64712, 0.0025
20, 0.9, 133, 0.0325, 64726, 0.0025
20, 0.9, 133, 0.0325, 64878, 0.0025
20, 0.9, 133, 0.0325, 65029, 0.0025
20, 0.9, 133, 0.0325, 65177, 0.0025
20, 0.9, 133, 0.0325, 65178, 0.0025
20, 0.9, 144, 0.05, 65835, 0.0025
20, 0.9, 144, 0.05, 65836, 0.0025
20, 0.9, 144, 0.05, 65837, 0.0025
20, 0.9, 144, 0.05, 65975, 0.0025
20, 0.9, 144, 0.05, 65976, 0.0025
20, 0.9, 144, 0.05, 65977, 0.0025
20, 0.9, 144, 0.05, 65978, 0.0025
20, 0.9, 144, 0.05, 66113, 0.0025
20, 0.9, 144, 0.05, 66118, 0.0025
20, 0.9, 144, 0.05, 66249, 0.0025
20, 0.9, 144, 0.05, 66251, 0.0025
20, 0.9, 144, 0.05, 66258, 0.0025
20, 0.9, 144, 0.05, 66259, 0.0025
20, 0.9, 144, 0.05, 66387, 0.0025
20, 0.9, 144, 0.05, 66390, 0.0025
20, 0.9, 144, 0.05, 66393, 0.0025
20, 0.9, 144, 0.05, 66523, 0.0025
20, 0.9, 144, 0.05, 66524, 0.0025
20, 0.9, 144, 0.05, 66787, 0.0025
20, 0.9, 144, 0.05, 66788, 0.0025
20, 0.9, 144, 0.05, 66915, 0.0025
20, 0.9500000000000001, 1, 0.1099999999999953, 704, 0.0025
20, 0.9500000000000001, 1, 0.1099999999999953, 705, 0.0025
20, 0.9500000000000001, 1, 0.1099999999999953, 706, 0.0025
20, 0.9500000000000001, 1, 0.1099999999999953, 707, 0.0025
20, 0.9500000000000001, 1, 0.1099999999999953, 758, 0.0025
20, 0.9500000000000001, 1, 0.1099999999999953, 759, 0.0025
20, 0.9500000000000001, 1, 0.1099999999999953, 760, 0.0025
20, 0.9500000000000001, 1, 0.1099999999999953, 761, 0.0025
20, 0.9500000000000001, 1, 0.1099999999999953, 762, 0.0025
20, 0.9500000000000001, 1, 0.1099999999999953, 814, 0.0025
20, 0.9500000000000001, 1, 0.1099999999999953, 815, 0.0025
20, 0.9500000000000001, 1, 0.1099999999999953, 816, 0.0025
20, 0.9500000000000001, 1, 0.1099999999999953, 817, 0.0025
20, 0.9500000000000001, 1, 0.1099999999999953, 818, 0.0025
20, 0.9500000000000001, 1, 0.1099999999999953, 874, 0.0025
20, 0.9500000000000001, 1, 0.1099999999999953, 875, 0.0025
20, 0.9500000000000001, 1, 0.1099999999999953, 876, 0.0025
20, 0.9500000000000001, 1, 0.1099999999999953, 877, 0.0025
20, 0.9500000000000001, 1, 0.1099999999999953, 936, 0.0025
20, 0.9500000000000001, 1, 0.1099999999999953, 937, 0.0025
20, 0.9500000000000001, 1, 0.1099999999999953, 938, 0.0025
20, 0.9500000000000001, 1, 0.1099999999999953, 1188, 0.0025
20, 0.9500000000000001, 1, 0.1099999999999953, 1258, 0.0025
20, 0.9500000000000001, 1, 0.1099999999999953, 1330, 0.0025
20, 0.9500000000000001, 1, 0.1099999999999953, 1331, 0.0025
20, 0.9500000000000001, 1, 0.1099999999999953, 1332, 0.0025
20, 0.9500000000000001, 1, 0.1099999999999953, 1333, 0.0025
20, 0.9500000000000001, 1, 0.1099999999999953, 1334, 0.0025
20, 0.9500000000000001, 1, 0.1099999999999953, 1406, 0.0025
20, 0.9500000000000001, 1, 0.1099999999999953, 1407, 0.0025
20, 0.9500000000000001, 1, 0.1099999999999953, 1408, 0.0025
20, 0.9500000000000001, 1, 0.1099999999999953, 1409, 0.0025
20, 0.9500000000000001, 1, 0.1099999999999953, 1410, 0.0025
20, 0.9500000000000001, 1, 0.1099999999999953, 1482, 0.0025
20, 0.9500000000000001, 1, 0.1099999999999953, 1483, 0.0025
20, 0.9500000000000001, 1, 0.1099999999999953, 1484, 0.0025
20, 0.9500000000000001, 1, 0.1099999999999953, 1485, 0.0025
20, 0.9500000000000001, 1, 0.1099999999999953, 1486, 0.0025
20, 0.9500000000000001, 1, 0.1099999999999953, 1560, 0.0025
20, 0.9500000000000001, 1, 0.1099999999999953, 1561, 0.0025
20, 0.9500000000000001, 1, 0.1099999999999953, 1562, 0.0025
20, 0.9500000000000001, 1, 0.1099999999999953, 1563, 0.0025
20, 0.9500000000000001, 1, 0.1099999999999953, 1641, 0.0025
20, 0.9500000000000001, 1, 0.1099999999999953, 1642, 0.0025
20, 0.9500000000000001, 1, 0.1099999999999953, 1724, 0.0025
20, 0.9500000000000001, 10, 0.03500000000000002, 2101, 0.0025
20, 0.9500000000000001, 10, 0.03500000000000002, 2399, 0.0025
20, 0.9500000000000001, 10, 0.03500000000000002, 2400, 0.0025
20, 0.9500000000000001, 10, 0.03500000000000002, 2604, 0.0025
20, 0.9500000000000001, 10, 0.03500000000000002, 2605, 0.0025
20, 0.9500000000000001, 10, 0.03500000000000002, 2813, 0.0025
20, 0.9500000000000001, 10, 0.03500000000000002, 2815, 0.0025
20, 0.9500000000000001, 10, 0.03500000000000002, 2920, 0.0025
20, 0.9500000000000001, 10, 0.03500000000000002, 3136, 0.0025
20, 0.9500000000000001, 10, 0.03500000000000002, 3243, 0.0025
20, 0.9500000000000001, 10, 0.03500000000000002, 3352, 0.0025
20, 0.9500000000000001, 10, 0.03500000000000002, 3461, 0.0025
20, 0.9500000000000001, 10, 0.03500000000000002, 3575, 0.0025
20, 0.9500000000000001, 10, 0.03500000000000002, 3686, 0.0025
20, 0.9500000000000001, 10, 0.03500000000000002, 3802, 0.0025
20, 0.9500000000000001, 19, 0.1199999999999999, 6474, 0.0025
20, 0.9500000000000001, 19, 0.1199999999999999, 6604, 0.0025
20, 0.9500000000000001, 19, 0.1199999999999999, 6605, 0.0025
20, 0.9500000000000001, 19, 0.1199999999999999, 6606, 0.0025
20, 0.9500000000000001, 19, 0.1199999999999999, 6607, 0.0025
20, 0.9500000000000001, 19, 0.1199999999999999, 6737, 0.0025
20, 0.9500000000000001, 19, 0.1199999999999999, 6738, 0.0025
20, 0.9500000000000001, 19, 0.1199999999999999, 6739, 0.0025
20, 0.9500000000000001, 19, 0.1199999999999999, 6740, 0.0025
20, 0.9500000000000001, 19, 0.1199999999999999, 6741, 0.0025
20, 0.9500000000000001, 19, 0.1199999999999999, 6869, 0.0025
20, 0.9500000000000001, 19, 0.1199999999999999, 6870, 0.0025
20, 0.9500000000000001, 19, 0.1199999999999999, 6871, 0.0025
20, 0.9500000000000001, 19, 0.1199999999999999, 6872, 0.0025
20, 0.9500000000000001, 19, 0.1199999999999999, 6873, 0.0025
20, 0.9500000000000001, 19, 0.1199999999999999, 6874, 0.0025
20, 0.9500000000000001, 19, 0.1199999999999999, 7004, 0.0025
20, 0.9500000000000001, 19, 0.1199999999999999, 7005, 0.0025
20, 0.9500000000000001, 19, 0.1199999999999999, 7006, 0.0025
20, 0.9500000000000001, 19, 0.1199999999999999, 7007, 0.0025
20, 0.9500000000000001, 19, 0.1199999999999999, 7008, 0.0025
20, 0.9500000000000001, 19, 0.1199999999999999, 7009, 0.0025
20, 0.9500000000000001, 19, 0.1199999999999999, 7137, 0.0025
20, 0.9500000000000001, 19, 0.1199999999999999, 7138, 0.0025
20, 0.9500000000000001, 19, 0.1199999999999999, 7139, 0.0025
20, 0.9500000000000001, 19, 0.1199999999999999, 7140, 0.0025
20, 0.9500000000000001, 19, 0.1199999999999999, 7141, 0.0025
20, 0.9500000000000001, 19, 0.1199999999999999, 7142, 0.0025
20, 0.9500000000000001, 19, 0.1199999999999999, 7143, 0.0025
20, 0.9500000000000001, 19, 0.1199999999999999, 7144, 0.0025
20, 0.9500000000000001, 19, 0.1199999999999999, 7274, 0.0025
20, 0.9500000000000001, 19, 0.1199999999999999, 7275, 0.0025
20, 0.9500000000000001, 19, 0.1199999999999999, 7276, 0.0025
20, 0.9500000000000001, 19, 0.1199999999999999, 7277, 0.0025
20, 0.9500000000000001, 19, 0.1199999999999999, 7278, 0.0025
20, 0.9500000000000001, 19, 0.1199999999999999, 7279, 0.0025
20, 0.9500000000000001, 19, 0.1199999999999999, 7408, 0.0025
20, 0.9500000000000001, 19, 0.1199999999999999, 7409, 0.0025
20, 0.9500000000000001, 19, 0.1199999999999999, 7410, 0.0025
20, 0.9500000000000001, 19, 0.1199999999999999, 7411, 0.0025
20, 0.9500000000000001, 19, 0.1199999999999999, 7412, 0.0025
20, 0.9500000000000001, 19, 0.1199999999999999, 7413, 0.0025
20, 0.9500000000000001, 19, 0.1199999999999999, 7414, 0.0025
20, 0.9500000000000001, 19, 0.1199999999999999, 7415, 0.0025
20, 0.9500000000000001, 22, 0.03249999999999992, 7500, 0.0025
20, 0.9500000000000001, 19, 0.1199999999999999, 7548, 0.0025
20, 0.9500000000000001, 19, 0.1199999999999999, 7549, 0.0025
20, 0.9500000000000001, 19, 0.1199999999999999, 7550, 0.0025
20, 0.9500000000000001, 19, 0.1199999999999999, 7551, 0.0025
20, 0.9500000000000001, 19, 0.1199999999999999, 7552, 0.0025
20, 0.9500000000000001, 22, 0.03249999999999992, 7634, 0.0025
20, 0.9500000000000001, 22, 0.03249999999999992, 7635, 0.0025
20, 0.9500000000000001, 22, 0.03249999999999992, 7636, 0.0025
20, 0.9500000000000001, 22, 0.03249999999999992, 7637, 0.0025
20, 0.9500000000000001, 22, 0.03249999999999992, 7638, 0.0025
20, 0.9500000000000001, 22, 0.03249999999999992, 7774, 0.0025
20, 0.9500000000000001, 22, 0.03249999999999992, 7775, 0.0025
20, 0.9500000000000001, 22, 0.03249999999999992, 7776, 0.0025
20, 0.9500000000000001, 22, 0.03249999999999992, 7777, 0.0025
20, 0.9500000000000001, 22, 0.03249999999999992, 7914, 0.0025
20, 0.9500000000000001, 22, 0.03249999999999992, 7915, 0.0025
20, 0.9500000000000001, 22, 0.03249999999999992, 7916, 0.0025
20, 0.9500000000000001, 22, 0.03249999999999992, 8056, 0.0025
20, 0.9500000000000001, 25, 0.03249999999999992, 9428, 0.0025
20, 0.9500000000000001, 25, 0.03249999999999992, 9577, 0.0025
20, 0.9500000000000001, 25, 0.03249999999999992, 9578, 0.0025
20, 0.9500000000000001, 25, 0.03249999999999992, 9717, 0.0025
20, 0.9500000000000001, 25, 0.03249999999999992, 9718, 0.0025
20, 0.9500000000000001, 25, 0.03249999999999992, 9719, 0.0025
20, 0.9500000000000001, 25, 0.03249999999999992, 9720, 0.0025
20, 0.9500000000000001, 25, 0.03249999999999992, 9847, 0.0025
20, 0.9500000000000001, 25, 0.03249999999999992, 9849, 0.0025
20, 0.9500000000000001, 25, 0.03249999999999992, 9850, 0.0025
20, 0.9500000000000001, 25, 0.03249999999999992, 10090, 0.0025
20, 0.9500000000000001, 25, 0.03249999999999992, 10203, 0.0025
20, 0.9500000000000001, 25, 0.03249999999999992, 10204, 0.0025
20, 0.9500000000000001, 25, 0.03249999999999992, 10205, 0.0025
20, 0.9500000000000001, 37, 0.07999999999999992, 14869, 0.0025
20, 0.9500000000000001, 37, 0.07999999999999992, 14982, 0.0025
20, 0.9500000000000001, 37, 0.07999999999999992, 15092, 0.0025
20, 0.9500000000000001, 37, 0.07999999999999992, 15209, 0.0025
20, 0.9500000000000001, 37, 0.07999999999999992, 15322, 0.0025
20, 0.9500000000000001, 37, 0.07999999999999992, 15439, 0.0025
20, 0.9500000000000001, 37, 0.07999999999999992, 15440, 0.0025
20, 0.9500000000000001, 37, 0.07999999999999992, 15552, 0.0025
20, 0.9500000000000001, 37, 0.07999999999999992, 15553, 0.0025
20, 0.9500000000000001, 37, 0.07999999999999992, 15668, 0.0025
20, 0.9500000000000001, 37, 0.07999999999999992, 15669, 0.0025
20, 0.9500000000000001, 37, 0.07999999999999992, 15787, 0.0025
20, 0.9500000000000001, 37, 0.07999999999999992, 15788, 0.0025
20, 0.9500000000000001, 37, 0.07999999999999992, 15902, 0.0025
20, 0.9500000000000001, 37, 0.07999999999999992, 15903, 0.0025
20, 0.9500000000000001, 37, 0.07999999999999992, 16019, 0.0025
20, 0.9500000000000001, 37, 0.07999999999999992, 16020, 0.0025
20, 0.9500000000000001, 37, 0.07999999999999992, 16021, 0.0025
20, 0.9500000000000001, 37, 0.07999999999999992, 16137, 0.0025
20, 0.9500000000000001, 37, 0.07999999999999992, 16138, 0.0025
20, 0.9500000000000001, 37, 0.07999999999999992, 16255, 0.0025
20, 0.9500000000000001, 37, 0.07999999999999992, 16256, 0.0025
20, 0.9500000000000001, 37, 0.07999999999999992, 16257, 0.0025
20, 0.9500000000000001, 37, 0.07999999999999992, 16369, 0.0025
20, 0.9500000000000001, 37, 0.07999999999999992, 16370, 0.0025
20, 0.9500000000000001, 37, 0.07999999999999992, 16371, 0.0025
20, 0.9500000000000001, 37, 0.07999999999999992, 16483, 0.0025
20, 0.9500000000000001, 37, 0.07999999999999992, 16484, 0.0025
20, 0.9500000000000001, 37, 0.07999999999999992, 16485, 0.0025
20, 0.9500000000000001, 37, 0.07999999999999992, 16594, 0.0025
20, 0.9500000000000001, 37, 0.07999999999999992, 16595, 0.0025
20, 0.9500000000000001, 37, 0.07999999999999992, 16700, 0.0025
20, 0.9500000000000001, 38, 0.04750000000000808, 16762, 0.0025
20, 0.9500000000000001, 37, 0.07999999999999992, 16815, 0.0025
20, 0.9500000000000001, 38, 0.04750000000000808, 16879, 0.0025
20, 0.9500000000000001, 38, 0.04750000000000808, 16990, 0.0025
20, 0.9500000000000001, 38, 0.04750000000000808, 16991, 0.0025
20, 0.9500000000000001, 41, 0.07499999999999993, 17087, 0.0025
20, 0.9500000000000001, 41, 0.07499999999999993, 17092, 0.0025
20, 0.9500000000000001, 38, 0.04750000000000808, 17098, 0.0025
20, 0.9500000000000001, 41, 0.07499999999999993, 17190, 0.0025
20, 0.9500000000000001, 41, 0.07499999999999993, 17197, 0.0025
20, 0.9500000000000001, 38, 0.04750000000000808, 17201, 0.0025
20, 0.9500000000000001, 38, 0.04750000000000808, 17203, 0.0025
20, 0.9500000000000001, 38, 0.04750000000000808, 17204, 0.0025
20, 0.9500000000000001, 41, 0.07499999999999993, 17293, 0.0025
20, 0.9500000000000001, 41, 0.07499999999999993, 17295, 0.0025
20, 0.9500000000000001, 41, 0.07499999999999993, 17299, 0.0025
20, 0.9500000000000001, 41, 0.07499999999999993, 17301, 0.0025
20, 0.9500000000000001, 38, 0.04750000000000808, 17304, 0.0025
20, 0.9500000000000001, 38, 0.04750000000000808, 17305, 0.0025
20, 0.9500000000000001, 38, 0.04750000000000808, 17306, 0.0025
20, 0.9500000000000001, 41, 0.07499999999999993, 17395, 0.0025
20, 0.9500000000000001, 41, 0.07499999999999993, 17401, 0.0025
20, 0.9500000000000001, 41, 0.07499999999999993, 17402, 0.0025
20, 0.9500000000000001, 41, 0.07499999999999993, 17404, 0.0025
20, 0.9500000000000001, 38, 0.04750000000000808, 17407, 0.0025
20, 0.9500000000000001, 38, 0.04750000000000808, 17408, 0.0025
20, 0.9500000000000001, 38, 0.04750000000000808, 17409, 0.0025
20, 0.9500000000000001, 41, 0.07499999999999993, 17503, 0.0025
20, 0.9500000000000001, 41, 0.07499999999999993, 17504, 0.0025
20, 0.9500000000000001, 41, 0.07499999999999993, 17505, 0.0025
20, 0.9500000000000001, 41, 0.07499999999999993, 17506, 0.0025
20, 0.9500000000000001, 41, 0.07499999999999993, 17509, 0.0025
20, 0.9500000000000001, 38, 0.04750000000000808, 17512, 0.0025
20, 0.9500000000000001, 41, 0.07499999999999993, 17602, 0.0025
20, 0.9500000000000001, 41, 0.07499999999999993, 17603, 0.0025
20, 0.9500000000000001, 41, 0.07499999999999993, 17604, 0.0025
20, 0.9500000000000001, 41, 0.07499999999999993, 17605, 0.0025
20, 0.9500000000000001, 41, 0.07499999999999993, 17607, 0.0025
20, 0.9500000000000001, 38, 0.04750000000000808, 17612, 0.0025
20, 0.9500000000000001, 38, 0.04750000000000808, 17613, 0.0025
20, 0.9500000000000001, 41, 0.07499999999999993, 17699, 0.0025
20, 0.9500000000000001, 41, 0.07499999999999993, 17700, 0.0025
20, 0.9500000000000001, 41, 0.07499999999999993, 17703, 0.0025
20, 0.9500000000000001, 38, 0.04750000000000808, 17708, 0.0025
20, 0.9500000000000001, 38, 0.04750000000000808, 17709, 0.0025
20, 0.9500000000000001, 41, 0.07499999999999993, 17793, 0.0025
20, 0.9500000000000001, 41, 0.07499999999999993, 17795, 0.0025
20, 0.9500000000000001, 41, 0.07499999999999993, 17797, 0.0025
20, 0.9500000000000001, 38, 0.04750000000000808, 17800, 0.0025
20, 0.9500000000000001, 41, 0.07499999999999993, 17976, 0.0025
20, 0.9500000000000001, 41, 0.07499999999999993, 18060, 0.0025
20, 0.9500000000000001, 41, 0.07499999999999993, 18062, 0.0025
20, 0.9500000000000001, 51, 0.04499999999999996, 24698, 0.0025
20, 0.9500000000000001, 51, 0.04499999999999996, 25471, 0.0025
20, 0.9500000000000001, 51, 0.04499999999999996, 25472, 0.0025
20, 0.9500000000000001, 51, 0.04499999999999996, 25582, 0.0025
20, 0.9500000000000001, 51, 0.04499999999999996, 25583, 0.0025
20, 0.9500000000000001, 51, 0.04499999999999996, 25584, 0.0025
20, 0.9500000000000001, 51, 0.04499999999999996, 25585, 0.0025
20, 0.9500000000000001, 51, 0.04499999999999996, 25691, 0.0025
20, 0.9500000000000001, 51, 0.04499999999999996, 25692, 0.0025
20, 0.9500000000000001, 51, 0.04499999999999996, 25694, 0.0025
20, 0.9500000000000001, 51, 0.04499999999999996, 25695, 0.0025
20, 0.9500000000000001, 51, 0.04499999999999996, 25806, 0.0025
20, 0.9500000000000001, 51, 0.04499999999999996, 25807, 0.0025
20, 0.9500000000000001, 51, 0.04499999999999996, 25808, 0.0025
20, 0.9500000000000001, 51, 0.04499999999999996, 25918, 0.0025
20, 0.9500000000000001, 51, 0.04499999999999996, 25919, 0.0025
20, 0.9500000000000001, 51, 0.04499999999999996, 25920, 0.0025
20, 0.9500000000000001, 51, 0.04499999999999996, 26036, 0.0025
20, 0.9500000000000001, 51, 0.04499999999999996, 26037, 0.0025
20, 0.9500000000000001, 64, 0.03249999999999998, 30902, 0.0025
20, 0.9500000000000001, 64, 0.03249999999999998, 31097, 0.0025
20, 0.9500000000000001, 64, 0.03249999999999998, 31192, 0.0025
20, 0.9500000000000001, 64, 0.03249999999999998, 31372, 0.0025
20, 0.9500000000000001, 64, 0.03249999999999998, 31373, 0.0025
20, 0.9500000000000001, 64, 0.03249999999999998, 31468, 0.0025
20, 0.9500000000000001, 64, 0.03249999999999998, 31469, 0.0025
20, 0.9500000000000001, 64, 0.03249999999999998, 31929, 0.0025
20, 0.9500000000000001, 64, 0.03249999999999998, 31930, 0.0025
20, 0.9500000000000001, 64, 0.03249999999999998, 31931, 0.0025
20, 0.9500000000000001, 64, 0.03249999999999998, 32019, 0.0025
20, 0.9500000000000001, 64, 0.03249999999999998, 32024, 0.0025
20, 0.9500000000000001, 64, 0.03249999999999998, 32205, 0.0025
20, 0.9500000000000001, 64, 0.03249999999999998, 32206, 0.0025
20, 0.9500000000000001, 67, 0.0325, 32299, 0.0025
20, 0.9500000000000001, 67, 0.0325, 32396, 0.0025
20, 0.9500000000000001, 67, 0.0325, 32924, 0.0025
20, 0.9500000000000001, 67, 0.0325, 33005, 0.0025
20, 0.9500000000000001, 67, 0.0325, 33417, 0.0025
20, 0.9500000000000001, 67, 0.0325, 33495, 0.0025
20, 0.9500000000000001, 67, 0.0325, 33498, 0.0025
20, 0.9500000000000001, 67, 0.0325, 33499, 0.0025
20, 0.9500000000000001, 67, 0.0325, 33500, 0.0025
20, 0.9500000000000001, 67, 0.0325, 33580, 0.0025
20, 0.9500000000000001, 67, 0.0325, 33654, 0.0025
20, 0.9500000000000001, 71, 0.035, 33731, 0.0025
20, 0.9500000000000001, 67, 0.0325, 33732, 0.0025
20, 0.9500000000000001, 67, 0.0325, 33736, 0.0025
20, 0.9500000000000001, 71, 0.035, 33808, 0.0025
20, 0.9500000000000001, 67, 0.0325, 33809, 0.0025
20, 0.9500000000000001, 71, 0.035, 35055, 0.0025
20, 0.9500000000000001, 71, 0.035, 35056, 0.0025
20, 0.9500000000000001, 71, 0.035, 35342, 0.0025
20, 0.9500000000000001, 71, 0.035, 35416, 0.0025
20, 0.9500000000000001, 71, 0.035, 35558, 0.0025
20, 0.9500000000000001, 71, 0.035, 35559, 0.0025
20, 0.9500000000000001, 71, 0.035, 35625, 0.0025
20, 0.9500000000000001, 71, 0.035, 35626, 0.0025
20, 0.9500000000000001, 71, 0.035, 35627, 0.0025
20, 0.9500000000000001, 71, 0.035, 35628, 0.0025
20, 0.9500000000000001, 71, 0.035, 35699, 0.0025
20, 0.9500000000000001, 71, 0.035, 35700, 0.0025
20, 0.9500000000000001, 71, 0.035, 35772, 0.0025
20, 0.9500000000000001, 98, 0.05999999999999996, 48187, 0.0025
20, 0.9500000000000001, 98, 0.05999999999999996, 48314, 0.0025
20, 0.9500000000000001, 98, 0.05999999999999996, 48717, 0.0025
20, 0.9500000000000001, 98, 0.05999999999999996, 48978, 0.0025
20, 0.9500000000000001, 98, 0.05999999999999996, 48979, 0.0025
20, 0.9500000000000001, 98, 0.05999999999999996, 49250, 0.0025
20, 0.9500000000000001, 98, 0.05999999999999996, 49251, 0.0025
20, 0.9500000000000001, 98, 0.05999999999999996, 49253, 0.0025
20, 0.9500000000000001, 98, 0.05999999999999996, 49377, 0.0025
20, 0.9500000000000001, 98, 0.05999999999999996, 49511, 0.0025
20, 0.9500000000000001, 98, 0.05999999999999996, 49516, 0.0025
20, 0.9500000000000001, 98, 0.05999999999999996, 49650, 0.0025
20, 0.9500000000000001, 98, 0.05999999999999996, 49651, 0.0025
20, 0.9500000000000001, 98, 0.05999999999999996, 49785, 0.0025
20, 0.9500000000000001, 98, 0.05999999999999996, 49920, 0.0025
20, 0.9500000000000001, 98, 0.05999999999999996, 49921, 0.0025
20, 0.9500000000000001, 98, 0.05999999999999996, 50062, 0.0025
20, 0.9500000000000001, 98, 0.05999999999999996, 50063, 0.0025
20, 0.9500000000000001, 98, 0.05999999999999996, 50064, 0.0025
20, 0.9500000000000001, 98, 0.05999999999999996, 50065, 0.0025
20, 0.9500000000000001, 98, 0.05999999999999996, 50066, 0.0025
20, 0.9500000000000001, 98, 0.05999999999999996, 50208, 0.0025
20, 0.9500000000000001, 98, 0.05999999999999996, 50350, 0.0025
20, 0.9500000000000001, 105, 0.04499999999999998, 50508, 0.0025
20, 0.9500000000000001, 98, 0.05999999999999996, 50627, 0.0025
20, 0.9500000000000001, 105, 0.04499999999999998, 51484, 0.0025
20, 0.9500000000000001, 105, 0.04499999999999998, 51485, 0.0025
20, 0.9500000000000001, 105, 0.04499999999999998, 51487, 0.0025
20, 0.9500000000000001, 105, 0.04499999999999998, 51622, 0.0025
20, 0.9500000000000001, 105, 0.04499999999999998, 51624, 0.0025
20, 0.9500000000000001, 105, 0.04499999999999998, 51625, 0.0025
20, 0.9500000000000001, 105, 0.04499999999999998, 51764, 0.0025
20, 0.9500000000000001, 105, 0.04499999999999998, 51901, 0.0025
20, 0.9500000000000001, 105, 0.04499999999999998, 52041, 0.0025
20, 0.9500000000000001, 105, 0.04499999999999998, 52184, 0.0025
20, 0.9500000000000001, 105, 0.04499999999999998, 52329, 0.0025
20, 0.9500000000000001, 105, 0.04499999999999998, 52473, 0.0025
20, 0.9500000000000001, 105, 0.04499999999999998, 52614, 0.0025
20, 0.9500000000000001, 105, 0.04499999999999998, 52615, 0.0025
20, 0.9500000000000001, 105, 0.04499999999999998, 52754, 0.0025
20, 0.9500000000000001, 105, 0.04499999999999998, 52755, 0.0025
20, 0.9500000000000001, 105, 0.04499999999999998, 52893, 0.0025
20, 0.9500000000000001, 105, 0.04499999999999998, 53028, 0.0025
20, 0.9500000000000001, 121, 0.03249999999999999, 55186, 0.0025
20, 0.9500000000000001, 121, 0.03249999999999999, 55326, 0.0025
20, 0.9500000000000001, 121, 0.03249999999999999, 55330, 0.0025
20, 0.9500000000000001, 121, 0.03249999999999999, 55617, 0.0025
20, 0.9500000000000001, 121, 0.03249999999999999, 55756, 0.0025
20, 0.9500000000000001, 121, 0.03249999999999999, 55757, 0.0025
20, 0.9500000000000001, 121, 0.03249999999999999, 55759, 0.0025
20, 0.9500000000000001, 121, 0.03249999999999999, 55902, 0.0025
20, 0.9500000000000001, 121, 0.03249999999999999, 55903, 0.0025
20, 0.9500000000000001, 121, 0.03249999999999999, 55904, 0.0025
20, 0.9500000000000001, 116, 0.0325, 56389, 0.0025
20, 0.9500000000000001, 121, 0.03249999999999999, 56487, 0.0025
20, 0.9500000000000001, 116, 0.0325, 56537, 0.0025
20, 0.9500000000000001, 116, 0.0325, 56538, 0.0025
20, 0.9500000000000001, 121, 0.03249999999999999, 56633, 0.0025
20, 0.9500000000000001, 121, 0.03249999999999999, 56783, 0.0025
20, 0.9500000000000001, 121, 0.03249999999999999, 56784, 0.0025
20, 0.9500000000000001, 116, 0.0325, 56835, 0.0025
20, 0.9500000000000001, 116, 0.0325, 56983, 0.0025
20, 0.9500000000000001, 116, 0.0325, 57589, 0.0025
20, 0.9500000000000001, 116, 0.0325, 58372, 0.0025
20, 0.9500000000000001, 116, 0.0325, 58374, 0.0025
20, 0.9500000000000001, 116, 0.0325, 58535, 0.0025
20, 0.9500000000000001, 116, 0.0325, 58536, 0.0025
20, 0.9500000000000001, 116, 0.0325, 58537, 0.0025
20, 0.9500000000000001, 116, 0.0325, 58702, 0.0025
20, 0.9500000000000001, 116, 0.0325, 58703, 0.0025
20, 0.9500000000000001, 116, 0.0325, 59042, 0.0025
20, 0.9500000000000001, 137, 0.06999999999999998, 62563, 0.0025
20, 0.9500000000000001, 137, 0.06999999999999998, 62564, 0.0025
20, 0.9500000000000001, 137, 0.06999999999999998, 62566, 0.0025
20, 0.9500000000000001, 137, 0.06999999999999998, 62567, 0.0025
20, 0.9500000000000001, 137, 0.06999999999999998, 62739, 0.0025
20, 0.9500000000000001, 137, 0.06999999999999998, 62740, 0.0025
20, 0.9500000000000001, 137, 0.06999999999999998, 62741, 0.0025
20, 0.9500000000000001, 137, 0.06999999999999998, 62910, 0.0025
20, 0.9500000000000001, 137, 0.06999999999999998, 62911, 0.0025
20, 0.9500000000000001, 137, 0.06999999999999998, 62913, 0.0025
20, 0.9500000000000001, 137, 0.06999999999999998, 63087, 0.0025
20, 0.9500000000000001, 137, 0.06999999999999998, 63088, 0.0025
20, 0.9500000000000001, 137, 0.06999999999999998, 63089, 0.0025
20, 0.9500000000000001, 137, 0.06999999999999998, 63254, 0.0025
20, 0.9500000000000001, 137, 0.06999999999999998, 63255, 0.0025
20, 0.9500000000000001, 137, 0.06999999999999998, 63258, 0.0025
20, 0.9500000000000001, 137, 0.06999999999999998, 63421, 0.0025
20, 0.9500000000000001, 137, 0.06999999999999998, 63422, 0.0025
20, 0.9500000000000001, 137, 0.06999999999999998, 63423, 0.0025
20, 0.9500000000000001, 137, 0.06999999999999998, 63587, 0.0025
20, 0.9500000000000001, 137, 0.06999999999999998, 63592, 0.0025
20, 0.9500000000000001, 137, 0.06999999999999998, 63757, 0.0025
20, 0.9500000000000001, 137, 0.06999999999999998, 63919, 0.0025
20, 0.9500000000000001, 137, 0.06999999999999998, 63920, 0.0025
20, 0.9500000000000001, 133, 0.03249999999999999, 63922, 0.0025
20, 0.9500000000000001, 133, 0.03249999999999999, 63923, 0.0025
20, 0.9500000000000001, 137, 0.06999999999999998, 64080, 0.0025
20, 0.9500000000000001, 137, 0.06999999999999998, 64081, 0.0025
20, 0.9500000000000001, 137, 0.06999999999999998, 64082, 0.0025
20, 0.9500000000000001, 133, 0.03249999999999999, 64098, 0.0025
20, 0.9500000000000001, 133, 0.03249999999999999, 64258, 0.0025
20, 0.9500000000000001, 133, 0.03249999999999999, 64259, 0.0025
20, 0.9500000000000001, 137, 0.06999999999999998, 64400, 0.0025
20, 0.9500000000000001, 133, 0.03249999999999999, 64403, 0.0025
20, 0.9500000000000001, 133, 0.03249999999999999, 64404, 0.0025
20, 0.9500000000000001, 133, 0.03249999999999999, 64415, 0.0025
20, 0.9500000000000001, 133, 0.03249999999999999, 64572, 0.0025
20, 0.9500000000000001, 137, 0.06999999999999998, 64712, 0.0025
20, 0.9500000000000001, 133, 0.03249999999999999, 64726, 0.0025
20, 0.9500000000000001, 133, 0.03249999999999999, 64878, 0.0025
20, 0.9500000000000001, 133, 0.03249999999999999, 65029, 0.0025
20, 0.9500000000000001, 133, 0.03249999999999999, 65177, 0.0025
20, 0.9500000000000001, 133, 0.03249999999999999, 65178, 0.0025
20, 0.9500000000000001, 144, 0.05, 65835, 0.0025
20, 0.9500000000000001, 144, 0.05, 65836, 0.0025
20, 0.9500000000000001, 144, 0.05, 65837, 0.0025
20, 0.9500000000000001, 144, 0.05, 65975, 0.0025
20, 0.9500000000000001, 144, 0.05, 65976, 0.0025
20, 0.9500000000000001, 144, 0.05, 65977, 0.0025
20, 0.9500000000000001, 144, 0.05, 65978, 0.0025
20, 0.9500000000000001, 144, 0.05, 66113, 0.0025
20, 0.9500000000000001, 144, 0.05, 66118, 0.0025
20, 0.9500000000000001, 144, 0.05, 66249, 0.0025
20, 0.9500000000000001, 144, 0.05, 66251, 0.0025
20, 0.9500000000000001, 144, 0.05, 66258, 0.0025
20, 0.9500000000000001, 144, 0.05, 66259, 0.0025
20, 0.9500000000000001, 144, 0.05, 66387, 0.0025
20, 0.9500000000000001, 144, 0.05, 66390, 0.0025
20, 0.9500000000000001, 144, 0.05, 66393, 0.0025
20, 0.9500000000000001, 144, 0.05, 66523, 0.0025
20, 0.9500000000000001, 144, 0.05, 66524, 0.0025
20, 0.9500000000000001, 144, 0.05, 66787, 0.0025
20, 0.9500000000000001, 144, 0.05, 66788, 0.0025
20, 0.9500000000000001, 144, 0.05, 66915, 0.0025
30, 0.05, 1, 0.0325, 1408, 0.0025
30, 0.05, 1, 0.0325, 1409, 0.0025
30, 0.05, 1, 0.0325, 1410, 0.0025
30, 0.05, 1, 0.0325, 1483, 0.0025
30, 0.05, 1, 0.0325, 1484, 0.0025
30, 0.05, 1, 0.0325, 1485, 0.0025
30, 0.05, 1, 0.0325, 1486, 0.0025
30, 0.05, 2, 0.0325, 1551, 0.0025
30, 0.05, 1, 0.0325, 1560, 0.0025
30, 0.05, 1, 0.0325, 1561, 0.0025
30, 0.05, 1, 0.0325, 1562, 0.0025
30, 0.05, 1, 0.0325, 1563, 0.0025
30, 0.05, 1, 0.0325, 1641, 0.0025
30, 0.05, 1, 0.0325, 1642, 0.0025
30, 0.05, 2, 0.0325, 1712, 0.0025
30, 0.05, 1, 0.0325, 1724, 0.0025
30, 0.05, 6, 0.0325, 1744, 0.0025
30, 0.05, 6, 0.0325, 1832, 0.0025
30, 0.05, 6, 0.0325, 1834, 0.0025
30, 0.05, 6, 0.0325, 1835, 0.0025
30, 0.05, 2, 0.0325, 1884, 0.0025
30, 0.05, 6, 0.0325, 1922, 0.0025
30, 0.05, 6, 0.0325, 1923, 0.0025
30, 0.05, 6, 0.0325, 1924, 0.0025
30, 0.05, 2, 0.0325, 1971, 0.0025
30, 0.05, 2, 0.0325, 1972, 0.0025
30, 0.05, 2, 0.0325, 1973, 0.0025
30, 0.05, 2, 0.0325, 1974, 0.0025
30, 0.05, 6, 0.0325, 2016, 0.0025
30, 0.05, 6, 0.0325, 2017, 0.0025
30, 0.05, 2, 0.0325, 2064, 0.0025
30, 0.05, 2, 0.0325, 2065, 0.0025
30, 0.05, 2, 0.0325, 2066, 0.0025
30, 0.05, 2, 0.0325, 2067, 0.0025
30, 0.05, 10, 0.0325, 2101, 0.0025
30, 0.05, 6, 0.0325, 2111, 0.0025
30, 0.05, 2, 0.0325, 2160, 0.0025
30, 0.05, 2, 0.0325, 2161, 0.0025
30, 0.05, 2, 0.0325, 2259, 0.0025
30, 0.05, 10, 0.0325, 2399, 0.0025
30, 0.05, 10, 0.0325, 2400, 0.0025
30, 0.05, 5, 0.0325, 2535, 0.0025
30, 0.05, 5, 0.0325, 2536, 0.0025
30, 0.05, 5, 0.0325, 2537, 0.0025
30, 0.05, 3, 0.0325, 2547, 0.0025
30, 0.05, 3, 0.0325, 2548, 0.0025
30, 0.05, 3, 0.0325, 2549, 0.0025
30, 0.05, 10, 0.0325, 2604, 0.0025
30, 0.05, 10, 0.0325, 2605, 0.0025
30, 0.05, 3, 0.0325, 2650, 0.0025
30, 0.05, 3, 0.0325, 2651, 0.0025
30, 0.05, 3, 0.0325, 2754, 0.0025
30, 0.05, 3, 0.0325, 2755, 0.0025
30, 0.05, 10, 0.0325, 2813, 0.0025
30, 0.05, 10, 0.0325, 2815, 0.0025
30, 0.05, 3, 0.0325, 2860, 0.0025
30, 0.05, 10, 0.0325, 2920, 0.0025
30, 0.05, 10, 0.0325, 3136, 0.0025
30, 0.05, 10, 0.0325, 3243, 0.0025
30, 0.05, 6, 0.0325, 3258, 0.0025
30, 0.05, 5, 0.0325, 3273, 0.0025
30, 0.05, 5, 0.0325, 3274, 0.0025
30, 0.05, 5, 0.0325, 3275, 0.0025
30, 0.05, 4, 0.0325, 3322, 0.0025
30, 0.05, 4, 0.0325, 3325, 0.0025
30, 0.05, 4, 0.0325, 3326, 0.0025
30, 0.05, 10, 0.0325, 3352, 0.0025
30, 0.05, 6, 0.0325, 3366, 0.0025
30, 0.05, 6, 0.0325, 3367, 0.0025
30, 0.05, 5, 0.0325, 3382, 0.0025
30, 0.05, 5, 0.0325, 3383, 0.0025
30, 0.05, 3, 0.0325, 3394, 0.0025
30, 0.05, 3, 0.0325, 3395, 0.0025
30, 0.05, 3, 0.0325, 3396, 0.0025
30, 0.05, 11, 0.0325, 3485, 0.0025
30, 0.05, 11, 0.0325, 3486, 0.0025
30, 0.05, 11, 0.0325, 3487, 0.0025
30, 0.05, 5, 0.0325, 3493, 0.0025
30, 0.05, 5, 0.0325, 3494, 0.0025
30, 0.05, 3, 0.0325, 3506, 0.0025
30, 0.05, 3, 0.0325, 3507, 0.0025
30, 0.05, 4, 0.0325, 3544, 0.0025
30, 0.05, 4, 0.0325, 3545, 0.0025
30, 0.05, 10, 0.0325, 3575, 0.0025
30, 0.05, 6, 0.0325, 3589, 0.0025
30, 0.05, 11, 0.0325, 3597, 0.0025
30, 0.05, 11, 0.0325, 3598, 0.0025
30, 0.05, 5, 0.0325, 3604, 0.0025
30, 0.05, 3, 0.0325, 3618, 0.0025
30, 0.05, 4, 0.0325, 3651, 0.0025
30, 0.05, 4, 0.0325, 3653, 0.0025
30, 0.05, 10, 0.0325, 3686, 0.0025
30, 0.05, 11, 0.0325, 3710, 0.0025
30, 0.05, 11, 0.0325, 3711, 0.0025
30, 0.05, 5, 0.0325, 3715, 0.0025
30, 0.05, 5, 0.0325, 3716, 0.0025
30, 0.05, 4, 0.0325, 3765, 0.0025
30, 0.05, 4, 0.0325, 3767, 0.0025
30, 0.05, 10, 0.0325, 3802, 0.0025
30, 0.05, 11, 0.0325, 3824, 0.0025
30, 0.05, 11, 0.0325, 3825, 0.0025
30, 0.05, 12, 0.0325, 3843, 0.0025
30, 0.05, 12, 0.0325, 3844, 0.0025
30, 0.05, 4, 0.0325, 3877, 0.0025
30, 0.05, 4, 0.0325, 3880, 0.0025
30, 0.05, 11, 0.0325, 3939, 0.0025
30, 0.05, 11, 0.0325, 3940, 0.0025
30, 0.05, 5, 0.0325, 3943, 0.0025
30, 0.05, 12, 0.0325, 3957, 0.0025
30, 0.05, 12, 0.0325, 3958, 0.0025
30, 0.05, 4, 0.0325, 3992, 0.0025
30, 0.05, 4, 0.0325, 3993, 0.0025
30, 0.05, 4, 0.0325, 3997, 0.0025
30, 0.05, 11, 0.0325, 4053, 0.0025
30, 0.05, 12, 0.0325, 4072, 0.0025
30, 0.05, 12, 0.0325, 4073, 0.0025
30, 0.05, 12, 0.0325, 4188, 0.0025
30, 0.05, 12, 0.0325, 4189, 0.0025
30, 0.05, 11, 0.0325, 4288, 0.0025
30, 0.05, 12, 0.0325, 4305, 0.0025
30, 0.05, 12, 0.0325, 4306, 0.0025
30, 0.05, 11, 0.0325, 4407, 0.0025
30, 0.05, 12, 0.0325, 4423, 0.0025
30, 0.05, 12, 0.0325, 4424, 0.0025
30, 0.05, 8, 0.0325, 4440, 0.0025
30, 0.05, 12, 0.0325, 4542, 0.0025
30, 0.05, 8, 0.0325, 4558, 0.0025
30, 0.05, 8, 0.0325, 4677, 0.0025
30, 0.05, 8, 0.0325, 4678, 0.0025
30, 0.05, 7, 0.0325, 4691, 0.0025
30, 0.05, 12, 0.0325, 4783, 0.0025
30, 0.05, 8, 0.0325, 4798, 0.0025
30, 0.05, 8, 0.0325, 4799, 0.0025
30, 0.05, 7, 0.0325, 4811, 0.0025
30, 0.05, 8, 0.0325, 4919, 0.0025
30, 0.05, 7, 0.0325, 4931, 0.0025
30, 0.05, 7, 0.0325, 4932, 0.0025
30, 0.05, 8, 0.0325, 5041, 0.0025
30, 0.05, 8, 0.0325, 5042, 0.0025
30, 0.05, 7, 0.0325, 5054, 0.0025
30, 0.05, 8, 0.0325, 5164, 0.0025
30, 0.05, 7, 0.0325, 5175, 0.0025
30, 0.05, 7, 0.0325, 5176, 0.0025
30, 0.05, 7, 0.0325, 5177, 0.0025
30, 0.05, 8, 0.0325, 5287, 0.0025
30, 0.05, 8, 0.0325, 5288, 0.0025
30, 0.05, 7, 0.0325, 5299, 0.0025
30, 0.05, 7, 0.0325, 5300, 0.0025
30, 0.05, 8, 0.0325, 5413, 0.0025
30, 0.05, 7, 0.0325, 5424, 0.0025
30, 0.05, 7, 0.0325, 5425, 0.0025
30, 0.05, 7, 0.0325, 5426, 0.0025
30, 0.05, 15, 0.0325, 5534, 0.0025
30, 0.05, 8, 0.0325, 5539, 0.0025
30, 0.05, 7, 0.0325, 5551, 0.0025
30, 0.05, 15, 0.0325, 5661, 0.0025
30, 0.05, 16, 0.0325, 5678, 0.0025
30, 0.05, 15, 0.0325, 5790, 0.0025
30, 0.05, 16, 0.0325, 5806, 0.0025
30, 0.05, 15, 0.0325, 5918, 0.0025
30, 0.05, 15, 0.0325, 5919, 0.0025
30, 0.05, 16, 0.0325, 5934, 0.0025
30, 0.05, 15, 0.0325, 6047, 0.0025
30, 0.05, 15, 0.0325, 6048, 0.0025
30, 0.05, 15, 0.0325, 6049, 0.0025
30, 0.05, 16, 0.0325, 6063, 0.0025
30, 0.05, 15, 0.0325, 6177, 0.0025
30, 0.05, 15, 0.0325, 6178, 0.0025
30, 0.05, 16, 0.0325, 6192, 0.0025
30, 0.05, 9, 0.0325, 6210, 0.0025
30, 0.05, 9, 0.0325, 6211, 0.0025
30, 0.05, 9, 0.0325, 6212, 0.0025
30, 0.05, 9, 0.0325, 6213, 0.0025
30, 0.05, 18, 0.15, 6219, 0.0025
30, 0.05, 18, 0.15, 6221, 0.0025
30, 0.05, 18, 0.15, 6222, 0.0025
30, 0.05, 15, 0.0325, 6308, 0.0025
30, 0.05, 15, 0.0325, 6309, 0.0025
30, 0.05, 16, 0.0325, 6323, 0.0025
30, 0.05, 9, 0.0325, 6342, 0.0025
30, 0.05, 9, 0.0325, 6343, 0.0025
30, 0.05, 9, 0.0325, 6344, 0.0025
30, 0.05, 9, 0.0325, 6345, 0.0025
30, 0.05, 9, 0.0325, 6346, 0.0025
30, 0.05, 9, 0.0325, 6347, 0.0025
30, 0.05, 18, 0.15, 6350, 0.0025
30, 0.05, 18, 0.15, 6351, 0.0025
30, 0.05, 18, 0.15, 6352, 0.0025
30, 0.05, 18, 0.15, 6353, 0.0025
30, 0.05, 16, 0.0325, 6454, 0.0025
30, 0.05, 19, 0.2, 6472, 0.0025
30, 0.05, 19, 0.2, 6473, 0.0025
30, 0.05, 19, 0.2, 6474, 0.0025
30, 0.05, 19, 0.2, 6475, 0.0025
30, 0.05, 9, 0.0325, 6476, 0.0025
30, 0.05, 9, 0.0325, 6477, 0.0025
30, 0.05, 9, 0.0325, 6478, 0.0025
30, 0.05, 18, 0.15, 6480, 0.0025
30, 0.05, 18, 0.15, 6481, 0.0025
30, 0.05, 18, 0.15, 6482, 0.0025
30, 0.05, 18, 0.15, 6483, 0.0025
30, 0.05, 18, 0.15, 6484, 0.0025
30, 0.05, 18, 0.15, 6485, 0.0025
30, 0.05, 15, 0.0325, 6572, 0.0025
30, 0.05, 16, 0.0325, 6586, 0.0025
30, 0.05, 14, 0.0325, 6601, 0.0025
30, 0.05, 19, 0.2, 6603, 0.0025
30, 0.05, 19, 0.2, 6604, 0.0025
30, 0.05, 19, 0.2, 6605, 0.0025
30, 0.05, 19, 0.2, 6606, 0.0025
30, 0.05, 19, 0.2, 6607, 0.0025
30, 0.05, 19, 0.2, 6608, 0.0025
30, 0.05, 19, 0.2, 6609, 0.0025
30, 0.05, 9, 0.0325, 6611, 0.0025
30, 0.05, 18, 0.15, 6612, 0.0025
30, 0.05, 18, 0.15, 6613, 0.0025
30, 0.05, 18, 0.15, 6614, 0.0025
30, 0.05, 18, 0.15, 6615, 0.0025
30, 0.05, 18, 0.15, 6616, 0.0025
30, 0.05, 15, 0.0325, 6705, 0.0025
30, 0.05, 16, 0.0325, 6719, 0.0025
30, 0.05, 14, 0.0325, 6733, 0.0025
30, 0.05, 14, 0.0325, 6734, 0.0025
30, 0.05, 19, 0.2, 6736, 0.0025
30, 0.05, 19, 0.2, 6737, 0.0025
30, 0.05, 19, 0.2, 6738, 0.0025
30, 0.05, 19, 0.2, 6739, 0.0025
30, 0.05, 19, 0.2, 6740, 0.0025
30, 0.05, 19, 0.2, 6741, 0.0025
30, 0.05, 19, 0.2, 6742, 0.0025
30, 0.05, 18, 0.15, 6745, 0.0025
30, 0.05, 18, 0.15, 6746, 0.0025
30, 0.05, 18, 0.15, 6747, 0.0025
30, 0.05, 18, 0.15, 6748, 0.0025
30, 0.05, 18, 0.15, 6751, 0.0025
30, 0.05, 16, 0.0325, 6852, 0.0025
30, 0.05, 14, 0.0325, 6866, 0.0025
30, 0.05, 14, 0.0325, 6867, 0.0025
30, 0.05, 19, 0.2, 6869, 0.0025
30, 0.05, 19, 0.2, 6870, 0.0025
30, 0.05, 19, 0.2, 6871, 0.0025
30, 0.05, 19, 0.2, 6872, 0.0025
30, 0.05, 19, 0.2, 6873, 0.0025
30, 0.05, 19, 0.2, 6874, 0.0025
30, 0.05, 19, 0.2, 6875, 0.0025
30, 0.05, 19, 0.2, 6876, 0.0025
30, 0.05, 18, 0.15, 6878, 0.0025
30, 0.05, 18, 0.15, 6879, 0.0025
30, 0.05, 18, 0.15, 6880, 0.0025
30, 0.05, 16, 0.0325, 6986, 0.0025
30, 0.05, 14, 0.0325, 6999, 0.0025
30, 0.05, 14, 0.0325, 7000, 0.0025
30, 0.05, 19, 0.2, 7003, 0.0025
30, 0.05, 19, 0.2, 7004, 0.0025
30, 0.05, 19, 0.2, 7005, 0.0025
30, 0.05, 19, 0.2, 7006, 0.0025
30, 0.05, 19, 0.2, 7007, 0.0025
30, 0.05, 19, 0.2, 7008, 0.0025
30, 0.05, 19, 0.2, 7009, 0.0025
30, 0.05, 19, 0.2, 7010, 0.0025
30, 0.05, 18, 0.15, 7012, 0.0025
30, 0.05, 18, 0.15, 7013, 0.0025
30, 0.05, 18, 0.15, 7014, 0.0025
30, 0.05, 18, 0.15, 7015, 0.0025
30, 0.05, 16, 0.0325, 7119, 0.0025
30, 0.05, 16, 0.0325, 7120, 0.0025
30, 0.05, 14, 0.0325, 7133, 0.0025
30, 0.05, 14, 0.0325, 7134, 0.0025
30, 0.05, 19, 0.2, 7136, 0.0025
30, 0.05, 19, 0.2, 7137, 0.0025
30, 0.05, 19, 0.2, 7138, 0.0025
30, 0.05, 19, 0.2, 7139, 0.0025
30, 0.05, 19, 0.2, 7140, 0.0025
30, 0.05, 19, 0.2, 7141, 0.0025
30, 0.05, 19, 0.2, 7142, 0.0025
30, 0.05, 19, 0.2, 7143, 0.0025
30, 0.05, 19, 0.2, 7144, 0.0025
30, 0.05, 18, 0.15, 7146, 0.0025
30, 0.05, 18, 0.15, 7147, 0.0025
30, 0.05, 18, 0.15, 7148, 0.0025
30, 0.05, 18, 0.15, 7149, 0.0025
30, 0.05, 16, 0.0325, 7256, 0.0025
30, 0.05, 14, 0.0325, 7269, 0.0025
30, 0.05, 14, 0.0325, 7270, 0.0025
30, 0.05, 19, 0.2, 7271, 0.0025
30, 0.05, 19, 0.2, 7272, 0.0025
30, 0.05, 19, 0.2, 7273, 0.0025
30, 0.05, 19, 0.2, 7274, 0.0025
30, 0.05, 19, 0.2, 7275, 0.0025
30, 0.05, 19, 0.2, 7276, 0.0025
30, 0.05, 19, 0.2, 7277, 0.0025
30, 0.05, 19, 0.2, 7278, 0.0025
30, 0.05, 19, 0.2, 7279, 0.0025
30, 0.05, 19, 0.2, 7280, 0.0025
30, 0.05, 19, 0.2, 7281, 0.0025
30, 0.05, 18, 0.15, 7282, 0.0025
30, 0.05, 18, 0.15, 7283, 0.0025
30, 0.05, 18, 0.15, 7284, 0.0025
30, 0.05, 18, 0.15, 7285, 0.0025
30, 0.05, 18, 0.15, 7286, 0.0025
30, 0.05, 19, 0.2, 7407, 0.0025
30, 0.05, 19, 0.2, 7408, 0.0025
30, 0.05, 19, 0.2, 7409, 0.0025
30, 0.05, 19, 0.2, 7410, 0.0025
30, 0.05, 19, 0.2, 7411, 0.0025
30, 0.05, 19, 0.2, 7412, 0.0025
30, 0.05, 19, 0.2, 7413, 0.0025
30, 0.05, 19, 0.2, 7414, 0.0025
30, 0.05, 19, 0.2, 7415, 0.0025
30, 0.05, 19, 0.2, 7416, 0.0025
30, 0.05, 18, 0.15, 7418, 0.0025
30, 0.05, 18, 0.15, 7419, 0.0025
30, 0.05, 18, 0.15, 7420, 0.0025
30, 0.05, 18, 0.15, 7421, 0.0025
30, 0.05, 14, 0.0325, 7542, 0.0025
30, 0.05, 14, 0.0325, 7543, 0.0025
30, 0.05, 19, 0.2, 7545, 0.0025
30, 0.05, 19, 0.2, 7546, 0.0025
30, 0.05, 19, 0.2, 7547, 0.0025
30, 0.05, 19, 0.2, 7548, 0.0025
30, 0.05, 19, 0.2, 7549, 0.0025
30, 0.05, 19, 0.2, 7550, 0.0025
30, 0.05, 19, 0.2, 7551, 0.0025
30, 0.05, 19, 0.2, 7552, 0.0025
30, 0.05, 19, 0.2, 7553, 0.0025
30, 0.05, 18, 0.15, 7555, 0.0025
30, 0.05, 18, 0.15, 7556, 0.0025
30, 0.05, 18, 0.15, 7557, 0.0025
30, 0.05, 18, 0.15, 7558, 0.0025
30, 0.05, 14, 0.0325, 7681, 0.0025
30, 0.05, 19, 0.2, 7684, 0.0025
30, 0.05, 19, 0.2, 7685, 0.0025
30, 0.05, 19, 0.2, 7686, 0.0025
30, 0.05, 19, 0.2, 7687, 0.0025
30, 0.05, 19, 0.2, 7688, 0.0025
30, 0.05, 19, 0.2, 7689, 0.0025
30, 0.05, 19, 0.2, 7690, 0.0025
30, 0.05, 18, 0.15, 7693, 0.0025
30, 0.05, 18, 0.15, 7694, 0.0025
30, 0.05, 18, 0.15, 7695, 0.0025
30, 0.05, 18, 0.15, 7696, 0.0025
30, 0.05, 19, 0.2, 7824, 0.0025
30, 0.05, 18, 0.15, 7832, 0.0025
30, 0.05, 18, 0.15, 7833, 0.0025
30, 0.05, 18, 0.15, 7834, 0.0025
30, 0.05, 18, 0.15, 7971, 0.0025
30, 0.05, 18, 0.15, 7972, 0.0025
30, 0.05, 18, 0.15, 7973, 0.0025
30, 0.05, 18, 0.15, 8111, 0.0025
30, 0.05, 18, 0.15, 8112, 0.0025
30, 0.05, 18, 0.15, 8113, 0.0025
30, 0.05, 18, 0.15, 8252, 0.0025
30, 0.05, 25, 0.0325, 9428, 0.0025
30, 0.05, 25, 0.0325, 9577, 0.0025
30, 0.05, 25, 0.0325, 9578, 0.0025
30, 0.05, 25, 0.0325, 9717, 0.0025
30, 0.05, 25, 0.0325, 9718, 0.0025
30, 0.05, 25, 0.0325, 9719, 0.0025
30, 0.05, 25, 0.0325, 9720, 0.0025
30, 0.05, 25, 0.0325, 9847, 0.0025
30, 0.05, 25, 0.0325, 9849, 0.0025
30, 0.05, 25, 0.0325, 9850, 0.0025
30, 0.05, 25, 0.0325, 10090, 0.0025
30, 0.05, 25, 0.0325, 10203, 0.0025
30, 0.05, 25, 0.0325, 10204, 0.0025
30, 0.05, 25, 0.0325, 10205, 0.0025
30, 0.05, 31, 0.0325, 11242, 0.0025
30, 0.05, 31, 0.0325, 11353, 0.0025
30, 0.05, 31, 0.0325, 11469, 0.0025
30, 0.05, 31, 0.0325, 11580, 0.0025
30, 0.05, 31, 0.0325, 11581, 0.0025
30, 0.05, 31, 0.0325, 11582, 0.0025
30, 0.05, 31, 0.0325, 11694, 0.0025
30, 0.05, 31, 0.0325, 11695, 0.0025
30, 0.05, 31, 0.0325, 11696, 0.0025
30, 0.05, 31, 0.0325, 11807, 0.0025
30, 0.05, 31, 0.0325, 11808, 0.0025
30, 0.05, 31, 0.0325, 11809, 0.0025
30, 0.05, 31, 0.0325, 11810, 0.0025
30, 0.05, 31, 0.0325, 11921, 0.0025
30, 0.05, 33, 0.0325, 16311, 0.0025
30, 0.05, 33, 0.0325, 16536, 0.0025
30, 0.05, 33, 0.0325, 16537, 0.0025
30, 0.05, 33, 0.0325, 16645, 0.0025
30, 0.05, 33, 0.0325, 16646, 0.0025
30, 0.05, 33, 0.0325, 16648, 0.0025
30, 0.05, 33, 0.0325, 16860, 0.0025
30, 0.05, 33, 0.0325, 16863, 0.0025
30, 0.05, 33, 0.0325, 16865, 0.0025
30, 0.05, 33, 0.0325, 16866, 0.0025
30, 0.05, 33, 0.0325, 16868, 0.0025
30, 0.05, 38, 0.0325, 16879, 0.0025
30, 0.05, 33, 0.0325, 16974, 0.0025
30, 0.05, 38, 0.0325, 16990, 0.0025
30, 0.05, 38, 0.0325, 16991, 0.0025
30, 0.05, 41, 0.0325, 17092, 0.0025
30, 0.05, 38, 0.0325, 17098, 0.0025
30, 0.05, 33, 0.0325, 17184, 0.0025
30, 0.05, 41, 0.0325, 17190, 0.0025
30, 0.05, 38, 0.0325, 17201, 0.0025
30, 0.05, 38, 0.0325, 17203, 0.0025
30, 0.05, 41, 0.0325, 17295, 0.0025
30, 0.05, 41, 0.0325, 17299, 0.0025
30, 0.05, 38, 0.0325, 17304, 0.0025
30, 0.05, 38, 0.0325, 17305, 0.0025
30, 0.05, 38, 0.0325, 17306, 0.0025
30, 0.05, 41, 0.0325, 17395, 0.0025
30, 0.05, 41, 0.0325, 17401, 0.0025
30, 0.05, 41, 0.0325, 17402, 0.0025
30, 0.05, 38, 0.0325, 17407, 0.0025
30, 0.05, 38, 0.0325, 17408, 0.0025
30, 0.05, 38, 0.0325, 17409, 0.0025
30, 0.05, 41, 0.0325, 17503, 0.0025
30, 0.05, 41, 0.0325, 17505, 0.0025
30, 0.05, 41, 0.0325, 17506, 0.0025
30, 0.05, 38, 0.0325, 17512, 0.0025
30, 0.05, 41, 0.0325, 17602, 0.0025
30, 0.05, 41, 0.0325, 17603, 0.0025
30, 0.05, 41, 0.0325, 17605, 0.0025
30, 0.05, 38, 0.0325, 17612, 0.0025
30, 0.05, 33, 0.0325, 17691, 0.0025
30, 0.05, 41, 0.0325, 17700, 0.0025
30, 0.1, 1, 0.0325, 1408, 0.0025
30, 0.1, 1, 0.0325, 1409, 0.0025
30, 0.1, 1, 0.0325, 1410, 0.0025
30, 0.1, 1, 0.0325, 1483, 0.0025
30, 0.1, 1, 0.0325, 1484, 0.0025
30, 0.1, 1, 0.0325, 1485, 0.0025
30, 0.1, 1, 0.0325, 1486, 0.0025
30, 0.1, 2, 0.0325, 1551, 0.0025
30, 0.1, 1, 0.0325, 1560, 0.0025
30, 0.1, 1, 0.0325, 1561, 0.0025
30, 0.1, 1, 0.0325, 1562, 0.0025
30, 0.1, 1, 0.0325, 1563, 0.0025
30, 0.1, 1, 0.0325, 1641, 0.0025
30, 0.1, 1, 0.0325, 1642, 0.0025
30, 0.1, 2, 0.0325, 1712, 0.0025
30, 0.1, 1, 0.0325, 1724, 0.0025
30, 0.1, 6, 0.0325, 1744, 0.0025
30, 0.1, 6, 0.0325, 1832, 0.0025
30, 0.1, 6, 0.0325, 1834, 0.0025
30, 0.1, 6, 0.0325, 1835, 0.0025
30, 0.1, 2, 0.0325, 1884, 0.0025
30, 0.1, 6, 0.0325, 1922, 0.0025
30, 0.1, 6, 0.0325, 1923, 0.0025
30, 0.1, 6, 0.0325, 1924, 0.0025
30, 0.1, 2, 0.0325, 1971, 0.0025
30, 0.1, 2, 0.0325, 1972, 0.0025
30, 0.1, 2, 0.0325, 1973, 0.0025
30, 0.1, 2, 0.0325, 1974, 0.0025
30, 0.1, 6, 0.0325, 2016, 0.0025
30, 0.1, 6, 0.0325, 2017, 0.0025
30, 0.1, 2, 0.0325, 2064, 0.0025
30, 0.1, 2, 0.0325, 2065, 0.0025
30, 0.1, 2, 0.0325, 2066, 0.0025
30, 0.1, 2, 0.0325, 2067, 0.0025
30, 0.1, 10, 0.0325, 2101, 0.0025
30, 0.1, 6, 0.0325, 2111, 0.0025
30, 0.1, 2, 0.0325, 2160, 0.0025
30, 0.1, 2, 0.0325, 2161, 0.0025
30, 0.1, 2, 0.0325, 2259, 0.0025
30, 0.1, 10, 0.0325, 2399, 0.0025
30, 0.1, 10, 0.0325, 2400, 0.0025
30, 0.1, 5, 0.0325, 2535, 0.0025
30, 0.1, 5, 0.0325, 2536, 0.0025
30, 0.1, 5, 0.0325, 2537, 0.0025
30, 0.1, 3, 0.0325, 2547, 0.0025
30, 0.1, 3, 0.0325, 2548, 0.0025
30, 0.1, 3, 0.0325, 2549, 0.0025
30, 0.1, 10, 0.0325, 2604, 0.0025
30, 0.1, 10, 0.0325, 2605, 0.0025
30, 0.1, 3, 0.0325, 2650, 0.0025
30, 0.1, 3, 0.0325, 2651, 0.0025
30, 0.1, 3, 0.0325, 2754, 0.0025
30, 0.1, 3, 0.0325, 2755, 0.0025
30, 0.1, 10, 0.0325, 2813, 0.0025
30, 0.1, 10, 0.0325, 2815, 0.0025
30, 0.1, 3, 0.0325, 2860, 0.0025
30, 0.1, 10, 0.0325, 2920, 0.0025
30, 0.1, 10, 0.0325, 3136, 0.0025
30, 0.1, 10, 0.0325, 3243, 0.0025
30, 0.1, 6, 0.0325, 3258, 0.0025
30, 0.1, 5, 0.0325, 3273, 0.0025
30, 0.1, 5, 0.0325, 3274, 0.0025
30, 0.1, 5, 0.0325, 3275, 0.0025
30, 0.1, 4, 0.0325, 3322, 0.0025
30, 0.1, 4, 0.0325, 3325, 0.0025
30, 0.1, 4, 0.0325, 3326, 0.0025
30, 0.1, 10, 0.0325, 3352, 0.0025
30, 0.1, 6, 0.0325, 3366, 0.0025
30, 0.1, 6, 0.0325, 3367, 0.0025
30, 0.1, 5, 0.0325, 3382, 0.0025
30, 0.1, 5, 0.0325, 3383, 0.0025
30, 0.1, 3, 0.0325, 3394, 0.0025
30, 0.1, 3, 0.0325, 3395, 0.0025
30, 0.1, 3, 0.0325, 3396, 0.0025
30, 0.1, 11, 0.0325, 3485, 0.0025
30, 0.1, 11, 0.0325, 3486, 0.0025
30, 0.1, 11, 0.0325, 3487, 0.0025
30, 0.1, 5, 0.0325, 3493, 0.0025
30, 0.1, 5, 0.0325, 3494, 0.0025
30, 0.1, 3, 0.0325, 3506, 0.0025
30, 0.1, 3, 0.0325, 3507, 0.0025
30, 0.1, 4, 0.0325, 3544, 0.0025
30, 0.1, 4, 0.0325, 3545, 0.0025
30, 0.1, 10, 0.0325, 3575, 0.0025
30, 0.1, 6, 0.0325, 3589, 0.0025
30, 0.1, 11, 0.0325, 3597, 0.0025
30, 0.1, 11, 0.0325, 3598, 0.0025
30, 0.1, 5, 0.0325, 3604, 0.0025
30, 0.1, 3, 0.0325, 3618, 0.0025
30, 0.1, 4, 0.0325, 3651, 0.0025
30, 0.1, 4, 0.0325, 3653, 0.0025
30, 0.1, 10, 0.0325, 3686, 0.0025
30, 0.1, 11, 0.0325, 3710, 0.0025
30, 0.1, 11, 0.0325, 3711, 0.0025
30, 0.1, 5, 0.0325, 3715, 0.0025
30, 0.1, 5, 0.0325, 3716, 0.0025
30, 0.1, 4, 0.0325, 3765, 0.0025
30, 0.1, 4, 0.0325, 3767, 0.0025
30, 0.1, 10, 0.0325, 3802, 0.0025
30, 0.1, 11, 0.0325, 3824, 0.0025
30, 0.1, 11, 0.0325, 3825, 0.0025
30, 0.1, 12, 0.0325, 3843, 0.0025
30, 0.1, 12, 0.0325, 3844, 0.0025
30, 0.1, 4, 0.0325, 3877, 0.0025
30, 0.1, 4, 0.0325, 3880, 0.0025
30, 0.1, 11, 0.0325, 3939, 0.0025
30, 0.1, 11, 0.0325, 3940, 0.0025
30, 0.1, 5, 0.0325, 3943, 0.0025
30, 0.1, 12, 0.0325, 3957, 0.0025
30, 0.1, 12, 0.0325, 3958, 0.0025
30, 0.1, 4, 0.0325, 3992, 0.0025
30, 0.1, 4, 0.0325, 3993, 0.0025
30, 0.1, 4, 0.0325, 3997, 0.0025
30, 0.1, 11, 0.0325, 4053, 0.0025
30, 0.1, 12, 0.0325, 4072, 0.0025
30, 0.1, 12, 0.0325, 4073, 0.0025
30, 0.1, 12, 0.0325, 4188, 0.0025
30, 0.1, 12, 0.0325, 4189, 0.0025
30, 0.1, 11, 0.0325, 4288, 0.0025
30, 0.1, 12, 0.0325, 4305, 0.0025
30, 0.1, 12, 0.0325, 4306, 0.0025
30, 0.1, 11, 0.0325, 4407, 0.0025
30, 0.1, 12, 0.0325, 4423, 0.0025
30, 0.1, 12, 0.0325, 4424, 0.0025
30, 0.1, 8, 0.0325, 4440, 0.0025
30, 0.1, 12, 0.0325, 4542, 0.0025
30, 0.1, 8, 0.0325, 4558, 0.0025
30, 0.1, 8, 0.0325, 4677, 0.0025
30, 0.1, 8, 0.0325, 4678, 0.0025
30, 0.1, 7, 0.0325, 4691, 0.0025
30, 0.1, 12, 0.0325, 4783, 0.0025
30, 0.1, 8, 0.0325, 4798, 0.0025
30, 0.1, 8, 0.0325, 4799, 0.0025
30, 0.1, 7, 0.0325, 4811, 0.0025
30, 0.1, 8, 0.0325, 4919, 0.0025
30, 0.1, 7, 0.0325, 4931, 0.0025
30, 0.1, 7, 0.0325, 4932, 0.0025
30, 0.1, 8, 0.0325, 5040, 0.0025
30, 0.1, 8, 0.0325, 5041, 0.0025
30, 0.1, 8, 0.0325, 5042, 0.0025
30, 0.1, 7, 0.0325, 5054, 0.0025
30, 0.1, 8, 0.0325, 5164, 0.0025
30, 0.1, 7, 0.0325, 5175, 0.0025
30, 0.1, 7, 0.0325, 5176, 0.0025
30, 0.1, 7, 0.0325, 5177, 0.0025
30, 0.1, 8, 0.0325, 5287, 0.0025
30, 0.1, 8, 0.0325, 5288, 0.0025
30, 0.1, 7, 0.0325, 5299, 0.0025
30, 0.1, 7, 0.0325, 5300, 0.0025
30, 0.1, 7, 0.0325, 5424, 0.0025
30, 0.1, 7, 0.0325, 5425, 0.0025
30, 0.1, 7, 0.0325, 5426, 0.0025
30, 0.1, 15, 0.0325, 5534, 0.0025
30, 0.1, 8, 0.0325, 5539, 0.0025
30, 0.1, 7, 0.0325, 5551, 0.0025
30, 0.1, 15, 0.0325, 5661, 0.0025
30, 0.1, 16, 0.0325, 5678, 0.0025
30, 0.1, 15, 0.0325, 5790, 0.0025
30, 0.1, 16, 0.0325, 5806, 0.0025
30, 0.1, 15, 0.0325, 5918, 0.0025
30, 0.1, 15, 0.0325, 5919, 0.0025
30, 0.1, 16, 0.0325, 5934, 0.0025
30, 0.1, 15, 0.0325, 6047, 0.0025
30, 0.1, 15, 0.0325, 6048, 0.0025
30, 0.1, 15, 0.0325, 6049, 0.0025
30, 0.1, 16, 0.0325, 6063, 0.0025
30, 0.1, 15, 0.0325, 6177, 0.0025
30, 0.1, 15, 0.0325, 6178, 0.0025
30, 0.1, 16, 0.0325, 6192, 0.0025
30, 0.1, 9, 0.0325, 6210, 0.0025
30, 0.1, 9, 0.0325, 6211, 0.0025
30, 0.1, 9, 0.0325, 6212, 0.0025
30, 0.1, 9, 0.0325, 6213, 0.0025
30, 0.1, 15, 0.0325, 6308, 0.0025
30, 0.1, 15, 0.0325, 6309, 0.0025
30, 0.1, 16, 0.0325, 6323, 0.0025
30, 0.1, 9, 0.0325, 6342, 0.0025
30, 0.1, 9, 0.0325, 6343, 0.0025
30, 0.1, 9, 0.0325, 6344, 0.0025
30, 0.1, 9, 0.0325, 6345, 0.0025
30, 0.1, 9, 0.0325, 6346, 0.0025
30, 0.1, 9, 0.0325, 6347, 0.0025
30, 0.1, 16, 0.0325, 6454, 0.0025
30, 0.1, 19, 0.2, 6472, 0.0025
30, 0.1, 19, 0.2, 6473, 0.0025
30, 0.1, 19, 0.2, 6474, 0.0025
30, 0.1, 19, 0.2, 6475, 0.0025
30, 0.1, 9, 0.0325, 6476, 0.0025
30, 0.1, 9, 0.0325, 6477, 0.0025
30, 0.1, 9, 0.0325, 6478, 0.0025
30, 0.1, 18, 0.08500000000000046, 6480, 0.0025
30, 0.1, 18, 0.08500000000000046, 6481, 0.0025
30, 0.1, 15, 0.0325, 6572, 0.0025
30, 0.1, 16, 0.0325, 6586, 0.0025
30, 0.1, 14, 0.0325, 6601, 0.0025
30, 0.1, 19, 0.2, 6603, 0.0025
30, 0.1, 19, 0.2, 6604, 0.0025
30, 0.1, 19, 0.2, 6605, 0.0025
30, 0.1, 19, 0.2, 6606, 0.0025
30, 0.1, 19, 0.2, 6607, 0.0025
30, 0.1, 19, 0.2, 6608, 0.0025
30, 0.1, 19, 0.2, 6609, 0.0025
30, 0.1, 9, 0.0325, 6611, 0.0025
30, 0.1, 18, 0.08500000000000046, 6612, 0.0025
30, 0.1, 18, 0.08500000000000046, 6613, 0.0025
30, 0.1, 18, 0.08500000000000046, 6614, 0.0025
30, 0.1, 18, 0.08500000000000046, 6615, 0.0025
30, 0.1, 15, 0.0325, 6705, 0.0025
30, 0.1, 16, 0.0325, 6719, 0.0025
30, 0.1, 14, 0.0325, 6732, 0.0025
30, 0.1, 14, 0.0325, 6733, 0.0025
30, 0.1, 14, 0.0325, 6734, 0.0025
30, 0.1, 19, 0.2, 6736, 0.0025
30, 0.1, 19, 0.2, 6737, 0.0025
30, 0.1, 19, 0.2, 6738, 0.0025
30, 0.1, 19, 0.2, 6739, 0.0025
30, 0.1, 19, 0.2, 6740, 0.0025
30, 0.1, 19, 0.2, 6741, 0.0025
30, 0.1, 19, 0.2, 6742, 0.0025
30, 0.1, 18, 0.08500000000000046, 6745, 0.0025
30, 0.1, 18, 0.08500000000000046, 6746, 0.0025
30, 0.1, 16, 0.0325, 6852, 0.0025
30, 0.1, 14, 0.0325, 6866, 0.0025
30, 0.1, 14, 0.0325, 6867, 0.0025
30, 0.1, 19, 0.2, 6869, 0.0025
30, 0.1, 19, 0.2, 6870, 0.0025
30, 0.1, 19, 0.2, 6871, 0.0025
30, 0.1, 19, 0.2, 6872, 0.0025
30, 0.1, 19, 0.2, 6873, 0.0025
30, 0.1, 19, 0.2, 6874, 0.0025
30, 0.1, 19, 0.2, 6875, 0.0025
30, 0.1, 19, 0.2, 6876, 0.0025
30, 0.1, 18, 0.08500000000000046, 6878, 0.0025
30, 0.1, 18, 0.08500000000000046, 6879, 0.0025
30, 0.1, 16, 0.0325, 6986, 0.0025
30, 0.1, 14, 0.0325, 6999, 0.0025
30, 0.1, 14, 0.0325, 7000, 0.0025
30, 0.1, 19, 0.2, 7003, 0.0025
30, 0.1, 19, 0.2, 7004, 0.0025
30, 0.1, 19, 0.2, 7005, 0.0025
30, 0.1, 19, 0.2, 7006, 0.0025
30, 0.1, 19, 0.2, 7007, 0.0025
30, 0.1, 19, 0.2, 7008, 0.0025
30, 0.1, 19, 0.2, 7009, 0.0025
30, 0.1, 19, 0.2, 7010, 0.0025
30, 0.1, 18, 0.08500000000000046, 7012, 0.0025
30, 0.1, 18, 0.08500000000000046, 7013, 0.0025
30, 0.1, 16, 0.0325, 7119, 0.0025
30, 0.1, 16, 0.0325, 7120, 0.0025
30, 0.1, 14, 0.0325, 7133, 0.0025
30, 0.1, 14, 0.0325, 7134, 0.0025
30, 0.1, 19, 0.2, 7136, 0.0025
30, 0.1, 19, 0.2, 7137, 0.0025
30, 0.1, 19, 0.2, 7138, 0.0025
30, 0.1, 19, 0.2, 7139, 0.0025
30, 0.1, 19, 0.2, 7140, 0.0025
30, 0.1, 19, 0.2, 7141, 0.0025
30, 0.1, 19, 0.2, 7142, 0.0025
30, 0.1, 19, 0.2, 7143, 0.0025
30, 0.1, 19, 0.2, 7144, 0.0025
30, 0.1, 18, 0.08500000000000046, 7146, 0.0025
30, 0.1, 18, 0.08500000000000046, 7147, 0.0025
30, 0.1, 18, 0.08500000000000046, 7148, 0.0025
30, 0.1, 18, 0.08500000000000046, 7149, 0.0025
30, 0.1, 16, 0.0325, 7256, 0.0025
30, 0.1, 14, 0.0325, 7269, 0.0025
30, 0.1, 14, 0.0325, 7270, 0.0025
30, 0.1, 19, 0.2, 7271, 0.0025
30, 0.1, 19, 0.2, 7272, 0.0025
30, 0.1, 19, 0.2, 7273, 0.0025
30, 0.1, 19, 0.2, 7274, 0.0025
30, 0.1, 19, 0.2, 7275, 0.0025
30, 0.1, 19, 0.2, 7276, 0.0025
30, 0.1, 19, 0.2, 7277, 0.0025
30, 0.1, 19, 0.2, 7278, 0.0025
30, 0.1, 19, 0.2, 7279, 0.0025
30, 0.1, 19, 0.2, 7280, 0.0025
30, 0.1, 19, 0.2, 7281, 0.0025
30, 0.1, 18, 0.08500000000000046, 7282, 0.0025
30, 0.1, 18, 0.08500000000000046, 7283, 0.0025
30, 0.1, 18, 0.08500000000000046, 7284, 0.0025
30, 0.1, 19, 0.2, 7407, 0.0025
30, 0.1, 19, 0.2, 7408, 0.0025
30, 0.1, 19, 0.2, 7409, 0.0025
30, 0.1, 19, 0.2, 7410, 0.0025
30, 0.1, 19, 0.2, 7411, 0.0025
30, 0.1, 19, 0.2, 7412, 0.0025
30, 0.1, 19, 0.2, 7413, 0.0025
30, 0.1, 19, 0.2, 7414, 0.0025
30, 0.1, 19, 0.2, 7415, 0.0025
30, 0.1, 19, 0.2, 7416, 0.0025
30, 0.1, 18, 0.08500000000000046, 7418, 0.0025
30, 0.1, 18, 0.08500000000000046, 7419, 0.0025
30, 0.1, 18, 0.08500000000000046, 7420, 0.0025
30, 0.1, 14, 0.0325, 7543, 0.0025
30, 0.1, 19, 0.2, 7545, 0.0025
30, 0.1, 19, 0.2, 7546, 0.0025
30, 0.1, 19, 0.2, 7547, 0.0025
30, 0.1, 19, 0.2, 7548, 0.0025
30, 0.1, 19, 0.2, 7549, 0.0025
30, 0.1, 19, 0.2, 7550, 0.0025
30, 0.1, 19, 0.2, 7551, 0.0025
30, 0.1, 19, 0.2, 7552, 0.0025
30, 0.1, 19, 0.2, 7553, 0.0025
30, 0.1, 18, 0.08500000000000046, 7555, 0.0025
30, 0.1, 18, 0.08500000000000046, 7556, 0.0025
30, 0.1, 18, 0.08500000000000046, 7557, 0.0025
30, 0.1, 14, 0.0325, 7681, 0.0025
30, 0.1, 19, 0.2, 7684, 0.0025
30, 0.1, 19, 0.2, 7685, 0.0025
30, 0.1, 19, 0.2, 7686, 0.0025
30, 0.1, 19, 0.2, 7687, 0.0025
30, 0.1, 19, 0.2, 7688, 0.0025
30, 0.1, 19, 0.2, 7689, 0.0025
30, 0.1, 19, 0.2, 7690, 0.0025
30, 0.1, 18, 0.08500000000000046, 7693, 0.0025
30, 0.1, 18, 0.08500000000000046, 7694, 0.0025
30, 0.1, 18, 0.08500000000000046, 7695, 0.0025
30, 0.1, 19, 0.2, 7824, 0.0025
30, 0.1, 18, 0.08500000000000046, 7832, 0.0025
30, 0.1, 18, 0.08500000000000046, 7833, 0.0025
30, 0.1, 18, 0.08500000000000046, 7834, 0.0025
30, 0.1, 18, 0.08500000000000046, 7971, 0.0025
30, 0.1, 18, 0.08500000000000046, 7972, 0.0025
30, 0.1, 18, 0.08500000000000046, 7973, 0.0025
30, 0.1, 18, 0.08500000000000046, 8111, 0.0025
30, 0.1, 25, 0.0325, 9428, 0.0025
30, 0.1, 25, 0.0325, 9577, 0.0025
30, 0.1, 25, 0.0325, 9578, 0.0025
30, 0.1, 25, 0.0325, 9717, 0.0025
30, 0.1, 25, 0.0325, 9718, 0.0025
30, 0.1, 25, 0.0325, 9719, 0.0025
30, 0.1, 25, 0.0325, 9720, 0.0025
30, 0.1, 25, 0.0325, 9847, 0.0025
30, 0.1, 25, 0.0325, 9849, 0.0025
30, 0.1, 25, 0.0325, 9850, 0.0025
30, 0.1, 25, 0.0325, 10090, 0.0025
30, 0.1, 25, 0.0325, 10203, 0.0025
30, 0.1, 25, 0.0325, 10204, 0.0025
30, 0.1, 25, 0.0325, 10205, 0.0025
30, 0.1, 31, 0.0325, 11242, 0.0025
30, 0.1, 31, 0.0325, 11353, 0.0025
30, 0.1, 31, 0.0325, 11469, 0.0025
30, 0.1, 31, 0.0325, 11580, 0.0025
30, 0.1, 31, 0.0325, 11581, 0.0025
30, 0.1, 31, 0.0325, 11582, 0.0025
30, 0.1, 31, 0.0325, 11694, 0.0025
30, 0.1, 31, 0.0325, 11695, 0.0025
30, 0.1, 31, 0.0325, 11696, 0.0025
30, 0.1, 31, 0.0325, 11807, 0.0025
30, 0.1, 31, 0.0325, 11808, 0.0025
30, 0.1, 31, 0.0325, 11809, 0.0025
30, 0.1, 31, 0.0325, 11810, 0.0025
30, 0.1, 31, 0.0325, 11921, 0.0025
30, 0.1, 34, 0.0325, 15478, 0.0025
30, 0.1, 34, 0.0325, 15479, 0.0025
30, 0.1, 30, 0.0325, 15613, 0.0025
30, 0.1, 34, 0.0325, 15708, 0.0025
30, 0.1, 34, 0.0325, 15710, 0.0025
30, 0.1, 30, 0.0325, 15732, 0.0025
30, 0.1, 34, 0.0325, 15828, 0.0025
30, 0.1, 34, 0.0325, 15829, 0.0025
30, 0.1, 34, 0.0325, 15830, 0.0025
30, 0.1, 30, 0.0325, 15847, 0.0025
30, 0.1, 30, 0.0325, 15849, 0.0025
30, 0.1, 30, 0.0325, 15964, 0.0025
30, 0.1, 34, 0.0325, 16065, 0.0025
30, 0.1, 30, 0.0325, 16084, 0.0025
30, 0.1, 34, 0.0325, 16181, 0.0025
30, 0.1, 34, 0.0325, 16182, 0.0025
30, 0.1, 30, 0.0325, 16203, 0.0025
30, 0.1, 34, 0.0325, 16299, 0.0025
30, 0.1, 33, 0.0325, 16311, 0.0025
30, 0.1, 30, 0.0325, 16317, 0.0025
30, 0.1, 30, 0.0325, 16321, 0.0025
30, 0.1, 30, 0.0325, 16322, 0.0025
30, 0.1, 34, 0.0325, 16411, 0.0025
30, 0.1, 30, 0.0325, 16431, 0.0025
30, 0.1, 30, 0.0325, 16434, 0.0025
30, 0.1, 33, 0.0325, 16536, 0.0025
30, 0.1, 33, 0.0325, 16537, 0.0025
30, 0.1, 33, 0.0325, 16645, 0.0025
30, 0.1, 33, 0.0325, 16646, 0.0025
30, 0.1, 33, 0.0325, 16648, 0.0025
30, 0.1, 30, 0.0325, 16657, 0.0025
30, 0.1, 30, 0.0325, 16761, 0.0025
30, 0.1, 33, 0.0325, 16860, 0.0025
30, 0.1, 33, 0.0325, 16863, 0.0025
30, 0.1, 33, 0.0325, 16865, 0.0025
30, 0.1, 33, 0.0325, 16866, 0.0025
30, 0.1, 33, 0.0325, 16868, 0.0025
30, 0.1, 38, 0.0325, 16879, 0.0025
30, 0.1, 33, 0.0325, 16974, 0.0025
30, 0.1, 38, 0.0325, 16990, 0.0025
30, 0.1, 38, 0.0325, 16991, 0.0025
30, 0.1, 41, 0.0325, 17092, 0.0025
30, 0.1, 38, 0.0325, 17098, 0.0025
30, 0.1, 33, 0.0325, 17184, 0.0025
30, 0.1, 41, 0.0325, 17190, 0.0025
30, 0.1, 38, 0.0325, 17201, 0.0025
30, 0.1, 38, 0.0325, 17203, 0.0025
30, 0.1, 41, 0.0325, 17295, 0.0025
30, 0.1, 41, 0.0325, 17299, 0.0025
30, 0.1, 38, 0.0325, 17304, 0.0025
30, 0.1, 38, 0.0325, 17305, 0.0025
30, 0.1, 38, 0.0325, 17306, 0.0025
30, 0.1, 34, 0.0325, 17383, 0.0025
30, 0.1, 41, 0.0325, 17395, 0.0025
30, 0.1, 41, 0.0325, 17401, 0.0025
30, 0.1, 41, 0.0325, 17402, 0.0025
30, 0.1, 38, 0.0325, 17407, 0.0025
30, 0.1, 38, 0.0325, 17408, 0.0025
30, 0.1, 38, 0.0325, 17409, 0.0025
30, 0.1, 34, 0.0325, 17487, 0.0025
30, 0.1, 41, 0.0325, 17503, 0.0025
30, 0.1, 41, 0.0325, 17505, 0.0025
30, 0.1, 41, 0.0325, 17506, 0.0025
30, 0.1, 38, 0.0325, 17512, 0.0025
30, 0.1, 41, 0.0325, 17602, 0.0025
30, 0.1, 41, 0.0325, 17603, 0.0025
30, 0.1, 41, 0.0325, 17605, 0.0025
30, 0.1, 38, 0.0325, 17612, 0.0025
30, 0.1, 33, 0.0325, 17691, 0.0025
30, 0.1, 41, 0.0325, 17700, 0.0025
30, 0.15000000000000002, 1, 0.0325, 1408, 0.0025
30, 0.15000000000000002, 1, 0.0325, 1409, 0.0025
30, 0.15000000000000002, 1, 0.0325, 1410, 0.0025
30, 0.15000000000000002, 1, 0.0325, 1483, 0.0025
30, 0.15000000000000002, 1, 0.0325, 1484, 0.0025
30, 0.15000000000000002, 1, 0.0325, 1485, 0.0025
30, 0.15000000000000002, 1, 0.0325, 1486, 0.0025
30, 0.15000000000000002, 2, 0.0325, 1551, 0.0025
30, 0.15000000000000002, 1, 0.0325, 1560, 0.0025
30, 0.15000000000000002, 1, 0.0325, 1561, 0.0025
30, 0.15000000000000002, 1, 0.0325, 1562, 0.0025
30, 0.15000000000000002, 1, 0.0325, 1563, 0.0025
30, 0.15000000000000002, 1, 0.0325, 1641, 0.0025
30, 0.15000000000000002, 1, 0.0325, 1642, 0.0025
30, 0.15000000000000002, 2, 0.0325, 1712, 0.0025
30, 0.15000000000000002, 1, 0.0325, 1724, 0.0025
30, 0.15000000000000002, 6, 0.0325, 1744, 0.0025
30, 0.15000000000000002, 6, 0.0325, 1832, 0.0025
30, 0.15000000000000002, 6, 0.0325, 1834, 0.0025
30, 0.15000000000000002, 6, 0.0325, 1835, 0.0025
30, 0.15000000000000002, 2, 0.0325, 1884, 0.0025
30, 0.15000000000000002, 6, 0.0325, 1922, 0.0025
30, 0.15000000000000002, 6, 0.0325, 1923, 0.0025
30, 0.15000000000000002, 6, 0.0325, 1924, 0.0025
30, 0.15000000000000002, 2, 0.0325, 1971, 0.0025
30, 0.15000000000000002, 2, 0.0325, 1972, 0.0025
30, 0.15000000000000002, 2, 0.0325, 1973, 0.0025
30, 0.15000000000000002, 2, 0.0325, 1974, 0.0025
30, 0.15000000000000002, 6, 0.0325, 2016, 0.0025
30, 0.15000000000000002, 6, 0.0325, 2017, 0.0025
30, 0.15000000000000002, 2, 0.0325, 2064, 0.0025
30, 0.15000000000000002, 2, 0.0325, 2065, 0.0025
30, 0.15000000000000002, 2, 0.0325, 2066, 0.0025
30, 0.15000000000000002, 2, 0.0325, 2067, 0.0025
30, 0.15000000000000002, 10, 0.0325, 2101, 0.0025
30, 0.15000000000000002, 6, 0.0325, 2111, 0.0025
30, 0.15000000000000002, 2, 0.0325, 2160, 0.0025
30, 0.15000000000000002, 2, 0.0325, 2161, 0.0025
30, 0.15000000000000002, 2, 0.0325, 2259, 0.0025
30, 0.15000000000000002, 10, 0.0325, 2399, 0.0025
30, 0.15000000000000002, 10, 0.0325, 2400, 0.0025
30, 0.15000000000000002, 5, 0.0325, 2535, 0.0025
30, 0.15000000000000002, 5, 0.0325, 2536, 0.0025
30, 0.15000000000000002, 5, 0.0325, 2537, 0.0025
30, 0.15000000000000002, 3, 0.03250000000000047, 2547, 0.0025
30, 0.15000000000000002, 3, 0.03250000000000047, 2548, 0.0025
30, 0.15000000000000002, 3, 0.03250000000000047, 2549, 0.0025
30, 0.15000000000000002, 10, 0.0325, 2604, 0.0025
30, 0.15000000000000002, 10, 0.0325, 2605, 0.0025
30, 0.15000000000000002, 3, 0.03250000000000047, 2650, 0.0025
30, 0.15000000000000002, 3, 0.03250000000000047, 2651, 0.0025
30, 0.15000000000000002, 3, 0.03250000000000047, 2754, 0.0025
30, 0.15000000000000002, 3, 0.03250000000000047, 2755, 0.0025
30, 0.15000000000000002, 10, 0.0325, 2813, 0.0025
30, 0.15000000000000002, 10, 0.0325, 2815, 0.0025
30, 0.15000000000000002, 3, 0.03250000000000047, 2860, 0.0025
30, 0.15000000000000002, 10, 0.0325, 2920, 0.0025
30, 0.15000000000000002, 10, 0.0325, 3136, 0.0025
30, 0.15000000000000002, 10, 0.0325, 3243, 0.0025
30, 0.15000000000000002, 6, 0.0325, 3258, 0.0025
30, 0.15000000000000002, 5, 0.0325, 3273, 0.0025
30, 0.15000000000000002, 5, 0.0325, 3274, 0.0025
30, 0.15000000000000002, 5, 0.0325, 3275, 0.0025
30, 0.15000000000000002, 4, 0.0325, 3322, 0.0025
30, 0.15000000000000002, 4, 0.0325, 3325, 0.0025
30, 0.15000000000000002, 4, 0.0325, 3326, 0.0025
30, 0.15000000000000002, 10, 0.0325, 3352, 0.0025
30, 0.15000000000000002, 6, 0.0325, 3366, 0.0025
30, 0.15000000000000002, 6, 0.0325, 3367, 0.0025
30, 0.15000000000000002, 5, 0.0325, 3382, 0.0025
30, 0.15000000000000002, 5, 0.0325, 3383, 0.0025
30, 0.15000000000000002, 3, 0.03250000000000047, 3394, 0.0025
30, 0.15000000000000002, 3, 0.03250000000000047, 3395, 0.0025
30, 0.15000000000000002, 3, 0.03250000000000047, 3396, 0.0025
30, 0.15000000000000002, 11, 0.0325, 3485, 0.0025
30, 0.15000000000000002, 11, 0.0325, 3486, 0.0025
30, 0.15000000000000002, 11, 0.0325, 3487, 0.0025
30, 0.15000000000000002, 5, 0.0325, 3493, 0.0025
30, 0.15000000000000002, 5, 0.0325, 3494, 0.0025
30, 0.15000000000000002, 3, 0.03250000000000047, 3506, 0.0025
30, 0.15000000000000002, 3, 0.03250000000000047, 3507, 0.0025
30, 0.15000000000000002, 4, 0.0325, 3544, 0.0025
30, 0.15000000000000002, 4, 0.0325, 3545, 0.0025
30, 0.15000000000000002, 10, 0.0325, 3575, 0.0025
30, 0.15000000000000002, 6, 0.0325, 3589, 0.0025
30, 0.15000000000000002, 11, 0.0325, 3597, 0.0025
30, 0.15000000000000002, 11, 0.0325, 3598, 0.0025
30, 0.15000000000000002, 5, 0.0325, 3604, 0.0025
30, 0.15000000000000002, 3, 0.03250000000000047, 3618, 0.0025
30, 0.15000000000000002, 4, 0.0325, 3651, 0.0025
30, 0.15000000000000002, 4, 0.0325, 3653, 0.0025
30, 0.15000000000000002, 10, 0.0325, 3686, 0.0025
30, 0.15000000000000002, 11, 0.0325, 3710, 0.0025
30, 0.15000000000000002, 11, 0.0325, 3711, 0.0025
30, 0.15000000000000002, 5, 0.0325, 3715, 0.0025
30, 0.15000000000000002, 5, 0.0325, 3716, 0.0025
30, 0.15000000000000002, 4, 0.0325, 3765, 0.0025
30, 0.15000000000000002, 4, 0.0325, 3767, 0.0025
30, 0.15000000000000002, 10, 0.0325, 3802, 0.0025
30, 0.15000000000000002, 11, 0.0325, 3824, 0.0025
30, 0.15000000000000002, 11, 0.0325, 3825, 0.0025
30, 0.15000000000000002, 12, 0.03250000000000017, 3843, 0.0025
30, 0.15000000000000002, 12, 0.03250000000000017, 3844, 0.0025
30, 0.15000000000000002, 4, 0.0325, 3877, 0.0025
30, 0.15000000000000002, 4, 0.0325, 3880, 0.0025
30, 0.15000000000000002, 11, 0.0325, 3939, 0.0025
30, 0.15000000000000002, 11, 0.0325, 3940, 0.0025
30, 0.15000000000000002, 5, 0.0325, 3943, 0.0025
30, 0.15000000000000002, 12, 0.03250000000000017, 3957, 0.0025
30, 0.15000000000000002, 12, 0.03250000000000017, 3958, 0.0025
30, 0.15000000000000002, 4, 0.0325, 3992, 0.0025
30, 0.15000000000000002, 4, 0.0325, 3993, 0.0025
30, 0.15000000000000002, 4, 0.0325, 3997, 0.0025
30, 0.15000000000000002, 11, 0.0325, 4053, 0.0025
30, 0.15000000000000002, 12, 0.03250000000000017, 4072, 0.0025
30, 0.15000000000000002, 12, 0.03250000000000017, 4073, 0.0025
30, 0.15000000000000002, 12, 0.03250000000000017, 4188, 0.0025
30, 0.15000000000000002, 12, 0.03250000000000017, 4189, 0.0025
30, 0.15000000000000002, 11, 0.0325, 4288, 0.0025
30, 0.15000000000000002, 12, 0.03250000000000017, 4305, 0.0025
30, 0.15000000000000002, 12, 0.03250000000000017, 4306, 0.0025
30, 0.15000000000000002, 11, 0.0325, 4407, 0.0025
30, 0.15000000000000002, 12, 0.03250000000000017, 4423, 0.0025
30, 0.15000000000000002, 12, 0.03250000000000017, 4424, 0.0025
30, 0.15000000000000002, 8, 0.03250000000000017, 4440, 0.0025
30, 0.15000000000000002, 12, 0.03250000000000017, 4542, 0.0025
30, 0.15000000000000002, 8, 0.03250000000000017, 4558, 0.0025
30, 0.15000000000000002, 8, 0.03250000000000017, 4677, 0.0025
30, 0.15000000000000002, 8, 0.03250000000000017, 4678, 0.0025
30, 0.15000000000000002, 7, 0.03250000000000017, 4691, 0.0025
30, 0.15000000000000002, 12, 0.03250000000000017, 4783, 0.0025
30, 0.15000000000000002, 8, 0.03250000000000017, 4798, 0.0025
30, 0.15000000000000002, 8, 0.03250000000000017, 4799, 0.0025
30, 0.15000000000000002, 7, 0.03250000000000017, 4811, 0.0025
30, 0.15000000000000002, 8, 0.03250000000000017, 4919, 0.0025
30, 0.15000000000000002, 7, 0.03250000000000017, 4931, 0.0025
30, 0.15000000000000002, 7, 0.03250000000000017, 4932, 0.0025
30, 0.15000000000000002, 8, 0.03250000000000017, 5041, 0.0025
30, 0.15000000000000002, 8, 0.03250000000000017, 5042, 0.0025
30, 0.15000000000000002, 7, 0.03250000000000017, 5054, 0.0025
30, 0.15000000000000002, 8, 0.03250000000000017, 5164, 0.0025
30, 0.15000000000000002, 7, 0.03250000000000017, 5175, 0.0025
30, 0.15000000000000002, 7, 0.03250000000000017, 5176, 0.0025
30, 0.15000000000000002, 7, 0.03250000000000017, 5177, 0.0025
30, 0.15000000000000002, 8, 0.03250000000000017, 5287, 0.0025
30, 0.15000000000000002, 8, 0.03250000000000017, 5288, 0.0025
30, 0.15000000000000002, 7, 0.03250000000000017, 5299, 0.0025
30, 0.15000000000000002, 7, 0.03250000000000017, 5300, 0.0025
30, 0.15000000000000002, 8, 0.03250000000000017, 5413, 0.0025
30, 0.15000000000000002, 7, 0.03250000000000017, 5424, 0.0025
30, 0.15000000000000002, 7, 0.03250000000000017, 5425, 0.0025
30, 0.15000000000000002, 7, 0.03250000000000017, 5426, 0.0025
30, 0.15000000000000002, 15, 0.0325, 5534, 0.0025
30, 0.15000000000000002, 8, 0.03250000000000017, 5539, 0.0025
30, 0.15000000000000002, 7, 0.03250000000000017, 5551, 0.0025
30, 0.15000000000000002, 15, 0.0325, 5661, 0.0025
30, 0.15000000000000002, 16, 0.03250000000000017, 5678, 0.0025
30, 0.15000000000000002, 15, 0.0325, 5790, 0.0025
30, 0.15000000000000002, 16, 0.03250000000000017, 5806, 0.0025
30, 0.15000000000000002, 15, 0.0325, 5918, 0.0025
30, 0.15000000000000002, 15, 0.0325, 5919, 0.0025
30, 0.15000000000000002, 16, 0.03250000000000017, 5934, 0.0025
30, 0.15000000000000002, 15, 0.0325, 6047, 0.0025
30, 0.15000000000000002, 15, 0.0325, 6048, 0.0025
30, 0.15000000000000002, 15, 0.0325, 6049, 0.0025
30, 0.15000000000000002, 16, 0.03250000000000017, 6063, 0.0025
30, 0.15000000000000002, 15, 0.0325, 6177, 0.0025
30, 0.15000000000000002, 15, 0.0325, 6178, 0.0025
30, 0.15000000000000002, 16, 0.03250000000000017, 6192, 0.0025
30, 0.15000000000000002, 9, 0.0325, 6210, 0.0025
30, 0.15000000000000002, 9, 0.0325, 6211, 0.0025
30, 0.15000000000000002, 9, 0.0325, 6212, 0.0025
30, 0.15000000000000002, 9, 0.0325, 6213, 0.0025
30, 0.15000000000000002, 15, 0.0325, 6308, 0.0025
30, 0.15000000000000002, 15, 0.0325, 6309, 0.0025
30, 0.15000000000000002, 16, 0.03250000000000017, 6323, 0.0025
30, 0.15000000000000002, 9, 0.0325, 6342, 0.0025
30, 0.15000000000000002, 9, 0.0325, 6343, 0.0025
30, 0.15000000000000002, 9, 0.0325, 6344, 0.0025
30, 0.15000000000000002, 9, 0.0325, 6345, 0.0025
30, 0.15000000000000002, 9, 0.0325, 6346, 0.0025
30, 0.15000000000000002, 9, 0.0325, 6347, 0.0025
30, 0.15000000000000002, 16, 0.03250000000000017, 6454, 0.0025
30, 0.15000000000000002, 19, 0.2, 6472, 0.0025
30, 0.15000000000000002, 19, 0.2, 6473, 0.0025
30, 0.15000000000000002, 19, 0.2, 6474, 0.0025
30, 0.15000000000000002, 19, 0.2, 6475, 0.0025
30, 0.15000000000000002, 9, 0.0325, 6476, 0.0025
30, 0.15000000000000002, 9, 0.0325, 6477, 0.0025
30, 0.15000000000000002, 9, 0.0325, 6478, 0.0025
30, 0.15000000000000002, 15, 0.0325, 6572, 0.0025
30, 0.15000000000000002, 16, 0.03250000000000017, 6586, 0.0025
30, 0.15000000000000002, 14, 0.03249999999999974, 6601, 0.0025
30, 0.15000000000000002, 19, 0.2, 6603, 0.0025
30, 0.15000000000000002, 19, 0.2, 6604, 0.0025
30, 0.15000000000000002, 19, 0.2, 6605, 0.0025
30, 0.15000000000000002, 19, 0.2, 6606, 0.0025
30, 0.15000000000000002, 19, 0.2, 6607, 0.0025
30, 0.15000000000000002, 19, 0.2, 6608, 0.0025
30, 0.15000000000000002, 19, 0.2, 6609, 0.0025
30, 0.15000000000000002, 9, 0.0325, 6611, 0.0025
30, 0.15000000000000002, 15, 0.0325, 6705, 0.0025
30, 0.15000000000000002, 16, 0.03250000000000017, 6719, 0.0025
30, 0.15000000000000002, 14, 0.03249999999999974, 6733, 0.0025
30, 0.15000000000000002, 14, 0.03249999999999974, 6734, 0.0025
30, 0.15000000000000002, 19, 0.2, 6736, 0.0025
30, 0.15000000000000002, 19, 0.2, 6737, 0.0025
30, 0.15000000000000002, 19, 0.2, 6738, 0.0025
30, 0.15000000000000002, 19, 0.2, 6739, 0.0025
30, 0.15000000000000002, 19, 0.2, 6740, 0.0025
30, 0.15000000000000002, 19, 0.2, 6741, 0.0025
30, 0.15000000000000002, 19, 0.2, 6742, 0.0025
30, 0.15000000000000002, 16, 0.03250000000000017, 6852, 0.0025
30, 0.15000000000000002, 14, 0.03249999999999974, 6866, 0.0025
30, 0.15000000000000002, 14, 0.03249999999999974, 6867, 0.0025
30, 0.15000000000000002, 19, 0.2, 6869, 0.0025
30, 0.15000000000000002, 19, 0.2, 6870, 0.0025
30, 0.15000000000000002, 19, 0.2, 6871, 0.0025
30, 0.15000000000000002, 19, 0.2, 6872, 0.0025
30, 0.15000000000000002, 19, 0.2, 6873, 0.0025
30, 0.15000000000000002, 19, 0.2, 6874, 0.0025
30, 0.15000000000000002, 19, 0.2, 6875, 0.0025
30, 0.15000000000000002, 19, 0.2, 6876, 0.0025
30, 0.15000000000000002, 18, 0.03499999999999914, 6878, 0.0025
30, 0.15000000000000002, 16, 0.03250000000000017, 6986, 0.0025
30, 0.15000000000000002, 14, 0.03249999999999974, 6999, 0.0025
30, 0.15000000000000002, 14, 0.03249999999999974, 7000, 0.0025
30, 0.15000000000000002, 19, 0.2, 7003, 0.0025
30, 0.15000000000000002, 19, 0.2, 7004, 0.0025
30, 0.15000000000000002, 19, 0.2, 7005, 0.0025
30, 0.15000000000000002, 19, 0.2, 7006, 0.0025
30, 0.15000000000000002, 19, 0.2, 7007, 0.0025
30, 0.15000000000000002, 19, 0.2, 7008, 0.0025
30, 0.15000000000000002, 19, 0.2, 7009, 0.0025
30, 0.15000000000000002, 19, 0.2, 7010, 0.0025
30, 0.15000000000000002, 18, 0.03499999999999914, 7012, 0.0025
30, 0.15000000000000002, 16, 0.03250000000000017, 7119, 0.0025
30, 0.15000000000000002, 16, 0.03250000000000017, 7120, 0.0025
30, 0.15000000000000002, 14, 0.03249999999999974, 7133, 0.0025
30, 0.15000000000000002, 14, 0.03249999999999974, 7134, 0.0025
30, 0.15000000000000002, 19, 0.2, 7136, 0.0025
30, 0.15000000000000002, 19, 0.2, 7137, 0.0025
30, 0.15000000000000002, 19, 0.2, 7138, 0.0025
30, 0.15000000000000002, 19, 0.2, 7139, 0.0025
30, 0.15000000000000002, 19, 0.2, 7140, 0.0025
30, 0.15000000000000002, 19, 0.2, 7141, 0.0025
30, 0.15000000000000002, 19, 0.2, 7142, 0.0025
30, 0.15000000000000002, 19, 0.2, 7143, 0.0025
30, 0.15000000000000002, 19, 0.2, 7144, 0.0025
30, 0.15000000000000002, 18, 0.03499999999999914, 7146, 0.0025
30, 0.15000000000000002, 18, 0.03499999999999914, 7147, 0.0025
30, 0.15000000000000002, 16, 0.03250000000000017, 7256, 0.0025
30, 0.15000000000000002, 14, 0.03249999999999974, 7269, 0.0025
30, 0.15000000000000002, 14, 0.03249999999999974, 7270, 0.0025
30, 0.15000000000000002, 19, 0.2, 7271, 0.0025
30, 0.15000000000000002, 19, 0.2, 7272, 0.0025
30, 0.15000000000000002, 19, 0.2, 7273, 0.0025
30, 0.15000000000000002, 19, 0.2, 7274, 0.0025
30, 0.15000000000000002, 19, 0.2, 7275, 0.0025
30, 0.15000000000000002, 19, 0.2, 7276, 0.0025
30, 0.15000000000000002, 19, 0.2, 7277, 0.0025
30, 0.15000000000000002, 19, 0.2, 7278, 0.0025
30, 0.15000000000000002, 19, 0.2, 7279, 0.0025
30, 0.15000000000000002, 19, 0.2, 7280, 0.0025
30, 0.15000000000000002, 19, 0.2, 7281, 0.0025
30, 0.15000000000000002, 18, 0.03499999999999914, 7282, 0.0025
30, 0.15000000000000002, 18, 0.03499999999999914, 7283, 0.0025
30, 0.15000000000000002, 19, 0.2, 7407, 0.0025
30, 0.15000000000000002, 19, 0.2, 7408, 0.0025
30, 0.15000000000000002, 19, 0.2, 7409, 0.0025
30, 0.15000000000000002, 19, 0.2, 7410, 0.0025
30, 0.15000000000000002, 19, 0.2, 7411, 0.0025
30, 0.15000000000000002, 19, 0.2, 7412, 0.0025
30, 0.15000000000000002, 19, 0.2, 7413, 0.0025
30, 0.15000000000000002, 19, 0.2, 7414, 0.0025
30, 0.15000000000000002, 19, 0.2, 7415, 0.0025
30, 0.15000000000000002, 19, 0.2, 7416, 0.0025
30, 0.15000000000000002, 18, 0.03499999999999914, 7418, 0.0025
30, 0.15000000000000002, 14, 0.03249999999999974, 7542, 0.0025
30, 0.15000000000000002, 14, 0.03249999999999974, 7543, 0.0025
30, 0.15000000000000002, 19, 0.2, 7545, 0.0025
30, 0.15000000000000002, 19, 0.2, 7546, 0.0025
30, 0.15000000000000002, 19, 0.2, 7547, 0.0025
30, 0.15000000000000002, 19, 0.2, 7548, 0.0025
30, 0.15000000000000002, 19, 0.2, 7549, 0.0025
30, 0.15000000000000002, 19, 0.2, 7550, 0.0025
30, 0.15000000000000002, 19, 0.2, 7551, 0.0025
30, 0.15000000000000002, 19, 0.2, 7552, 0.0025
30, 0.15000000000000002, 19, 0.2, 7553, 0.0025
30, 0.15000000000000002, 18, 0.03499999999999914, 7555, 0.0025
30, 0.15000000000000002, 18, 0.03499999999999914, 7556, 0.0025
30, 0.15000000000000002, 14, 0.03249999999999974, 7681, 0.0025
30, 0.15000000000000002, 19, 0.2, 7684, 0.0025
30, 0.15000000000000002, 19, 0.2, 7685, 0.0025
30, 0.15000000000000002, 19, 0.2, 7686, 0.0025
30, 0.15000000000000002, 19, 0.2, 7687, 0.0025
30, 0.15000000000000002, 19, 0.2, 7688, 0.0025
30, 0.15000000000000002, 19, 0.2, 7689, 0.0025
30, 0.15000000000000002, 19, 0.2, 7690, 0.0025
30, 0.15000000000000002, 18, 0.03499999999999914, 7693, 0.0025
30, 0.15000000000000002, 18, 0.03499999999999914, 7694, 0.0025
30, 0.15000000000000002, 19, 0.2, 7824, 0.0025
30, 0.15000000000000002, 18, 0.03499999999999914, 7832, 0.0025
30, 0.15000000000000002, 18, 0.03499999999999914, 7833, 0.0025
30, 0.15000000000000002, 18, 0.03499999999999914, 7971, 0.0025
30, 0.15000000000000002, 18, 0.03499999999999914, 7972, 0.0025
30, 0.15000000000000002, 25, 0.05, 9428, 0.0025
30, 0.15000000000000002, 25, 0.05, 9577, 0.0025
30, 0.15000000000000002, 25, 0.05, 9578, 0.0025
30, 0.15000000000000002, 25, 0.05, 9717, 0.0025
30, 0.15000000000000002, 25, 0.05, 9718, 0.0025
30, 0.15000000000000002, 25, 0.05, 9719, 0.0025
30, 0.15000000000000002, 25, 0.05, 9720, 0.0025
30, 0.15000000000000002, 25, 0.05, 9847, 0.0025
30, 0.15000000000000002, 25, 0.05, 9849, 0.0025
30, 0.15000000000000002, 25, 0.05, 9850, 0.0025
30, 0.15000000000000002, 25, 0.05, 9851, 0.0025
30, 0.15000000000000002, 25, 0.05, 9852, 0.0025
30, 0.15000000000000002, 25, 0.05, 9975, 0.0025
30, 0.15000000000000002, 25, 0.05, 10090, 0.0025
30, 0.15000000000000002, 25, 0.05, 10093, 0.0025
30, 0.15000000000000002, 25, 0.05, 10203, 0.0025
30, 0.15000000000000002, 25, 0.05, 10204, 0.0025
30, 0.15000000000000002, 25, 0.05, 10205, 0.0025
30, 0.15000000000000002, 25, 0.05, 10206, 0.0025
30, 0.15000000000000002, 25, 0.05, 10321, 0.0025
30, 0.15000000000000002, 25, 0.05, 10322, 0.0025
30, 0.15000000000000002, 31, 0.0325, 11242, 0.0025
30, 0.15000000000000002, 31, 0.0325, 11353, 0.0025
30, 0.15000000000000002, 31, 0.0325, 11469, 0.0025
30, 0.15000000000000002, 31, 0.0325, 11580, 0.0025
30, 0.15000000000000002, 31, 0.0325, 11581, 0.0025
30, 0.15000000000000002, 31, 0.0325, 11582, 0.0025
30, 0.15000000000000002, 31, 0.0325, 11694, 0.0025
30, 0.15000000000000002, 31, 0.0325, 11695, 0.0025
30, 0.15000000000000002, 31, 0.0325, 11696, 0.0025
30, 0.15000000000000002, 31, 0.0325, 11807, 0.0025
30, 0.15000000000000002, 31, 0.0325, 11808, 0.0025
30, 0.15000000000000002, 31, 0.0325, 11809, 0.0025
30, 0.15000000000000002, 31, 0.0325, 11810, 0.0025
30, 0.15000000000000002, 31, 0.0325, 11921, 0.0025
30, 0.15000000000000002, 34, 0.0325, 15478, 0.0025
30, 0.15000000000000002, 34, 0.0325, 15479, 0.0025
30, 0.15000000000000002, 30, 0.0325, 15613, 0.0025
30, 0.15000000000000002, 34, 0.0325, 15708, 0.0025
30, 0.15000000000000002, 34, 0.0325, 15710, 0.0025
30, 0.15000000000000002, 30, 0.0325, 15732, 0.0025
30, 0.15000000000000002, 34, 0.0325, 15828, 0.0025
30, 0.15000000000000002, 34, 0.0325, 15829, 0.0025
30, 0.15000000000000002, 34, 0.0325, 15830, 0.0025
30, 0.15000000000000002, 30, 0.0325, 15847, 0.0025
30, 0.15000000000000002, 30, 0.0325, 15849, 0.0025
30, 0.15000000000000002, 30, 0.0325, 15964, 0.0025
30, 0.15000000000000002, 34, 0.0325, 16065, 0.0025
30, 0.15000000000000002, 30, 0.0325, 16084, 0.0025
30, 0.15000000000000002, 34, 0.0325, 16181, 0.0025
30, 0.15000000000000002, 34, 0.0325, 16182, 0.0025
30, 0.15000000000000002, 30, 0.0325, 16203, 0.0025
30, 0.15000000000000002, 34, 0.0325, 16299, 0.0025
30, 0.15000000000000002, 33, 0.0325, 16311, 0.0025
30, 0.15000000000000002, 30, 0.0325, 16317, 0.0025
30, 0.15000000000000002, 30, 0.0325, 16321, 0.0025
30, 0.15000000000000002, 30, 0.0325, 16322, 0.0025
30, 0.15000000000000002, 34, 0.0325, 16411, 0.0025
30, 0.15000000000000002, 30, 0.0325, 16431, 0.0025
30, 0.15000000000000002, 30, 0.0325, 16434, 0.0025
30, 0.15000000000000002, 33, 0.0325, 16536, 0.0025
30, 0.15000000000000002, 33, 0.0325, 16537, 0.0025
30, 0.15000000000000002, 33, 0.0325, 16645, 0.0025
30, 0.15000000000000002, 33, 0.0325, 16646, 0.0025
30, 0.15000000000000002, 33, 0.0325, 16648, 0.0025
30, 0.15000000000000002, 30, 0.0325, 16657, 0.0025
30, 0.15000000000000002, 30, 0.0325, 16761, 0.0025
30, 0.15000000000000002, 33, 0.0325, 16860, 0.0025
30, 0.15000000000000002, 33, 0.0325, 16863, 0.0025
30, 0.15000000000000002, 33, 0.0325, 16865, 0.0025
30, 0.15000000000000002, 33, 0.0325, 16866, 0.0025
30, 0.15000000000000002, 33, 0.0325, 16868, 0.0025
30, 0.15000000000000002, 38, 0.0325, 16879, 0.0025
30, 0.15000000000000002, 33, 0.0325, 16974, 0.0025
30, 0.15000000000000002, 38, 0.0325, 16990, 0.0025
30, 0.15000000000000002, 38, 0.0325, 16991, 0.0025
30, 0.15000000000000002, 41, 0.0325, 17092, 0.0025
30, 0.15000000000000002, 38, 0.0325, 17098, 0.0025
30, 0.15000000000000002, 33, 0.0325, 17184, 0.0025
30, 0.15000000000000002, 41, 0.0325, 17190, 0.0025
30, 0.15000000000000002, 38, 0.0325, 17201, 0.0025
30, 0.15000000000000002, 38, 0.0325, 17203, 0.0025
30, 0.15000000000000002, 41, 0.0325, 17295, 0.0025
30, 0.15000000000000002, 41, 0.0325, 17299, 0.0025
30, 0.15000000000000002, 38, 0.0325, 17304, 0.0025
30, 0.15000000000000002, 38, 0.0325, 17305, 0.0025
30, 0.15000000000000002, 38, 0.0325, 17306, 0.0025
30, 0.15000000000000002, 34, 0.0325, 17383, 0.0025
30, 0.15000000000000002, 41, 0.0325, 17395, 0.0025
30, 0.15000000000000002, 41, 0.0325, 17401, 0.0025
30, 0.15000000000000002, 41, 0.0325, 17402, 0.0025
30, 0.15000000000000002, 38, 0.0325, 17407, 0.0025
30, 0.15000000000000002, 38, 0.0325, 17408, 0.0025
30, 0.15000000000000002, 38, 0.0325, 17409, 0.0025
30, 0.15000000000000002, 34, 0.0325, 17487, 0.0025
30, 0.15000000000000002, 41, 0.0325, 17503, 0.0025
30, 0.15000000000000002, 41, 0.0325, 17505, 0.0025
30, 0.15000000000000002, 41, 0.0325, 17506, 0.0025
30, 0.15000000000000002, 38, 0.0325, 17512, 0.0025
30, 0.15000000000000002, 41, 0.0325, 17602, 0.0025
30, 0.15000000000000002, 41, 0.0325, 17603, 0.0025
30, 0.15000000000000002, 41, 0.0325, 17605, 0.0025
30, 0.15000000000000002, 38, 0.0325, 17612, 0.0025
30, 0.15000000000000002, 33, 0.0325, 17691, 0.0025
30, 0.15000000000000002, 41, 0.0325, 17700, 0.0025
30, 0.15000000000000002, 144, 0.0325, 65978, 0.0025
30, 0.15000000000000002, 144, 0.0325, 66118, 0.0025
30, 0.15000000000000002, 144, 0.0325, 66249, 0.0025
30, 0.15000000000000002, 144, 0.0325, 66251, 0.0025
30, 0.15000000000000002, 144, 0.0325, 66258, 0.0025
30, 0.15000000000000002, 144, 0.0325, 66259, 0.0025
30, 0.15000000000000002, 144, 0.0325, 66387, 0.0025
30, 0.15000000000000002, 144, 0.0325, 66390, 0.0025
30, 0.15000000000000002, 144, 0.0325, 66393, 0.0025
30, 0.15000000000000002, 144, 0.0325, 66523, 0.0025
30, 0.15000000000000002, 144, 0.0325, 66524, 0.0025
30, 0.15000000000000002, 144, 0.0325, 66787, 0.0025
30, 0.15000000000000002, 144, 0.0325, 66788, 0.0025
30, 0.15000000000000002, 144, 0.0325, 66915, 0.0025
30, 0.2, 1, 0.03249999999999992, 1408, 0.0025
30, 0.2, 1, 0.03249999999999992, 1409, 0.0025
30, 0.2, 1, 0.03249999999999992, 1410, 0.0025
30, 0.2, 1, 0.03249999999999992, 1483, 0.0025
30, 0.2, 1, 0.03249999999999992, 1484, 0.0025
30, 0.2, 1, 0.03249999999999992, 1485, 0.0025
30, 0.2, 1, 0.03249999999999992, 1486, 0.0025
30, 0.2, 2, 0.0325, 1551, 0.0025
30, 0.2, 1, 0.03249999999999992, 1560, 0.0025
30, 0.2, 1, 0.03249999999999992, 1561, 0.0025
30, 0.2, 1, 0.03249999999999992, 1562, 0.0025
30, 0.2, 1, 0.03249999999999992, 1563, 0.0025
30, 0.2, 1, 0.03249999999999992, 1641, 0.0025
30, 0.2, 1, 0.03249999999999992, 1642, 0.0025
30, 0.2, 2, 0.0325, 1712, 0.0025
30, 0.2, 1, 0.03249999999999992, 1724, 0.0025
30, 0.2, 6, 0.03249999999999989, 1744, 0.0025
30, 0.2, 6, 0.03249999999999989, 1832, 0.0025
30, 0.2, 6, 0.03249999999999989, 1834, 0.0025
30, 0.2, 6, 0.03249999999999989, 1835, 0.0025
30, 0.2, 2, 0.0325, 1884, 0.0025
30, 0.2, 6, 0.03249999999999989, 1922, 0.0025
30, 0.2, 6, 0.03249999999999989, 1923, 0.0025
30, 0.2, 6, 0.03249999999999989, 1924, 0.0025
30, 0.2, 2, 0.0325, 1971, 0.0025
30, 0.2, 2, 0.0325, 1972, 0.0025
30, 0.2, 2, 0.0325, 1973, 0.0025
30, 0.2, 2, 0.0325, 1974, 0.0025
30, 0.2, 6, 0.03249999999999989, 2016, 0.0025
30, 0.2, 6, 0.03249999999999989, 2017, 0.0025
30, 0.2, 2, 0.0325, 2064, 0.0025
30, 0.2, 2, 0.0325, 2065, 0.0025
30, 0.2, 2, 0.0325, 2066, 0.0025
30, 0.2, 2, 0.0325, 2067, 0.0025
30, 0.2, 10, 0.0325, 2101, 0.0025
30, 0.2, 6, 0.03249999999999989, 2111, 0.0025
30, 0.2, 2, 0.0325, 2160, 0.0025
30, 0.2, 2, 0.0325, 2161, 0.0025
30, 0.2, 2, 0.0325, 2259, 0.0025
30, 0.2, 10, 0.0325, 2399, 0.0025
30, 0.2, 10, 0.0325, 2400, 0.0025
30, 0.2, 5, 0.0325, 2535, 0.0025
30, 0.2, 5, 0.0325, 2536, 0.0025
30, 0.2, 5, 0.0325, 2537, 0.0025
30, 0.2, 3, 0.0325, 2547, 0.0025
30, 0.2, 3, 0.0325, 2548, 0.0025
30, 0.2, 3, 0.0325, 2549, 0.0025
30, 0.2, 10, 0.0325, 2604, 0.0025
30, 0.2, 10, 0.0325, 2605, 0.0025
30, 0.2, 3, 0.0325, 2650, 0.0025
30, 0.2, 3, 0.0325, 2651, 0.0025
30, 0.2, 3, 0.0325, 2754, 0.0025
30, 0.2, 3, 0.0325, 2755, 0.0025
30, 0.2, 10, 0.0325, 2813, 0.0025
30, 0.2, 10, 0.0325, 2815, 0.0025
30, 0.2, 3, 0.0325, 2860, 0.0025
30, 0.2, 10, 0.0325, 2920, 0.0025
30, 0.2, 10, 0.0325, 3136, 0.0025
30, 0.2, 10, 0.0325, 3243, 0.0025
30, 0.2, 6, 0.03249999999999989, 3258, 0.0025
30, 0.2, 5, 0.0325, 3273, 0.0025
30, 0.2, 5, 0.0325, 3274, 0.0025
30, 0.2, 5, 0.0325, 3275, 0.0025
30, 0.2, 4, 0.0325, 3322, 0.0025
30, 0.2, 4, 0.0325, 3325, 0.0025
30, 0.2, 4, 0.0325, 3326, 0.0025
30, 0.2, 10, 0.0325, 3352, 0.0025
30, 0.2, 6, 0.03249999999999989, 3366, 0.0025
30, 0.2, 6, 0.03249999999999989, 3367, 0.0025
30, 0.2, 5, 0.0325, 3382, 0.0025
30, 0.2, 5, 0.0325, 3383, 0.0025
30, 0.2, 3, 0.0325, 3394, 0.0025
30, 0.2, 3, 0.0325, 3395, 0.0025
30, 0.2, 3, 0.0325, 3396, 0.0025
30, 0.2, 5, 0.0325, 3493, 0.0025
30, 0.2, 5, 0.0325, 3494, 0.0025
30, 0.2, 3, 0.0325, 3506, 0.0025
30, 0.2, 3, 0.0325, 3507, 0.0025
30, 0.2, 4, 0.0325, 3544, 0.0025
30, 0.2, 4, 0.0325, 3545, 0.0025
30, 0.2, 10, 0.0325, 3575, 0.0025
30, 0.2, 6, 0.03249999999999989, 3589, 0.0025
30, 0.2, 5, 0.0325, 3604, 0.0025
30, 0.2, 3, 0.0325, 3618, 0.0025
30, 0.2, 4, 0.0325, 3651, 0.0025
30, 0.2, 4, 0.0325, 3653, 0.0025
30, 0.2, 10, 0.0325, 3686, 0.0025
30, 0.2, 5, 0.0325, 3715, 0.0025
30, 0.2, 5, 0.0325, 3716, 0.0025
30, 0.2, 4, 0.0325, 3765, 0.0025
30, 0.2, 4, 0.0325, 3767, 0.0025
30, 0.2, 10, 0.0325, 3802, 0.0025
30, 0.2, 12, 0.03249999999999992, 3843, 0.0025
30, 0.2, 12, 0.03249999999999992, 3844, 0.0025
30, 0.2, 4, 0.0325, 3877, 0.0025
30, 0.2, 4, 0.0325, 3880, 0.0025
30, 0.2, 5, 0.0325, 3943, 0.0025
30, 0.2, 12, 0.03249999999999992, 3957, 0.0025
30, 0.2, 12, 0.03249999999999992, 3958, 0.0025
30, 0.2, 4, 0.0325, 3992, 0.0025
30, 0.2, 4, 0.0325, 3993, 0.0025
30, 0.2, 4, 0.0325, 3997, 0.0025
30, 0.2, 12, 0.03249999999999992, 4072, 0.0025
30, 0.2, 12, 0.03249999999999992, 4073, 0.0025
30, 0.2, 12, 0.03249999999999992, 4188, 0.0025
30, 0.2, 12, 0.03249999999999992, 4189, 0.0025
30, 0.2, 12, 0.03249999999999992, 4305, 0.0025
30, 0.2, 12, 0.03249999999999992, 4306, 0.0025
30, 0.2, 12, 0.03249999999999992, 4423, 0.0025
30, 0.2, 12, 0.03249999999999992, 4424, 0.0025
30, 0.2, 8, 0.0325, 4440, 0.0025
30, 0.2, 12, 0.03249999999999992, 4542, 0.0025
30, 0.2, 8, 0.0325, 4558, 0.0025
30, 0.2, 8, 0.0325, 4677, 0.0025
30, 0.2, 8, 0.0325, 4678, 0.0025
30, 0.2, 7, 0.03249999999999992, 4691, 0.0025
30, 0.2, 12, 0.03249999999999992, 4783, 0.0025
30, 0.2, 8, 0.0325, 4798, 0.0025
30, 0.2, 8, 0.0325, 4799, 0.0025
30, 0.2, 7, 0.03249999999999992, 4811, 0.0025
30, 0.2, 8, 0.0325, 4919, 0.0025
30, 0.2, 7, 0.03249999999999992, 4931, 0.0025
30, 0.2, 7, 0.03249999999999992, 4932, 0.0025
30, 0.2, 8, 0.0325, 5041, 0.0025
30, 0.2, 8, 0.0325, 5042, 0.0025
30, 0.2, 7, 0.03249999999999992, 5054, 0.0025
30, 0.2, 8, 0.0325, 5164, 0.0025
30, 0.2, 7, 0.03249999999999992, 5175, 0.0025
30, 0.2, 7, 0.03249999999999992, 5176, 0.0025
30, 0.2, 7, 0.03249999999999992, 5177, 0.0025
30, 0.2, 8, 0.0325, 5287, 0.0025
30, 0.2, 8, 0.0325, 5288, 0.0025
30, 0.2, 7, 0.03249999999999992, 5299, 0.0025
30, 0.2, 7, 0.03249999999999992, 5300, 0.0025
30, 0.2, 8, 0.0325, 5413, 0.0025
30, 0.2, 7, 0.03249999999999992, 5424, 0.0025
30, 0.2, 7, 0.03249999999999992, 5425, 0.0025
30, 0.2, 7, 0.03249999999999992, 5426, 0.0025
30, 0.2, 15, 0.0325, 5534, 0.0025
30, 0.2, 8, 0.0325, 5539, 0.0025
30, 0.2, 7, 0.03249999999999992, 5551, 0.0025
30, 0.2, 15, 0.0325, 5661, 0.0025
30, 0.2, 16, 0.0325, 5678, 0.0025
30, 0.2, 15, 0.0325, 5790, 0.0025
30, 0.2, 16, 0.0325, 5806, 0.0025
30, 0.2, 15, 0.0325, 5918, 0.0025
30, 0.2, 15, 0.0325, 5919, 0.0025
30, 0.2, 16, 0.0325, 5934, 0.0025
30, 0.2, 15, 0.0325, 6047, 0.0025
30, 0.2, 15, 0.0325, 6048, 0.0025
30, 0.2, 15, 0.0325, 6049, 0.0025
30, 0.2, 16, 0.0325, 6063, 0.0025
30, 0.2, 15, 0.0325, 6177, 0.0025
30, 0.2, 15, 0.0325, 6178, 0.0025
30, 0.2, 16, 0.0325, 6192, 0.0025
30, 0.2, 9, 0.0325, 6210, 0.0025
30, 0.2, 9, 0.0325, 6211, 0.0025
30, 0.2, 9, 0.0325, 6212, 0.0025
30, 0.2, 9, 0.0325, 6213, 0.0025
30, 0.2, 15, 0.0325, 6308, 0.0025
30, 0.2, 15, 0.0325, 6309, 0.0025
30, 0.2, 16, 0.0325, 6323, 0.0025
30, 0.2, 9, 0.0325, 6342, 0.0025
30, 0.2, 9, 0.0325, 6343, 0.0025
30, 0.2, 9, 0.0325, 6344, 0.0025
30, 0.2, 9, 0.0325, 6345, 0.0025
30, 0.2, 9, 0.0325, 6346, 0.0025
30, 0.2, 9, 0.0325, 6347, 0.0025
30, 0.2, 16, 0.0325, 6454, 0.0025
30, 0.2, 19, 0.1725, 6473, 0.0025
30, 0.2, 19, 0.1725, 6474, 0.0025
30, 0.2, 19, 0.1725, 6475, 0.0025
30, 0.2, 9, 0.0325, 6476, 0.0025
30, 0.2, 9, 0.0325, 6477, 0.0025
30, 0.2, 9, 0.0325, 6478, 0.0025
30, 0.2, 15, 0.0325, 6572, 0.0025
30, 0.2, 16, 0.0325, 6586, 0.0025
30, 0.2, 14, 0.03249999999999992, 6601, 0.0025
30, 0.2, 19, 0.1725, 6604, 0.0025
30, 0.2, 19, 0.1725, 6605, 0.0025
30, 0.2, 19, 0.1725, 6606, 0.0025
30, 0.2, 19, 0.1725, 6607, 0.0025
30, 0.2, 19, 0.1725, 6608, 0.0025
30, 0.2, 9, 0.0325, 6611, 0.0025
30, 0.2, 15, 0.0325, 6705, 0.0025
30, 0.2, 16, 0.0325, 6719, 0.0025
30, 0.2, 14, 0.03249999999999992, 6733, 0.0025
30, 0.2, 14, 0.03249999999999992, 6734, 0.0025
30, 0.2, 19, 0.1725, 6736, 0.0025
30, 0.2, 19, 0.1725, 6737, 0.0025
30, 0.2, 19, 0.1725, 6738, 0.0025
30, 0.2, 19, 0.1725, 6739, 0.0025
30, 0.2, 19, 0.1725, 6740, 0.0025
30, 0.2, 19, 0.1725, 6741, 0.0025
30, 0.2, 16, 0.0325, 6852, 0.0025
30, 0.2, 14, 0.03249999999999992, 6866, 0.0025
30, 0.2, 14, 0.03249999999999992, 6867, 0.0025
30, 0.2, 19, 0.1725, 6869, 0.0025
30, 0.2, 19, 0.1725, 6870, 0.0025
30, 0.2, 19, 0.1725, 6871, 0.0025
30, 0.2, 19, 0.1725, 6872, 0.0025
30, 0.2, 19, 0.1725, 6873, 0.0025
30, 0.2, 19, 0.1725, 6874, 0.0025
30, 0.2, 19, 0.1725, 6875, 0.0025
30, 0.2, 18, 0.0325, 6878, 0.0025
30, 0.2, 16, 0.0325, 6986, 0.0025
30, 0.2, 14, 0.03249999999999992, 6999, 0.0025
30, 0.2, 14, 0.03249999999999992, 7000, 0.0025
30, 0.2, 19, 0.1725, 7004, 0.0025
30, 0.2, 19, 0.1725, 7005, 0.0025
30, 0.2, 19, 0.1725, 7006, 0.0025
30, 0.2, 19, 0.1725, 7007, 0.0025
30, 0.2, 19, 0.1725, 7008, 0.0025
30, 0.2, 19, 0.1725, 7009, 0.0025
30, 0.2, 18, 0.0325, 7012, 0.0025
30, 0.2, 16, 0.0325, 7119, 0.0025
30, 0.2, 16, 0.0325, 7120, 0.0025
30, 0.2, 14, 0.03249999999999992, 7133, 0.0025
30, 0.2, 14, 0.03249999999999992, 7134, 0.0025
30, 0.2, 19, 0.1725, 7137, 0.0025
30, 0.2, 19, 0.1725, 7138, 0.0025
30, 0.2, 19, 0.1725, 7139, 0.0025
30, 0.2, 19, 0.1725, 7140, 0.0025
30, 0.2, 19, 0.1725, 7141, 0.0025
30, 0.2, 19, 0.1725, 7142, 0.0025
30, 0.2, 19, 0.1725, 7143, 0.0025
30, 0.2, 19, 0.1725, 7144, 0.0025
30, 0.2, 18, 0.0325, 7146, 0.0025
30, 0.2, 18, 0.0325, 7147, 0.0025
30, 0.2, 16, 0.0325, 7256, 0.0025
30, 0.2, 14, 0.03249999999999992, 7269, 0.0025
30, 0.2, 14, 0.03249999999999992, 7270, 0.0025
30, 0.2, 19, 0.1725, 7271, 0.0025
30, 0.2, 19, 0.1725, 7272, 0.0025
30, 0.2, 19, 0.1725, 7273, 0.0025
30, 0.2, 19, 0.1725, 7274, 0.0025
30, 0.2, 19, 0.1725, 7275, 0.0025
30, 0.2, 19, 0.1725, 7276, 0.0025
30, 0.2, 19, 0.1725, 7277, 0.0025
30, 0.2, 19, 0.1725, 7278, 0.0025
30, 0.2, 19, 0.1725, 7279, 0.0025
30, 0.2, 19, 0.1725, 7280, 0.0025
30, 0.2, 19, 0.1725, 7281, 0.0025
30, 0.2, 18, 0.0325, 7282, 0.0025
30, 0.2, 18, 0.0325, 7283, 0.0025
30, 0.2, 19, 0.1725, 7408, 0.0025
30, 0.2, 19, 0.1725, 7409, 0.0025
30, 0.2, 19, 0.1725, 7410, 0.0025
30, 0.2, 19, 0.1725, 7411, 0.0025
30, 0.2, 19, 0.1725, 7412, 0.0025
30, 0.2, 19, 0.1725, 7413, 0.0025
30, 0.2, 19, 0.1725, 7414, 0.0025
30, 0.2, 19, 0.1725, 7415, 0.0025
30, 0.2, 19, 0.1725, 7416, 0.0025
30, 0.2, 18, 0.0325, 7418, 0.0025
30, 0.2, 14, 0.03249999999999992, 7542, 0.0025
30, 0.2, 14, 0.03249999999999992, 7543, 0.0025
30, 0.2, 19, 0.1725, 7545, 0.0025
30, 0.2, 19, 0.1725, 7546, 0.0025
30, 0.2, 19, 0.1725, 7547, 0.0025
30, 0.2, 19, 0.1725, 7548, 0.0025
30, 0.2, 19, 0.1725, 7549, 0.0025
30, 0.2, 19, 0.1725, 7550, 0.0025
30, 0.2, 19, 0.1725, 7551, 0.0025
30, 0.2, 19, 0.1725, 7552, 0.0025
30, 0.2, 19, 0.1725, 7553, 0.0025
30, 0.2, 18, 0.0325, 7555, 0.0025
30, 0.2, 18, 0.0325, 7556, 0.0025
30, 0.2, 14, 0.03249999999999992, 7681, 0.0025
30, 0.2, 19, 0.1725, 7684, 0.0025
30, 0.2, 19, 0.1725, 7686, 0.0025
30, 0.2, 19, 0.1725, 7687, 0.0025
30, 0.2, 19, 0.1725, 7688, 0.0025
30, 0.2, 19, 0.1725, 7689, 0.0025
30, 0.2, 18, 0.0325, 7693, 0.0025
30, 0.2, 18, 0.0325, 7694, 0.0025
30, 0.2, 19, 0.1725, 7824, 0.0025
30, 0.2, 18, 0.0325, 7832, 0.0025
30, 0.2, 18, 0.0325, 7971, 0.0025
30, 0.2, 18, 0.0325, 7972, 0.0025
30, 0.2, 25, 0.0475000000000006, 9428, 0.0025
30, 0.2, 25, 0.0475000000000006, 9577, 0.0025
30, 0.2, 25, 0.0475000000000006, 9578, 0.0025
30, 0.2, 25, 0.0475000000000006, 9717, 0.0025
30, 0.2, 25, 0.0475000000000006, 9718, 0.0025
30, 0.2, 25, 0.0475000000000006, 9719, 0.0025
30, 0.2, 25, 0.0475000000000006, 9720, 0.0025
30, 0.2, 25, 0.0475000000000006, 9847, 0.0025
30, 0.2, 25, 0.0475000000000006, 9849, 0.0025
30, 0.2, 25, 0.0475000000000006, 9850, 0.0025
30, 0.2, 25, 0.0475000000000006, 9851, 0.0025
30, 0.2, 25, 0.0475000000000006, 9852, 0.0025
30, 0.2, 25, 0.0475000000000006, 9975, 0.0025
30, 0.2, 25, 0.0475000000000006, 10090, 0.0025
30, 0.2, 25, 0.0475000000000006, 10093, 0.0025
30, 0.2, 25, 0.0475000000000006, 10203, 0.0025
30, 0.2, 25, 0.0475000000000006, 10204, 0.0025
30, 0.2, 25, 0.0475000000000006, 10205, 0.0025
30, 0.2, 25, 0.0475000000000006, 10206, 0.0025
30, 0.2, 25, 0.0475000000000006, 10322, 0.0025
30, 0.2, 31, 0.0324999999999999, 11242, 0.0025
30, 0.2, 31, 0.0324999999999999, 11353, 0.0025
30, 0.2, 31, 0.0324999999999999, 11469, 0.0025
30, 0.2, 31, 0.0324999999999999, 11580, 0.0025
30, 0.2, 31, 0.0324999999999999, 11581, 0.0025
30, 0.2, 31, 0.0324999999999999, 11582, 0.0025
30, 0.2, 31, 0.0324999999999999, 11694, 0.0025
30, 0.2, 31, 0.0324999999999999, 11695, 0.0025
30, 0.2, 31, 0.0324999999999999, 11696, 0.0025
30, 0.2, 31, 0.0324999999999999, 11807, 0.0025
30, 0.2, 31, 0.0324999999999999, 11808, 0.0025
30, 0.2, 31, 0.0324999999999999, 11809, 0.0025
30, 0.2, 31, 0.0324999999999999, 11810, 0.0025
30, 0.2, 31, 0.0324999999999999, 11921, 0.0025
30, 0.2, 34, 0.0325, 15478, 0.0025
30, 0.2, 34, 0.0325, 15479, 0.0025
30, 0.2, 30, 0.0325, 15613, 0.0025
30, 0.2, 34, 0.0325, 15708, 0.0025
30, 0.2, 34, 0.0325, 15710, 0.0025
30, 0.2, 30, 0.0325, 15732, 0.0025
30, 0.2, 34, 0.0325, 15828, 0.0025
30, 0.2, 34, 0.0325, 15829, 0.0025
30, 0.2, 34, 0.0325, 15830, 0.0025
30, 0.2, 30, 0.0325, 15847, 0.0025
30, 0.2, 30, 0.0325, 15849, 0.0025
30, 0.2, 30, 0.0325, 15964, 0.0025
30, 0.2, 34, 0.0325, 16065, 0.0025
30, 0.2, 30, 0.0325, 16084, 0.0025
30, 0.2, 34, 0.0325, 16181, 0.0025
30, 0.2, 34, 0.0325, 16182, 0.0025
30, 0.2, 30, 0.0325, 16203, 0.0025
30, 0.2, 34, 0.0325, 16299, 0.0025
30, 0.2, 33, 0.0325, 16311, 0.0025
30, 0.2, 30, 0.0325, 16317, 0.0025
30, 0.2, 30, 0.0325, 16321, 0.0025
30, 0.2, 30, 0.0325, 16322, 0.0025
30, 0.2, 34, 0.0325, 16411, 0.0025
30, 0.2, 30, 0.0325, 16431, 0.0025
30, 0.2, 30, 0.0325, 16434, 0.0025
30, 0.2, 33, 0.0325, 16536, 0.0025
30, 0.2, 33, 0.0325, 16537, 0.0025
30, 0.2, 33, 0.0325, 16645, 0.0025
30, 0.2, 33, 0.0325, 16646, 0.0025
30, 0.2, 33, 0.0325, 16648, 0.0025
30, 0.2, 30, 0.0325, 16657, 0.0025
30, 0.2, 30, 0.0325, 16761, 0.0025
30, 0.2, 33, 0.0325, 16860, 0.0025
30, 0.2, 33, 0.0325, 16863, 0.0025
30, 0.2, 33, 0.0325, 16865, 0.0025
30, 0.2, 33, 0.0325, 16866, 0.0025
30, 0.2, 33, 0.0325, 16868, 0.0025
30, 0.2, 38, 0.0325, 16879, 0.0025
30, 0.2, 33, 0.0325, 16974, 0.0025
30, 0.2, 38, 0.0325, 16990, 0.0025
30, 0.2, 38, 0.0325, 16991, 0.0025
30, 0.2, 41, 0.03249999999999992, 17092, 0.0025
30, 0.2, 38, 0.0325, 17098, 0.0025
30, 0.2, 33, 0.0325, 17184, 0.0025
30, 0.2, 41, 0.03249999999999992, 17190, 0.0025
30, 0.2, 38, 0.0325, 17201, 0.0025
30, 0.2, 38, 0.0325, 17203, 0.0025
30, 0.2, 41, 0.03249999999999992, 17295, 0.0025
30, 0.2, 41, 0.03249999999999992, 17299, 0.0025
30, 0.2, 38, 0.0325, 17304, 0.0025
30, 0.2, 38, 0.0325, 17305, 0.0025
30, 0.2, 38, 0.0325, 17306, 0.0025
30, 0.2, 34, 0.0325, 17383, 0.0025
30, 0.2, 41, 0.03249999999999992, 17395, 0.0025
30, 0.2, 41, 0.03249999999999992, 17401, 0.0025
30, 0.2, 41, 0.03249999999999992, 17402, 0.0025
30, 0.2, 38, 0.0325, 17407, 0.0025
30, 0.2, 38, 0.0325, 17408, 0.0025
30, 0.2, 38, 0.0325, 17409, 0.0025
30, 0.2, 34, 0.0325, 17487, 0.0025
30, 0.2, 41, 0.03249999999999992, 17503, 0.0025
30, 0.2, 41, 0.03249999999999992, 17505, 0.0025
30, 0.2, 41, 0.03249999999999992, 17506, 0.0025
30, 0.2, 38, 0.0325, 17512, 0.0025
30, 0.2, 41, 0.03249999999999992, 17602, 0.0025
30, 0.2, 41, 0.03249999999999992, 17603, 0.0025
30, 0.2, 41, 0.03249999999999992, 17605, 0.0025
30, 0.2, 38, 0.0325, 17612, 0.0025
30, 0.2, 33, 0.0325, 17691, 0.0025
30, 0.2, 41, 0.03249999999999992, 17700, 0.0025
30, 0.2, 121, 0.0325, 55186, 0.0025
30, 0.2, 121, 0.0325, 55326, 0.0025
30, 0.2, 121, 0.0325, 55330, 0.0025
30, 0.2, 121, 0.0325, 55617, 0.0025
30, 0.2, 121, 0.0325, 55756, 0.0025
30, 0.2, 121, 0.0325, 55757, 0.0025
30, 0.2, 121, 0.0325, 55759, 0.0025
30, 0.2, 121, 0.0325, 55902, 0.0025
30, 0.2, 121, 0.0325, 55903, 0.0025
30, 0.2, 121, 0.0325, 55904, 0.0025
30, 0.2, 121, 0.0325, 56487, 0.0025
30, 0.2, 121, 0.0325, 56633, 0.0025
30, 0.2, 121, 0.0325, 56783, 0.0025
30, 0.2, 121, 0.0325, 56784, 0.0025
30, 0.2, 131, 0.0325, 64207, 0.0025
30, 0.2, 131, 0.0325, 64208, 0.0025
30, 0.2, 131, 0.0325, 64209, 0.0025
30, 0.2, 131, 0.0325, 64211, 0.0025
30, 0.2, 131, 0.0325, 64212, 0.0025
30, 0.2, 131, 0.0325, 64213, 0.0025
30, 0.2, 131, 0.0325, 64368, 0.0025
30, 0.2, 131, 0.0325, 64369, 0.0025
30, 0.2, 131, 0.0325, 64370, 0.0025
30, 0.2, 131, 0.0325, 64371, 0.0025
30, 0.2, 131, 0.0325, 64526, 0.0025
30, 0.2, 131, 0.0325, 64527, 0.0025
30, 0.2, 131, 0.0325, 64677, 0.0025
30, 0.2, 131, 0.0325, 64678, 0.0025
30, 0.2, 144, 0.0325, 65978, 0.0025
30, 0.2, 144, 0.0325, 66118, 0.0025
30, 0.2, 144, 0.0325, 66249, 0.0025
30, 0.2, 144, 0.0325, 66251, 0.0025
30, 0.2, 144, 0.0325, 66258, 0.0025
30, 0.2, 144, 0.0325, 66259, 0.0025
30, 0.2, 144, 0.0325, 66387, 0.0025
30, 0.2, 144, 0.0325, 66390, 0.0025
30, 0.2, 144, 0.0325, 66393, 0.0025
30, 0.2, 144, 0.0325, 66523, 0.0025
30, 0.2, 144, 0.0325, 66524, 0.0025
30, 0.2, 144, 0.0325, 66787, 0.0025
30, 0.2, 144, 0.0325, 66788, 0.0025
30, 0.2, 144, 0.0325, 66915, 0.0025
30, 0.25, 1, 0.0325, 1408, 0.0025
30, 0.25, 1, 0.0325, 1409, 0.0025
30, 0.25, 1, 0.0325, 1410, 0.0025
30, 0.25, 1, 0.0325, 1483, 0.0025
30, 0.25, 1, 0.0325, 1484, 0.0025
30, 0.25, 1, 0.0325, 1485, 0.0025
30, 0.25, 1, 0.0325, 1486, 0.0025
30, 0.25, 2, 0.03249999999999992, 1551, 0.0025
30, 0.25, 1, 0.0325, 1560, 0.0025
30, 0.25, 1, 0.0325, 1561, 0.0025
30, 0.25, 1, 0.0325, 1562, 0.0025
30, 0.25, 1, 0.0325, 1563, 0.0025
30, 0.25, 1, 0.0325, 1641, 0.0025
30, 0.25, 1, 0.0325, 1642, 0.0025
30, 0.25, 2, 0.03249999999999992, 1712, 0.0025
30, 0.25, 1, 0.0325, 1724, 0.0025
30, 0.25, 6, 0.03249999999999992, 1744, 0.0025
30, 0.25, 6, 0.03249999999999992, 1832, 0.0025
30, 0.25, 6, 0.03249999999999992, 1834, 0.0025
30, 0.25, 6, 0.03249999999999992, 1835, 0.0025
30, 0.25, 2, 0.03249999999999992, 1884, 0.0025
30, 0.25, 6, 0.03249999999999992, 1922, 0.0025
30, 0.25, 6, 0.03249999999999992, 1923, 0.0025
30, 0.25, 6, 0.03249999999999992, 1924, 0.0025
30, 0.25, 2, 0.03249999999999992, 1971, 0.0025
30, 0.25, 2, 0.03249999999999992, 1972, 0.0025
30, 0.25, 2, 0.03249999999999992, 1973, 0.0025
30, 0.25, 2, 0.03249999999999992, 1974, 0.0025
30, 0.25, 6, 0.03249999999999992, 2016, 0.0025
30, 0.25, 6, 0.03249999999999992, 2017, 0.0025
30, 0.25, 2, 0.03249999999999992, 2064, 0.0025
30, 0.25, 2, 0.03249999999999992, 2065, 0.0025
30, 0.25, 2, 0.03249999999999992, 2066, 0.0025
30, 0.25, 2, 0.03249999999999992, 2067, 0.0025
30, 0.25, 10, 0.03249999999999992, 2101, 0.0025
30, 0.25, 6, 0.03249999999999992, 2111, 0.0025
30, 0.25, 2, 0.03249999999999992, 2160, 0.0025
30, 0.25, 2, 0.03249999999999992, 2161, 0.0025
30, 0.25, 2, 0.03249999999999992, 2259, 0.0025
30, 0.25, 10, 0.03249999999999992, 2399, 0.0025
30, 0.25, 10, 0.03249999999999992, 2400, 0.0025
30, 0.25, 5, 0.03249999999999992, 2535, 0.0025
30, 0.25, 5, 0.03249999999999992, 2536, 0.0025
30, 0.25, 5, 0.03249999999999992, 2537, 0.0025
30, 0.25, 3, 0.03249999999999992, 2547, 0.0025
30, 0.25, 3, 0.03249999999999992, 2548, 0.0025
30, 0.25, 3, 0.03249999999999992, 2549, 0.0025
30, 0.25, 10, 0.03249999999999992, 2604, 0.0025
30, 0.25, 10, 0.03249999999999992, 2605, 0.0025
30, 0.25, 3, 0.03249999999999992, 2650, 0.0025
30, 0.25, 3, 0.03249999999999992, 2651, 0.0025
30, 0.25, 3, 0.03249999999999992, 2754, 0.0025
30, 0.25, 3, 0.03249999999999992, 2755, 0.0025
30, 0.25, 10, 0.03249999999999992, 2813, 0.0025
30, 0.25, 10, 0.03249999999999992, 2815, 0.0025
30, 0.25, 3, 0.03249999999999992, 2860, 0.0025
30, 0.25, 10, 0.03249999999999992, 2920, 0.0025
30, 0.25, 10, 0.03249999999999992, 3136, 0.0025
30, 0.25, 10, 0.03249999999999992, 3243, 0.0025
30, 0.25, 6, 0.03249999999999992, 3258, 0.0025
30, 0.25, 5, 0.03249999999999992, 3273, 0.0025
30, 0.25, 5, 0.03249999999999992, 3274, 0.0025
30, 0.25, 5, 0.03249999999999992, 3275, 0.0025
30, 0.25, 4, 0.03249999999999992, 3322, 0.0025
30, 0.25, 4, 0.03249999999999992, 3325, 0.0025
30, 0.25, 4, 0.03249999999999992, 3326, 0.0025
30, 0.25, 10, 0.03249999999999992, 3352, 0.0025
30, 0.25, 6, 0.03249999999999992, 3366, 0.0025
30, 0.25, 6, 0.03249999999999992, 3367, 0.0025
30, 0.25, 5, 0.03249999999999992, 3382, 0.0025
30, 0.25, 5, 0.03249999999999992, 3383, 0.0025
30, 0.25, 3, 0.03249999999999992, 3394, 0.0025
30, 0.25, 3, 0.03249999999999992, 3395, 0.0025
30, 0.25, 3, 0.03249999999999992, 3396, 0.0025
30, 0.25, 5, 0.03249999999999992, 3493, 0.0025
30, 0.25, 5, 0.03249999999999992, 3494, 0.0025
30, 0.25, 3, 0.03249999999999992, 3506, 0.0025
30, 0.25, 3, 0.03249999999999992, 3507, 0.0025
30, 0.25, 4, 0.03249999999999992, 3544, 0.0025
30, 0.25, 4, 0.03249999999999992, 3545, 0.0025
30, 0.25, 10, 0.03249999999999992, 3575, 0.0025
30, 0.25, 6, 0.03249999999999992, 3589, 0.0025
30, 0.25, 5, 0.03249999999999992, 3604, 0.0025
30, 0.25, 3, 0.03249999999999992, 3618, 0.0025
30, 0.25, 4, 0.03249999999999992, 3651, 0.0025
30, 0.25, 4, 0.03249999999999992, 3653, 0.0025
30, 0.25, 10, 0.03249999999999992, 3686, 0.0025
30, 0.25, 5, 0.03249999999999992, 3715, 0.0025
30, 0.25, 5, 0.03249999999999992, 3716, 0.0025
30, 0.25, 4, 0.03249999999999992, 3765, 0.0025
30, 0.25, 4, 0.03249999999999992, 3767, 0.0025
30, 0.25, 10, 0.03249999999999992, 3802, 0.0025
30, 0.25, 4, 0.03249999999999992, 3877, 0.0025
30, 0.25, 4, 0.03249999999999992, 3880, 0.0025
30, 0.25, 5, 0.03249999999999992, 3943, 0.0025
30, 0.25, 4, 0.03249999999999992, 3992, 0.0025
30, 0.25, 4, 0.03249999999999992, 3993, 0.0025
30, 0.25, 4, 0.03249999999999992, 3997, 0.0025
30, 0.25, 8, 0.03249999999999992, 4440, 0.0025
30, 0.25, 8, 0.03249999999999992, 4558, 0.0025
30, 0.25, 8, 0.03249999999999992, 4677, 0.0025
30, 0.25, 8, 0.03249999999999992, 4678, 0.0025
30, 0.25, 7, 0.0325, 4691, 0.0025
30, 0.25, 8, 0.03249999999999992, 4798, 0.0025
30, 0.25, 8, 0.03249999999999992, 4799, 0.0025
30, 0.25, 7, 0.0325, 4811, 0.0025
30, 0.25, 8, 0.03249999999999992, 4919, 0.0025
30, 0.25, 7, 0.0325, 4931, 0.0025
30, 0.25, 7, 0.0325, 4932, 0.0025
30, 0.25, 8, 0.03249999999999992, 5041, 0.0025
30, 0.25, 8, 0.03249999999999992, 5042, 0.0025
30, 0.25, 7, 0.0325, 5054, 0.0025
30, 0.25, 8, 0.03249999999999992, 5164, 0.0025
30, 0.25, 7, 0.0325, 5175, 0.0025
30, 0.25, 7, 0.0325, 5176, 0.0025
30, 0.25, 7, 0.0325, 5177, 0.0025
30, 0.25, 8, 0.03249999999999992, 5287, 0.0025
30, 0.25, 8, 0.03249999999999992, 5288, 0.0025
30, 0.25, 7, 0.0325, 5299, 0.0025
30, 0.25, 7, 0.0325, 5300, 0.0025
30, 0.25, 8, 0.03249999999999992, 5413, 0.0025
30, 0.25, 7, 0.0325, 5424, 0.0025
30, 0.25, 7, 0.0325, 5425, 0.0025
30, 0.25, 7, 0.0325, 5426, 0.0025
30, 0.25, 15, 0.0325, 5534, 0.0025
30, 0.25, 8, 0.03249999999999992, 5539, 0.0025
30, 0.25, 7, 0.0325, 5551, 0.0025
30, 0.25, 15, 0.0325, 5661, 0.0025
30, 0.25, 16, 0.03249999999999992, 5678, 0.0025
30, 0.25, 15, 0.0325, 5790, 0.0025
30, 0.25, 16, 0.03249999999999992, 5806, 0.0025
30, 0.25, 15, 0.0325, 5918, 0.0025
30, 0.25, 15, 0.0325, 5919, 0.0025
30, 0.25, 16, 0.03249999999999992, 5934, 0.0025
30, 0.25, 15, 0.0325, 6047, 0.0025
30, 0.25, 15, 0.0325, 6048, 0.0025
30, 0.25, 15, 0.0325, 6049, 0.0025
30, 0.25, 16, 0.03249999999999992, 6063, 0.0025
30, 0.25, 15, 0.0325, 6177, 0.0025
30, 0.25, 15, 0.0325, 6178, 0.0025
30, 0.25, 16, 0.03249999999999992, 6192, 0.0025
30, 0.25, 9, 0.0325, 6210, 0.0025
30, 0.25, 9, 0.0325, 6211, 0.0025
30, 0.25, 9, 0.0325, 6212, 0.0025
30, 0.25, 9, 0.0325, 6213, 0.0025
30, 0.25, 15, 0.0325, 6308, 0.0025
30, 0.25, 15, 0.0325, 6309, 0.0025
30, 0.25, 16, 0.03249999999999992, 6323, 0.0025
30, 0.25, 9, 0.0325, 6342, 0.0025
30, 0.25, 9, 0.0325, 6343, 0.0025
30, 0.25, 9, 0.0325, 6344, 0.0025
30, 0.25, 9, 0.0325, 6345, 0.0025
30, 0.25, 9, 0.0325, 6346, 0.0025
30, 0.25, 9, 0.0325, 6347, 0.0025
30, 0.25, 16, 0.03249999999999992, 6454, 0.0025
30, 0.25, 19, 0.1275000000000079, 6474, 0.0025
30, 0.25, 9, 0.0325, 6476, 0.0025
30, 0.25, 9, 0.0325, 6477, 0.0025
30, 0.25, 9, 0.0325, 6478, 0.0025
30, 0.25, 15, 0.0325, 6572, 0.0025
30, 0.25, 16, 0.03249999999999992, 6586, 0.0025
30, 0.25, 14, 0.03249999999999992, 6601, 0.0025
30, 0.25, 19, 0.1275000000000079, 6604, 0.0025
30, 0.25, 19, 0.1275000000000079, 6605, 0.0025
30, 0.25, 19, 0.1275000000000079, 6606, 0.0025
30, 0.25, 19, 0.1275000000000079, 6607, 0.0025
30, 0.25, 9, 0.0325, 6611, 0.0025
30, 0.25, 15, 0.0325, 6705, 0.0025
30, 0.25, 16, 0.03249999999999992, 6719, 0.0025
30, 0.25, 14, 0.03249999999999992, 6733, 0.0025
30, 0.25, 14, 0.03249999999999992, 6734, 0.0025
30, 0.25, 19, 0.1275000000000079, 6737, 0.0025
30, 0.25, 19, 0.1275000000000079, 6738, 0.0025
30, 0.25, 19, 0.1275000000000079, 6739, 0.0025
30, 0.25, 19, 0.1275000000000079, 6740, 0.0025
30, 0.25, 19, 0.1275000000000079, 6741, 0.0025
30, 0.25, 16, 0.03249999999999992, 6852, 0.0025
30, 0.25, 14, 0.03249999999999992, 6866, 0.0025
30, 0.25, 14, 0.03249999999999992, 6867, 0.0025
30, 0.25, 19, 0.1275000000000079, 6869, 0.0025
30, 0.25, 19, 0.1275000000000079, 6870, 0.0025
30, 0.25, 19, 0.1275000000000079, 6871, 0.0025
30, 0.25, 19, 0.1275000000000079, 6872, 0.0025
30, 0.25, 19, 0.1275000000000079, 6873, 0.0025
30, 0.25, 19, 0.1275000000000079, 6874, 0.0025
30, 0.25, 18, 0.03249999999999992, 6878, 0.0025
30, 0.25, 16, 0.03249999999999992, 6986, 0.0025
30, 0.25, 14, 0.03249999999999992, 6999, 0.0025
30, 0.25, 14, 0.03249999999999992, 7000, 0.0025
30, 0.25, 19, 0.1275000000000079, 7004, 0.0025
30, 0.25, 19, 0.1275000000000079, 7005, 0.0025
30, 0.25, 19, 0.1275000000000079, 7006, 0.0025
30, 0.25, 19, 0.1275000000000079, 7007, 0.0025
30, 0.25, 19, 0.1275000000000079, 7008, 0.0025
30, 0.25, 19, 0.1275000000000079, 7009, 0.0025
30, 0.25, 18, 0.03249999999999992, 7012, 0.0025
30, 0.25, 16, 0.03249999999999992, 7119, 0.0025
30, 0.25, 16, 0.03249999999999992, 7120, 0.0025
30, 0.25, 14, 0.03249999999999992, 7133, 0.0025
30, 0.25, 14, 0.03249999999999992, 7134, 0.0025
30, 0.25, 19, 0.1275000000000079, 7137, 0.0025
30, 0.25, 19, 0.1275000000000079, 7138, 0.0025
30, 0.25, 19, 0.1275000000000079, 7139, 0.0025
30, 0.25, 19, 0.1275000000000079, 7140, 0.0025
30, 0.25, 19, 0.1275000000000079, 7141, 0.0025
30, 0.25, 19, 0.1275000000000079, 7142, 0.0025
30, 0.25, 19, 0.1275000000000079, 7143, 0.0025
30, 0.25, 19, 0.1275000000000079, 7144, 0.0025
30, 0.25, 18, 0.03249999999999992, 7146, 0.0025
30, 0.25, 18, 0.03249999999999992, 7147, 0.0025
30, 0.25, 16, 0.03249999999999992, 7256, 0.0025
30, 0.25, 14, 0.03249999999999992, 7269, 0.0025
30, 0.25, 14, 0.03249999999999992, 7270, 0.0025
30, 0.25, 19, 0.1275000000000079, 7272, 0.0025
30, 0.25, 19, 0.1275000000000079, 7273, 0.0025
30, 0.25, 19, 0.1275000000000079, 7274, 0.0025
30, 0.25, 19, 0.1275000000000079, 7275, 0.0025
30, 0.25, 19, 0.1275000000000079, 7276, 0.0025
30, 0.25, 19, 0.1275000000000079, 7277, 0.0025
30, 0.25, 19, 0.1275000000000079, 7278, 0.0025
30, 0.25, 19, 0.1275000000000079, 7279, 0.0025
30, 0.25, 18, 0.03249999999999992, 7282, 0.0025
30, 0.25, 18, 0.03249999999999992, 7283, 0.0025
30, 0.25, 19, 0.1275000000000079, 7408, 0.0025
30, 0.25, 19, 0.1275000000000079, 7409, 0.0025
30, 0.25, 19, 0.1275000000000079, 7410, 0.0025
30, 0.25, 19, 0.1275000000000079, 7411, 0.0025
30, 0.25, 19, 0.1275000000000079, 7412, 0.0025
30, 0.25, 19, 0.1275000000000079, 7413, 0.0025
30, 0.25, 19, 0.1275000000000079, 7414, 0.0025
30, 0.25, 19, 0.1275000000000079, 7415, 0.0025
30, 0.25, 18, 0.03249999999999992, 7418, 0.0025
30, 0.25, 14, 0.03249999999999992, 7542, 0.0025
30, 0.25, 14, 0.03249999999999992, 7543, 0.0025
30, 0.25, 19, 0.1275000000000079, 7546, 0.0025
30, 0.25, 19, 0.1275000000000079, 7548, 0.0025
30, 0.25, 19, 0.1275000000000079, 7549, 0.0025
30, 0.25, 19, 0.1275000000000079, 7550, 0.0025
30, 0.25, 19, 0.1275000000000079, 7551, 0.0025
30, 0.25, 19, 0.1275000000000079, 7552, 0.0025
30, 0.25, 18, 0.03249999999999992, 7555, 0.0025
30, 0.25, 18, 0.03249999999999992, 7556, 0.0025
30, 0.25, 14, 0.03249999999999992, 7681, 0.0025
30, 0.25, 18, 0.03249999999999992, 7693, 0.0025
30, 0.25, 18, 0.03249999999999992, 7694, 0.0025
30, 0.25, 18, 0.03249999999999992, 7832, 0.0025
30, 0.25, 18, 0.03249999999999992, 7971, 0.0025
30, 0.25, 18, 0.03249999999999992, 7972, 0.0025
30, 0.25, 25, 0.0599999999999999, 9428, 0.0025
30, 0.25, 25, 0.0599999999999999, 9577, 0.0025
30, 0.25, 25, 0.0599999999999999, 9578, 0.0025
30, 0.25, 25, 0.0599999999999999, 9717, 0.0025
30, 0.25, 25, 0.0599999999999999, 9718, 0.0025
30, 0.25, 25, 0.0599999999999999, 9719, 0.0025
30, 0.25, 25, 0.0599999999999999, 9720, 0.0025
30, 0.25, 25, 0.0599999999999999, 9847, 0.0025
30, 0.25, 25, 0.0599999999999999, 9849, 0.0025
30, 0.25, 25, 0.0599999999999999, 9850, 0.0025
30, 0.25, 25, 0.0599999999999999, 9851, 0.0025
30, 0.25, 25, 0.0599999999999999, 9852, 0.0025
30, 0.25, 25, 0.0599999999999999, 9975, 0.0025
30, 0.25, 25, 0.0599999999999999, 9976, 0.0025
30, 0.25, 25, 0.0599999999999999, 9977, 0.0025
30, 0.25, 25, 0.0599999999999999, 10090, 0.0025
30, 0.25, 25, 0.0599999999999999, 10093, 0.0025
30, 0.25, 25, 0.0599999999999999, 10095, 0.0025
30, 0.25, 25, 0.0599999999999999, 10203, 0.0025
30, 0.25, 25, 0.0599999999999999, 10204, 0.0025
30, 0.25, 25, 0.0599999999999999, 10205, 0.0025
30, 0.25, 25, 0.0599999999999999, 10206, 0.0025
30, 0.25, 25, 0.0599999999999999, 10319, 0.0025
30, 0.25, 25, 0.0599999999999999, 10321, 0.0025
30, 0.25, 25, 0.0599999999999999, 10322, 0.0025
30, 0.25, 31, 0.03249999999999992, 11242, 0.0025
30, 0.25, 31, 0.03249999999999992, 11353, 0.0025
30, 0.25, 31, 0.03249999999999992, 11469, 0.0025
30, 0.25, 31, 0.03249999999999992, 11580, 0.0025
30, 0.25, 31, 0.03249999999999992, 11581, 0.0025
30, 0.25, 31, 0.03249999999999992, 11582, 0.0025
30, 0.25, 31, 0.03249999999999992, 11694, 0.0025
30, 0.25, 31, 0.03249999999999992, 11695, 0.0025
30, 0.25, 31, 0.03249999999999992, 11696, 0.0025
30, 0.25, 31, 0.03249999999999992, 11807, 0.0025
30, 0.25, 31, 0.03249999999999992, 11808, 0.0025
30, 0.25, 31, 0.03249999999999992, 11809, 0.0025
30, 0.25, 31, 0.03249999999999992, 11810, 0.0025
30, 0.25, 31, 0.03249999999999992, 11921, 0.0025
30, 0.25, 34, 0.03249999999999999, 15478, 0.0025
30, 0.25, 34, 0.03249999999999999, 15479, 0.0025
30, 0.25, 30, 0.03249999999999995, 15613, 0.0025
30, 0.25, 34, 0.03249999999999999, 15708, 0.0025
30, 0.25, 34, 0.03249999999999999, 15710, 0.0025
30, 0.25, 30, 0.03249999999999995, 15732, 0.0025
30, 0.25, 34, 0.03249999999999999, 15828, 0.0025
30, 0.25, 34, 0.03249999999999999, 15829, 0.0025
30, 0.25, 34, 0.03249999999999999, 15830, 0.0025
30, 0.25, 30, 0.03249999999999995, 15847, 0.0025
30, 0.25, 30, 0.03249999999999995, 15849, 0.0025
30, 0.25, 30, 0.03249999999999995, 15964, 0.0025
30, 0.25, 34, 0.03249999999999999, 16065, 0.0025
30, 0.25, 30, 0.03249999999999995, 16084, 0.0025
30, 0.25, 34, 0.03249999999999999, 16181, 0.0025
30, 0.25, 34, 0.03249999999999999, 16182, 0.0025
30, 0.25, 30, 0.03249999999999995, 16203, 0.0025
30, 0.25, 34, 0.03249999999999999, 16299, 0.0025
30, 0.25, 33, 0.03249999999999992, 16311, 0.0025
30, 0.25, 30, 0.03249999999999995, 16317, 0.0025
30, 0.25, 30, 0.03249999999999995, 16321, 0.0025
30, 0.25, 30, 0.03249999999999995, 16322, 0.0025
30, 0.25, 34, 0.03249999999999999, 16411, 0.0025
30, 0.25, 30, 0.03249999999999995, 16431, 0.0025
30, 0.25, 30, 0.03249999999999995, 16434, 0.0025
30, 0.25, 33, 0.03249999999999992, 16536, 0.0025
30, 0.25, 33, 0.03249999999999992, 16537, 0.0025
30, 0.25, 33, 0.03249999999999992, 16645, 0.0025
30, 0.25, 33, 0.03249999999999992, 16646, 0.0025
30, 0.25, 33, 0.03249999999999992, 16648, 0.0025
30, 0.25, 30, 0.03249999999999995, 16657, 0.0025
30, 0.25, 30, 0.03249999999999995, 16761, 0.0025
30, 0.25, 33, 0.03249999999999992, 16860, 0.0025
30, 0.25, 33, 0.03249999999999992, 16863, 0.0025
30, 0.25, 33, 0.03249999999999992, 16865, 0.0025
30, 0.25, 33, 0.03249999999999992, 16866, 0.0025
30, 0.25, 33, 0.03249999999999992, 16868, 0.0025
30, 0.25, 38, 0.03249999999999996, 16879, 0.0025
30, 0.25, 33, 0.03249999999999992, 16974, 0.0025
30, 0.25, 38, 0.03249999999999996, 16990, 0.0025
30, 0.25, 38, 0.03249999999999996, 16991, 0.0025
30, 0.25, 41, 0.03249999999999992, 17092, 0.0025
30, 0.25, 38, 0.03249999999999996, 17098, 0.0025
30, 0.25, 33, 0.03249999999999992, 17184, 0.0025
30, 0.25, 41, 0.03249999999999992, 17190, 0.0025
30, 0.25, 38, 0.03249999999999996, 17201, 0.0025
30, 0.25, 38, 0.03249999999999996, 17203, 0.0025
30, 0.25, 41, 0.03249999999999992, 17295, 0.0025
30, 0.25, 41, 0.03249999999999992, 17299, 0.0025
30, 0.25, 38, 0.03249999999999996, 17304, 0.0025
30, 0.25, 38, 0.03249999999999996, 17305, 0.0025
30, 0.25, 38, 0.03249999999999996, 17306, 0.0025
30, 0.25, 34, 0.03249999999999999, 17383, 0.0025
30, 0.25, 41, 0.03249999999999992, 17395, 0.0025
30, 0.25, 41, 0.03249999999999992, 17401, 0.0025
30, 0.25, 41, 0.03249999999999992, 17402, 0.0025
30, 0.25, 38, 0.03249999999999996, 17407, 0.0025
30, 0.25, 38, 0.03249999999999996, 17408, 0.0025
30, 0.25, 38, 0.03249999999999996, 17409, 0.0025
30, 0.25, 34, 0.03249999999999999, 17487, 0.0025
30, 0.25, 41, 0.03249999999999992, 17503, 0.0025
30, 0.25, 41, 0.03249999999999992, 17505, 0.0025
30, 0.25, 41, 0.03249999999999992, 17506, 0.0025
30, 0.25, 38, 0.03249999999999996, 17512, 0.0025
30, 0.25, 41, 0.03249999999999992, 17602, 0.0025
30, 0.25, 41, 0.03249999999999992, 17603, 0.0025
30, 0.25, 41, 0.03249999999999992, 17605, 0.0025
30, 0.25, 38, 0.03249999999999996, 17612, 0.0025
30, 0.25, 33, 0.03249999999999992, 17691, 0.0025
30, 0.25, 41, 0.03249999999999992, 17700, 0.0025
30, 0.25, 98, 0.03249999999999998, 49377, 0.0025
30, 0.25, 98, 0.03249999999999998, 49511, 0.0025
30, 0.25, 98, 0.03249999999999998, 49650, 0.0025
30, 0.25, 98, 0.03249999999999998, 49651, 0.0025
30, 0.25, 98, 0.03249999999999998, 49785, 0.0025
30, 0.25, 98, 0.03249999999999998, 49920, 0.0025
30, 0.25, 98, 0.03249999999999998, 49921, 0.0025
30, 0.25, 98, 0.03249999999999998, 50062, 0.0025
30, 0.25, 98, 0.03249999999999998, 50063, 0.0025
30, 0.25, 98, 0.03249999999999998, 50064, 0.0025
30, 0.25, 98, 0.03249999999999998, 50065, 0.0025
30, 0.25, 98, 0.03249999999999998, 50208, 0.0025
30, 0.25, 98, 0.03249999999999998, 50350, 0.0025
30, 0.25, 98, 0.03249999999999998, 50627, 0.0025
30, 0.25, 121, 0.03249999999999999, 55186, 0.0025
30, 0.25, 121, 0.03249999999999999, 55326, 0.0025
30, 0.25, 121, 0.03249999999999999, 55330, 0.0025
30, 0.25, 121, 0.03249999999999999, 55617, 0.0025
30, 0.25, 121, 0.03249999999999999, 55756, 0.0025
30, 0.25, 121, 0.03249999999999999, 55757, 0.0025
30, 0.25, 121, 0.03249999999999999, 55759, 0.0025
30, 0.25, 121, 0.03249999999999999, 55902, 0.0025
30, 0.25, 121, 0.03249999999999999, 55903, 0.0025
30, 0.25, 121, 0.03249999999999999, 55904, 0.0025
30, 0.25, 121, 0.03249999999999999, 56487, 0.0025
30, 0.25, 121, 0.03249999999999999, 56633, 0.0025
30, 0.25, 121, 0.03249999999999999, 56783, 0.0025
30, 0.25, 121, 0.03249999999999999, 56784, 0.0025
30, 0.25, 137, 0.03249999999999998, 63254, 0.0025
30, 0.25, 137, 0.03249999999999998, 63421, 0.0025
30, 0.25, 137, 0.03249999999999998, 63422, 0.0025
30, 0.25, 137, 0.03249999999999998, 63423, 0.0025
30, 0.25, 137, 0.03249999999999998, 63587, 0.0025
30, 0.25, 137, 0.03249999999999998, 63592, 0.0025
30, 0.25, 137, 0.03249999999999998, 63757, 0.0025
30, 0.25, 137, 0.03249999999999998, 63919, 0.0025
30, 0.25, 137, 0.03249999999999998, 63920, 0.0025
30, 0.25, 137, 0.03249999999999998, 64080, 0.0025
30, 0.25, 137, 0.03249999999999998, 64081, 0.0025
30, 0.25, 137, 0.03249999999999998, 64082, 0.0025
30, 0.25, 131, 0.03249999999999995, 64207, 0.0025
30, 0.25, 131, 0.03249999999999995, 64208, 0.0025
30, 0.25, 131, 0.03249999999999995, 64209, 0.0025
30, 0.25, 131, 0.03249999999999995, 64211, 0.0025
30, 0.25, 131, 0.03249999999999995, 64212, 0.0025
30, 0.25, 131, 0.03249999999999995, 64213, 0.0025
30, 0.25, 131, 0.03249999999999995, 64368, 0.0025
30, 0.25, 131, 0.03249999999999995, 64369, 0.0025
30, 0.25, 131, 0.03249999999999995, 64370, 0.0025
30, 0.25, 131, 0.03249999999999995, 64371, 0.0025
30, 0.25, 137, 0.03249999999999998, 64400, 0.0025
30, 0.25, 131, 0.03249999999999995, 64526, 0.0025
30, 0.25, 131, 0.03249999999999995, 64527, 0.0025
30, 0.25, 131, 0.03249999999999995, 64677, 0.0025
30, 0.25, 131, 0.03249999999999995, 64678, 0.0025
30, 0.25, 137, 0.03249999999999998, 64712, 0.0025
30, 0.25, 144, 0.03249999999999999, 65978, 0.0025
30, 0.25, 144, 0.03249999999999999, 66118, 0.0025
30, 0.25, 144, 0.03249999999999999, 66249, 0.0025
30, 0.25, 144, 0.03249999999999999, 66251, 0.0025
30, 0.25, 144, 0.03249999999999999, 66258, 0.0025
30, 0.25, 144, 0.03249999999999999, 66259, 0.0025
30, 0.25, 144, 0.03249999999999999, 66387, 0.0025
30, 0.25, 144, 0.03249999999999999, 66390, 0.0025
30, 0.25, 144, 0.03249999999999999, 66393, 0.0025
30, 0.25, 144, 0.03249999999999999, 66523, 0.0025
30, 0.25, 144, 0.03249999999999999, 66524, 0.0025
30, 0.25, 144, 0.03249999999999999, 66787, 0.0025
30, 0.25, 144, 0.03249999999999999, 66788, 0.0025
30, 0.25, 144, 0.03249999999999999, 66915, 0.0025
30, 0.30000000000000004, 1, 0.0325, 1408, 0.0025
30, 0.30000000000000004, 1, 0.0325, 1409, 0.0025
30, 0.30000000000000004, 1, 0.0325, 1410, 0.0025
30, 0.30000000000000004, 1, 0.0325, 1483, 0.0025
30, 0.30000000000000004, 1, 0.0325, 1484, 0.0025
30, 0.30000000000000004, 1, 0.0325, 1485, 0.0025
30, 0.30000000000000004, 1, 0.0325, 1486, 0.0025
30, 0.30000000000000004, 2, 0.0325, 1551, 0.0025
30, 0.30000000000000004, 1, 0.0325, 1560, 0.0025
30, 0.30000000000000004, 1, 0.0325, 1561, 0.0025
30, 0.30000000000000004, 1, 0.0325, 1562, 0.0025
30, 0.30000000000000004, 1, 0.0325, 1563, 0.0025
30, 0.30000000000000004, 1, 0.0325, 1641, 0.0025
30, 0.30000000000000004, 1, 0.0325, 1642, 0.0025
30, 0.30000000000000004, 2, 0.0325, 1712, 0.0025
30, 0.30000000000000004, 1, 0.0325, 1724, 0.0025
30, 0.30000000000000004, 6, 0.0325, 1744, 0.0025
30, 0.30000000000000004, 6, 0.0325, 1832, 0.0025
30, 0.30000000000000004, 6, 0.0325, 1834, 0.0025
30, 0.30000000000000004, 6, 0.0325, 1835, 0.0025
30, 0.30000000000000004, 2, 0.0325, 1884, 0.0025
30, 0.30000000000000004, 6, 0.0325, 1922, 0.0025
30, 0.30000000000000004, 6, 0.0325, 1923, 0.0025
30, 0.30000000000000004, 6, 0.0325, 1924, 0.0025
30, 0.30000000000000004, 2, 0.0325, 1971, 0.0025
30, 0.30000000000000004, 2, 0.0325, 1972, 0.0025
30, 0.30000000000000004, 2, 0.0325, 1973, 0.0025
30, 0.30000000000000004, 2, 0.0325, 1974, 0.0025
30, 0.30000000000000004, 6, 0.0325, 2016, 0.0025
30, 0.30000000000000004, 6, 0.0325, 2017, 0.0025
30, 0.30000000000000004, 2, 0.0325, 2064, 0.0025
30, 0.30000000000000004, 2, 0.0325, 2065, 0.0025
30, 0.30000000000000004, 2, 0.0325, 2066, 0.0025
30, 0.30000000000000004, 2, 0.0325, 2067, 0.0025
30, 0.30000000000000004, 6, 0.0325, 2111, 0.0025
30, 0.30000000000000004, 2, 0.0325, 2160, 0.0025
30, 0.30000000000000004, 2, 0.0325, 2161, 0.0025
30, 0.30000000000000004, 2, 0.0325, 2259, 0.0025
30, 0.30000000000000004, 5, 0.0325, 2535, 0.0025
30, 0.30000000000000004, 5, 0.0325, 2536, 0.0025
30, 0.30000000000000004, 5, 0.0325, 2537, 0.0025
30, 0.30000000000000004, 3, 0.0325, 2547, 0.0025
30, 0.30000000000000004, 3, 0.0325, 2548, 0.0025
30, 0.30000000000000004, 3, 0.0325, 2549, 0.0025
30, 0.30000000000000004, 3, 0.0325, 2650, 0.0025
30, 0.30000000000000004, 3, 0.0325, 2651, 0.0025
30, 0.30000000000000004, 3, 0.0325, 2754, 0.0025
30, 0.30000000000000004, 3, 0.0325, 2755, 0.0025
30, 0.30000000000000004, 3, 0.0325, 2860, 0.0025
30, 0.30000000000000004, 6, 0.0325, 3258, 0.0025
30, 0.30000000000000004, 5, 0.0325, 3273, 0.0025
30, 0.30000000000000004, 5, 0.0325, 3274, 0.0025
30, 0.30000000000000004, 5, 0.0325, 3275, 0.0025
30, 0.30000000000000004, 4, 0.0325, 3322, 0.0025
30, 0.30000000000000004, 4, 0.0325, 3325, 0.0025
30, 0.30000000000000004, 4, 0.0325, 3326, 0.0025
30, 0.30000000000000004, 6, 0.0325, 3366, 0.0025
30, 0.30000000000000004, 6, 0.0325, 3367, 0.0025
30, 0.30000000000000004, 5, 0.0325, 3382, 0.0025
30, 0.30000000000000004, 5, 0.0325, 3383, 0.0025
30, 0.30000000000000004, 3, 0.0325, 3394, 0.0025
30, 0.30000000000000004, 3, 0.0325, 3395, 0.0025
30, 0.30000000000000004, 3, 0.0325, 3396, 0.0025
30, 0.30000000000000004, 5, 0.0325, 3493, 0.0025
30, 0.30000000000000004, 5, 0.0325, 3494, 0.0025
30, 0.30000000000000004, 3, 0.0325, 3506, 0.0025
30, 0.30000000000000004, 3, 0.0325, 3507, 0.0025
30, 0.30000000000000004, 4, 0.0325, 3544, 0.0025
30, 0.30000000000000004, 4, 0.0325, 3545, 0.0025
30, 0.30000000000000004, 6, 0.0325, 3589, 0.0025
30, 0.30000000000000004, 5, 0.0325, 3604, 0.0025
30, 0.30000000000000004, 3, 0.0325, 3618, 0.0025
30, 0.30000000000000004, 4, 0.0325, 3651, 0.0025
30, 0.30000000000000004, 4, 0.0325, 3653, 0.0025
30, 0.30000000000000004, 5, 0.0325, 3715, 0.0025
30, 0.30000000000000004, 5, 0.0325, 3716, 0.0025
30, 0.30000000000000004, 4, 0.0325, 3765, 0.0025
30, 0.30000000000000004, 4, 0.0325, 3767, 0.0025
30, 0.30000000000000004, 4, 0.0325, 3877, 0.0025
30, 0.30000000000000004, 4, 0.0325, 3880, 0.0025
30, 0.30000000000000004, 5, 0.0325, 3943, 0.0025
30, 0.30000000000000004, 4, 0.0325, 3992, 0.0025
30, 0.30000000000000004, 4, 0.0325, 3993, 0.0025
30, 0.30000000000000004, 4, 0.0325, 3997, 0.0025
30, 0.30000000000000004, 7, 0.0325, 4691, 0.0025
30, 0.30000000000000004, 7, 0.0325, 4811, 0.0025
30, 0.30000000000000004, 7, 0.0325, 4931, 0.0025
30, 0.30000000000000004, 7, 0.0325, 4932, 0.0025
30, 0.30000000000000004, 7, 0.0325, 5054, 0.0025
30, 0.30000000000000004, 7, 0.0325, 5175, 0.0025
30, 0.30000000000000004, 7, 0.0325, 5176, 0.0025
30, 0.30000000000000004, 7, 0.0325, 5177, 0.0025
30, 0.30000000000000004, 7, 0.0325, 5299, 0.0025
30, 0.30000000000000004, 7, 0.0325, 5300, 0.0025
30, 0.30000000000000004, 7, 0.0325, 5424, 0.0025
30, 0.30000000000000004, 7, 0.0325, 5425, 0.0025
30, 0.30000000000000004, 7, 0.0325, 5426, 0.0025
30, 0.30000000000000004, 15, 0.0325, 5534, 0.0025
30, 0.30000000000000004, 7, 0.0325, 5551, 0.0025
30, 0.30000000000000004, 15, 0.0325, 5661, 0.0025
30, 0.30000000000000004, 16, 0.0325, 5678, 0.0025
30, 0.30000000000000004, 15, 0.0325, 5790, 0.0025
30, 0.30000000000000004, 16, 0.0325, 5806, 0.0025
30, 0.30000000000000004, 15, 0.0325, 5918, 0.0025
30, 0.30000000000000004, 15, 0.0325, 5919, 0.0025
30, 0.30000000000000004, 16, 0.0325, 5934, 0.0025
30, 0.30000000000000004, 15, 0.0325, 6047, 0.0025
30, 0.30000000000000004, 15, 0.0325, 6048, 0.0025
30, 0.30000000000000004, 15, 0.0325, 6049, 0.0025
30, 0.30000000000000004, 16, 0.0325, 6063, 0.0025
30, 0.30000000000000004, 15, 0.0325, 6177, 0.0025
30, 0.30000000000000004, 15, 0.0325, 6178, 0.0025
30, 0.30000000000000004, 16, 0.0325, 6192, 0.0025
30, 0.30000000000000004, 9, 0.0325, 6210, 0.0025
30, 0.30000000000000004, 9, 0.0325, 6211, 0.0025
30, 0.30000000000000004, 9, 0.0325, 6212, 0.0025
30, 0.30000000000000004, 9, 0.0325, 6213, 0.0025
30, 0.30000000000000004, 15, 0.0325, 6308, 0.0025
30, 0.30000000000000004, 15, 0.0325, 6309, 0.0025
30, 0.30000000000000004, 16, 0.0325, 6323, 0.0025
30, 0.30000000000000004, 9, 0.0325, 6342, 0.0025
30, 0.30000000000000004, 9, 0.0325, 6343, 0.0025
30, 0.30000000000000004, 9, 0.0325, 6344, 0.0025
30, 0.30000000000000004, 9, 0.0325, 6345, 0.0025
30, 0.30000000000000004, 9, 0.0325, 6346, 0.0025
30, 0.30000000000000004, 9, 0.0325, 6347, 0.0025
30, 0.30000000000000004, 16, 0.0325, 6454, 0.0025
30, 0.30000000000000004, 19, 0.12, 6474, 0.0025
30, 0.30000000000000004, 9, 0.0325, 6476, 0.0025
30, 0.30000000000000004, 9, 0.0325, 6477, 0.0025
30, 0.30000000000000004, 9, 0.0325, 6478, 0.0025
30, 0.30000000000000004, 15, 0.0325, 6572, 0.0025
30, 0.30000000000000004, 16, 0.0325, 6586, 0.0025
30, 0.30000000000000004, 14, 0.0325, 6601, 0.0025
30, 0.30000000000000004, 19, 0.12, 6604, 0.0025
30, 0.30000000000000004, 19, 0.12, 6605, 0.0025
30, 0.30000000000000004, 19, 0.12, 6606, 0.0025
30, 0.30000000000000004, 19, 0.12, 6607, 0.0025
30, 0.30000000000000004, 9, 0.0325, 6611, 0.0025
30, 0.30000000000000004, 15, 0.0325, 6705, 0.0025
30, 0.30000000000000004, 16, 0.0325, 6719, 0.0025
30, 0.30000000000000004, 14, 0.0325, 6733, 0.0025
30, 0.30000000000000004, 14, 0.0325, 6734, 0.0025
30, 0.30000000000000004, 19, 0.12, 6737, 0.0025
30, 0.30000000000000004, 19, 0.12, 6738, 0.0025
30, 0.30000000000000004, 19, 0.12, 6739, 0.0025
30, 0.30000000000000004, 19, 0.12, 6740, 0.0025
30, 0.30000000000000004, 19, 0.12, 6741, 0.0025
30, 0.30000000000000004, 16, 0.0325, 6852, 0.0025
30, 0.30000000000000004, 14, 0.0325, 6866, 0.0025
30, 0.30000000000000004, 14, 0.0325, 6867, 0.0025
30, 0.30000000000000004, 19, 0.12, 6869, 0.0025
30, 0.30000000000000004, 19, 0.12, 6870, 0.0025
30, 0.30000000000000004, 19, 0.12, 6871, 0.0025
30, 0.30000000000000004, 19, 0.12, 6872, 0.0025
30, 0.30000000000000004, 19, 0.12, 6873, 0.0025
30, 0.30000000000000004, 19, 0.12, 6874, 0.0025
30, 0.30000000000000004, 18, 0.0325, 6878, 0.0025
30, 0.30000000000000004, 16, 0.0325, 6986, 0.0025
30, 0.30000000000000004, 14, 0.0325, 6999, 0.0025
30, 0.30000000000000004, 14, 0.0325, 7000, 0.0025
30, 0.30000000000000004, 19, 0.12, 7004, 0.0025
30, 0.30000000000000004, 19, 0.12, 7005, 0.0025
30, 0.30000000000000004, 19, 0.12, 7006, 0.0025
30, 0.30000000000000004, 19, 0.12, 7007, 0.0025
30, 0.30000000000000004, 19, 0.12, 7008, 0.0025
30, 0.30000000000000004, 19, 0.12, 7009, 0.0025
30, 0.30000000000000004, 18, 0.0325, 7012, 0.0025
30, 0.30000000000000004, 16, 0.0325, 7119, 0.0025
30, 0.30000000000000004, 16, 0.0325, 7120, 0.0025
30, 0.30000000000000004, 14, 0.0325, 7133, 0.0025
30, 0.30000000000000004, 14, 0.0325, 7134, 0.0025
30, 0.30000000000000004, 19, 0.12, 7137, 0.0025
30, 0.30000000000000004, 19, 0.12, 7138, 0.0025
30, 0.30000000000000004, 19, 0.12, 7139, 0.0025
30, 0.30000000000000004, 19, 0.12, 7140, 0.0025
30, 0.30000000000000004, 19, 0.12, 7141, 0.0025
30, 0.30000000000000004, 19, 0.12, 7142, 0.0025
30, 0.30000000000000004, 19, 0.12, 7143, 0.0025
30, 0.30000000000000004, 19, 0.12, 7144, 0.0025
30, 0.30000000000000004, 18, 0.0325, 7146, 0.0025
30, 0.30000000000000004, 18, 0.0325, 7147, 0.0025
30, 0.30000000000000004, 16, 0.0325, 7256, 0.0025
30, 0.30000000000000004, 14, 0.0325, 7269, 0.0025
30, 0.30000000000000004, 14, 0.0325, 7270, 0.0025
30, 0.30000000000000004, 19, 0.12, 7274, 0.0025
30, 0.30000000000000004, 19, 0.12, 7275, 0.0025
30, 0.30000000000000004, 19, 0.12, 7276, 0.0025
30, 0.30000000000000004, 19, 0.12, 7277, 0.0025
30, 0.30000000000000004, 19, 0.12, 7278, 0.0025
30, 0.30000000000000004, 19, 0.12, 7279, 0.0025
30, 0.30000000000000004, 18, 0.0325, 7282, 0.0025
30, 0.30000000000000004, 18, 0.0325, 7283, 0.0025
30, 0.30000000000000004, 19, 0.12, 7408, 0.0025
30, 0.30000000000000004, 19, 0.12, 7409, 0.0025
30, 0.30000000000000004, 19, 0.12, 7410, 0.0025
30, 0.30000000000000004, 19, 0.12, 7411, 0.0025
30, 0.30000000000000004, 19, 0.12, 7412, 0.0025
30, 0.30000000000000004, 19, 0.12, 7413, 0.0025
30, 0.30000000000000004, 19, 0.12, 7414, 0.0025
30, 0.30000000000000004, 19, 0.12, 7415, 0.0025
30, 0.30000000000000004, 18, 0.0325, 7418, 0.0025
30, 0.30000000000000004, 14, 0.0325, 7542, 0.0025
30, 0.30000000000000004, 14, 0.0325, 7543, 0.0025
30, 0.30000000000000004, 19, 0.12, 7548, 0.0025
30, 0.30000000000000004, 19, 0.12, 7549, 0.0025
30, 0.30000000000000004, 19, 0.12, 7550, 0.0025
30, 0.30000000000000004, 19, 0.12, 7551, 0.0025
30, 0.30000000000000004, 19, 0.12, 7552, 0.0025
30, 0.30000000000000004, 18, 0.0325, 7555, 0.0025
30, 0.30000000000000004, 18, 0.0325, 7556, 0.0025
30, 0.30000000000000004, 14, 0.0325, 7681, 0.0025
30, 0.30000000000000004, 18, 0.0325, 7693, 0.0025
30, 0.30000000000000004, 18, 0.0325, 7694, 0.0025
30, 0.30000000000000004, 18, 0.0325, 7832, 0.0025
30, 0.30000000000000004, 18, 0.0325, 7971, 0.0025
30, 0.30000000000000004, 18, 0.0325, 7972, 0.0025
30, 0.30000000000000004, 25, 0.06750000000000062, 9428, 0.0025
30, 0.30000000000000004, 25, 0.06750000000000062, 9577, 0.0025
30, 0.30000000000000004, 25, 0.06750000000000062, 9578, 0.0025
30, 0.30000000000000004, 25, 0.06750000000000062, 9717, 0.0025
30, 0.30000000000000004, 25, 0.06750000000000062, 9718, 0.0025
30, 0.30000000000000004, 25, 0.06750000000000062, 9719, 0.0025
30, 0.30000000000000004, 25, 0.06750000000000062, 9720, 0.0025
30, 0.30000000000000004, 25, 0.06750000000000062, 9847, 0.0025
30, 0.30000000000000004, 25, 0.06750000000000062, 9849, 0.0025
30, 0.30000000000000004, 25, 0.06750000000000062, 9850, 0.0025
30, 0.30000000000000004, 25, 0.06750000000000062, 9851, 0.0025
30, 0.30000000000000004, 25, 0.06750000000000062, 9852, 0.0025
30, 0.30000000000000004, 25, 0.06750000000000062, 9975, 0.0025
30, 0.30000000000000004, 25, 0.06750000000000062, 9976, 0.0025
30, 0.30000000000000004, 25, 0.06750000000000062, 9977, 0.0025
30, 0.30000000000000004, 25, 0.06750000000000062, 10090, 0.0025
30, 0.30000000000000004, 25, 0.06750000000000062, 10093, 0.0025
30, 0.30000000000000004, 25, 0.06750000000000062, 10095, 0.0025
30, 0.30000000000000004, 25, 0.06750000000000062, 10203, 0.0025
30, 0.30000000000000004, 25, 0.06750000000000062, 10204, 0.0025
30, 0.30000000000000004, 25, 0.06750000000000062, 10205, 0.0025
30, 0.30000000000000004, 25, 0.06750000000000062, 10206, 0.0025
30, 0.30000000000000004, 25, 0.06750000000000062, 10319, 0.0025
30, 0.30000000000000004, 25, 0.06750000000000062, 10321, 0.0025
30, 0.30000000000000004, 25, 0.06750000000000062, 10322, 0.0025
30, 0.30000000000000004, 25, 0.06750000000000062, 10323, 0.0025
30, 0.30000000000000004, 25, 0.06750000000000062, 10324, 0.0025
30, 0.30000000000000004, 25, 0.06750000000000062, 10439, 0.0025
30, 0.30000000000000004, 31, 0.0325, 11242, 0.0025
30, 0.30000000000000004, 31, 0.0325, 11353, 0.0025
30, 0.30000000000000004, 31, 0.0325, 11469, 0.0025
30, 0.30000000000000004, 31, 0.0325, 11580, 0.0025
30, 0.30000000000000004, 31, 0.0325, 11581, 0.0025
30, 0.30000000000000004, 31, 0.0325, 11582, 0.0025
30, 0.30000000000000004, 31, 0.0325, 11694, 0.0025
30, 0.30000000000000004, 31, 0.0325, 11695, 0.0025
30, 0.30000000000000004, 31, 0.0325, 11696, 0.0025
30, 0.30000000000000004, 31, 0.0325, 11807, 0.0025
30, 0.30000000000000004, 31, 0.0325, 11808, 0.0025
30, 0.30000000000000004, 31, 0.0325, 11809, 0.0025
30, 0.30000000000000004, 31, 0.0325, 11810, 0.0025
30, 0.30000000000000004, 31, 0.0325, 11921, 0.0025
30, 0.30000000000000004, 34, 0.0325, 15478, 0.0025
30, 0.30000000000000004, 34, 0.0325, 15479, 0.0025
30, 0.30000000000000004, 30, 0.0325, 15613, 0.0025
30, 0.30000000000000004, 34, 0.0325, 15708, 0.0025
30, 0.30000000000000004, 34, 0.0325, 15710, 0.0025
30, 0.30000000000000004, 30, 0.0325, 15732, 0.0025
30, 0.30000000000000004, 34, 0.0325, 15828, 0.0025
30, 0.30000000000000004, 34, 0.0325, 15829, 0.0025
30, 0.30000000000000004, 34, 0.0325, 15830, 0.0025
30, 0.30000000000000004, 30, 0.0325, 15847, 0.0025
30, 0.30000000000000004, 30, 0.0325, 15849, 0.0025
30, 0.30000000000000004, 30, 0.0325, 15964, 0.0025
30, 0.30000000000000004, 34, 0.0325, 16065, 0.0025
30, 0.30000000000000004, 30, 0.0325, 16084, 0.0025
30, 0.30000000000000004, 34, 0.0325, 16181, 0.0025
30, 0.30000000000000004, 34, 0.0325, 16182, 0.0025
30, 0.30000000000000004, 30, 0.0325, 16203, 0.0025
30, 0.30000000000000004, 34, 0.0325, 16299, 0.0025
30, 0.30000000000000004, 33, 0.0325, 16311, 0.0025
30, 0.30000000000000004, 30, 0.0325, 16317, 0.0025
30, 0.30000000000000004, 30, 0.0325, 16321, 0.0025
30, 0.30000000000000004, 30, 0.0325, 16322, 0.0025
30, 0.30000000000000004, 34, 0.0325, 16411, 0.0025
30, 0.30000000000000004, 30, 0.0325, 16431, 0.0025
30, 0.30000000000000004, 30, 0.0325, 16434, 0.0025
30, 0.30000000000000004, 33, 0.0325, 16536, 0.0025
30, 0.30000000000000004, 33, 0.0325, 16537, 0.0025
30, 0.30000000000000004, 33, 0.0325, 16645, 0.0025
30, 0.30000000000000004, 33, 0.0325, 16646, 0.0025
30, 0.30000000000000004, 33, 0.0325, 16648, 0.0025
30, 0.30000000000000004, 30, 0.0325, 16657, 0.0025
30, 0.30000000000000004, 30, 0.0325, 16761, 0.0025
30, 0.30000000000000004, 33, 0.0325, 16860, 0.0025
30, 0.30000000000000004, 33, 0.0325, 16863, 0.0025
30, 0.30000000000000004, 33, 0.0325, 16865, 0.0025
30, 0.30000000000000004, 33, 0.0325, 16866, 0.0025
30, 0.30000000000000004, 33, 0.0325, 16868, 0.0025
30, 0.30000000000000004, 38, 0.0325, 16879, 0.0025
30, 0.30000000000000004, 33, 0.0325, 16974, 0.0025
30, 0.30000000000000004, 38, 0.0325, 16990, 0.0025
30, 0.30000000000000004, 38, 0.0325, 16991, 0.0025
30, 0.30000000000000004, 41, 0.0325, 17092, 0.0025
30, 0.30000000000000004, 38, 0.0325, 17098, 0.0025
30, 0.30000000000000004, 33, 0.0325, 17184, 0.0025
30, 0.30000000000000004, 41, 0.0325, 17190, 0.0025
30, 0.30000000000000004, 38, 0.0325, 17201, 0.0025
30, 0.30000000000000004, 38, 0.0325, 17203, 0.0025
30, 0.30000000000000004, 41, 0.0325, 17295, 0.0025
30, 0.30000000000000004, 41, 0.0325, 17299, 0.0025
30, 0.30000000000000004, 38, 0.0325, 17304, 0.0025
30, 0.30000000000000004, 38, 0.0325, 17305, 0.0025
30, 0.30000000000000004, 38, 0.0325, 17306, 0.0025
30, 0.30000000000000004, 34, 0.0325, 17383, 0.0025
30, 0.30000000000000004, 41, 0.0325, 17395, 0.0025
30, 0.30000000000000004, 41, 0.0325, 17401, 0.0025
30, 0.30000000000000004, 41, 0.0325, 17402, 0.0025
30, 0.30000000000000004, 38, 0.0325, 17407, 0.0025
30, 0.30000000000000004, 38, 0.0325, 17408, 0.0025
30, 0.30000000000000004, 38, 0.0325, 17409, 0.0025
30, 0.30000000000000004, 34, 0.0325, 17487, 0.0025
30, 0.30000000000000004, 41, 0.0325, 17503, 0.0025
30, 0.30000000000000004, 41, 0.0325, 17505, 0.0025
30, 0.30000000000000004, 41, 0.0325, 17506, 0.0025
30, 0.30000000000000004, 38, 0.0325, 17512, 0.0025
30, 0.30000000000000004, 41, 0.0325, 17602, 0.0025
30, 0.30000000000000004, 41, 0.0325, 17603, 0.0025
30, 0.30000000000000004, 41, 0.0325, 17605, 0.0025
30, 0.30000000000000004, 38, 0.0325, 17612, 0.0025
30, 0.30000000000000004, 33, 0.0325, 17691, 0.0025
30, 0.30000000000000004, 41, 0.0325, 17700, 0.0025
30, 0.30000000000000004, 98, 0.0325, 49377, 0.0025
30, 0.30000000000000004, 98, 0.0325, 49511, 0.0025
30, 0.30000000000000004, 104, 0.0325, 49519, 0.0025
30, 0.30000000000000004, 98, 0.0325, 49650, 0.0025
30, 0.30000000000000004, 98, 0.0325, 49651, 0.0025
30, 0.30000000000000004, 98, 0.0325, 49785, 0.0025
30, 0.30000000000000004, 98, 0.0325, 49920, 0.0025
30, 0.30000000000000004, 98, 0.0325, 49921, 0.0025
30, 0.30000000000000004, 104, 0.0325, 49927, 0.0025
30, 0.30000000000000004, 98, 0.0325, 50062, 0.0025
30, 0.30000000000000004, 98, 0.0325, 50063, 0.0025
30, 0.30000000000000004, 98, 0.0325, 50064, 0.0025
30, 0.30000000000000004, 98, 0.0325, 50065, 0.0025
30, 0.30000000000000004, 104, 0.0325, 50067, 0.0025
30, 0.30000000000000004, 104, 0.0325, 50069, 0.0025
30, 0.30000000000000004, 104, 0.0325, 50070, 0.0025
30, 0.30000000000000004, 98, 0.0325, 50208, 0.0025
30, 0.30000000000000004, 104, 0.0325, 50209, 0.0025
30, 0.30000000000000004, 104, 0.0325, 50211, 0.0025
30, 0.30000000000000004, 98, 0.0325, 50350, 0.0025
30, 0.30000000000000004, 104, 0.0325, 50353, 0.0025
30, 0.30000000000000004, 104, 0.0325, 50354, 0.0025
30, 0.30000000000000004, 104, 0.0325, 50494, 0.0025
30, 0.30000000000000004, 98, 0.0325, 50627, 0.0025
30, 0.30000000000000004, 104, 0.0325, 50911, 0.0025
30, 0.30000000000000004, 104, 0.0325, 51051, 0.0025
30, 0.30000000000000004, 104, 0.0325, 51056, 0.0025
30, 0.30000000000000004, 104, 0.0325, 51198, 0.0025
30, 0.30000000000000004, 121, 0.0325, 55186, 0.0025
30, 0.30000000000000004, 121, 0.0325, 55326, 0.0025
30, 0.30000000000000004, 121, 0.0325, 55330, 0.0025
30, 0.30000000000000004, 121, 0.0325, 55617, 0.0025
30, 0.30000000000000004, 121, 0.0325, 55756, 0.0025
30, 0.30000000000000004, 121, 0.0325, 55757, 0.0025
30, 0.30000000000000004, 121, 0.0325, 55759, 0.0025
30, 0.30000000000000004, 121, 0.0325, 55902, 0.0025
30, 0.30000000000000004, 121, 0.0325, 55903, 0.0025
30, 0.30000000000000004, 121, 0.0325, 55904, 0.0025
30, 0.30000000000000004, 121, 0.0325, 56487, 0.0025
30, 0.30000000000000004, 121, 0.0325, 56633, 0.0025
30, 0.30000000000000004, 121, 0.0325, 56783, 0.0025
30, 0.30000000000000004, 121, 0.0325, 56784, 0.0025
30, 0.30000000000000004, 137, 0.0325, 63254, 0.0025
30, 0.30000000000000004, 137, 0.0325, 63421, 0.0025
30, 0.30000000000000004, 137, 0.0325, 63422, 0.0025
30, 0.30000000000000004, 137, 0.0325, 63423, 0.0025
30, 0.30000000000000004, 137, 0.0325, 63587, 0.0025
30, 0.30000000000000004, 137, 0.0325, 63592, 0.0025
30, 0.30000000000000004, 137, 0.0325, 63757, 0.0025
30, 0.30000000000000004, 137, 0.0325, 63919, 0.0025
30, 0.30000000000000004, 137, 0.0325, 63920, 0.0025
30, 0.30000000000000004, 133, 0.0325, 63922, 0.0025
30, 0.30000000000000004, 133, 0.0325, 63923, 0.0025
30, 0.30000000000000004, 137, 0.0325, 64080, 0.0025
30, 0.30000000000000004, 137, 0.0325, 64081, 0.0025
30, 0.30000000000000004, 137, 0.0325, 64082, 0.0025
30, 0.30000000000000004, 133, 0.0325, 64098, 0.0025
30, 0.30000000000000004, 131, 0.0325, 64207, 0.0025
30, 0.30000000000000004, 131, 0.0325, 64208, 0.0025
30, 0.30000000000000004, 131, 0.0325, 64209, 0.0025
30, 0.30000000000000004, 131, 0.0325, 64211, 0.0025
30, 0.30000000000000004, 131, 0.0325, 64212, 0.0025
30, 0.30000000000000004, 131, 0.0325, 64213, 0.0025
30, 0.30000000000000004, 133, 0.0325, 64258, 0.0025
30, 0.30000000000000004, 133, 0.0325, 64259, 0.0025
30, 0.30000000000000004, 131, 0.0325, 64368, 0.0025
30, 0.30000000000000004, 131, 0.0325, 64369, 0.0025
30, 0.30000000000000004, 131, 0.0325, 64370, 0.0025
30, 0.30000000000000004, 131, 0.0325, 64371, 0.0025
30, 0.30000000000000004, 137, 0.0325, 64400, 0.0025
30, 0.30000000000000004, 133, 0.0325, 64403, 0.0025
30, 0.30000000000000004, 133, 0.0325, 64404, 0.0025
30, 0.30000000000000004, 133, 0.0325, 64415, 0.0025
30, 0.30000000000000004, 131, 0.0325, 64526, 0.0025
30, 0.30000000000000004, 131, 0.0325, 64527, 0.0025
30, 0.30000000000000004, 133, 0.0325, 64572, 0.0025
30, 0.30000000000000004, 131, 0.0325, 64677, 0.0025
30, 0.30000000000000004, 131, 0.0325, 64678, 0.0025
30, 0.30000000000000004, 137, 0.0325, 64712, 0.0025
30, 0.30000000000000004, 133, 0.0325, 64726, 0.0025
30, 0.30000000000000004, 133, 0.0325, 64878, 0.0025
30, 0.30000000000000004, 133, 0.0325, 65029, 0.0025
30, 0.30000000000000004, 133, 0.0325, 65177, 0.0025
30, 0.30000000000000004, 133, 0.0325, 65178, 0.0025
30, 0.30000000000000004, 144, 0.0325, 65978, 0.0025
30, 0.30000000000000004, 144, 0.0325, 66118, 0.0025
30, 0.30000000000000004, 144, 0.0325, 66249, 0.0025
30, 0.30000000000000004, 144, 0.0325, 66251, 0.0025
30, 0.30000000000000004, 144, 0.0325, 66258, 0.0025
30, 0.30000000000000004, 144, 0.0325, 66259, 0.0025
30, 0.30000000000000004, 144, 0.0325, 66387, 0.0025
30, 0.30000000000000004, 144, 0.0325, 66390, 0.0025
30, 0.30000000000000004, 144, 0.0325, 66393, 0.0025
30, 0.30000000000000004, 144, 0.0325, 66523, 0.0025
30, 0.30000000000000004, 144, 0.0325, 66524, 0.0025
30, 0.30000000000000004, 144, 0.0325, 66787, 0.0025
30, 0.30000000000000004, 144, 0.0325, 66788, 0.0025
30, 0.30000000000000004, 144, 0.0325, 66915, 0.0025
30, 0.35000000000000003, 1, 0.0325, 1408, 0.0025
30, 0.35000000000000003, 1, 0.0325, 1409, 0.0025
30, 0.35000000000000003, 1, 0.0325, 1410, 0.0025
30, 0.35000000000000003, 1, 0.0325, 1483, 0.0025
30, 0.35000000000000003, 1, 0.0325, 1484, 0.0025
30, 0.35000000000000003, 1, 0.0325, 1485, 0.0025
30, 0.35000000000000003, 1, 0.0325, 1486, 0.0025
30, 0.35000000000000003, 2, 0.0325, 1551, 0.0025
30, 0.35000000000000003, 1, 0.0325, 1560, 0.0025
30, 0.35000000000000003, 1, 0.0325, 1561, 0.0025
30, 0.35000000000000003, 1, 0.0325, 1562, 0.0025
30, 0.35000000000000003, 1, 0.0325, 1563, 0.0025
30, 0.35000000000000003, 1, 0.0325, 1641, 0.0025
30, 0.35000000000000003, 1, 0.0325, 1642, 0.0025
30, 0.35000000000000003, 2, 0.0325, 1712, 0.0025
30, 0.35000000000000003, 1, 0.0325, 1724, 0.0025
30, 0.35000000000000003, 6, 0.0325, 1744, 0.0025
30, 0.35000000000000003, 6, 0.0325, 1832, 0.0025
30, 0.35000000000000003, 6, 0.0325, 1834, 0.0025
30, 0.35000000000000003, 6, 0.0325, 1835, 0.0025
30, 0.35000000000000003, 2, 0.0325, 1884, 0.0025
30, 0.35000000000000003, 6, 0.0325, 1922, 0.0025
30, 0.35000000000000003, 6, 0.0325, 1923, 0.0025
30, 0.35000000000000003, 6, 0.0325, 1924, 0.0025
30, 0.35000000000000003, 2, 0.0325, 1971, 0.0025
30, 0.35000000000000003, 2, 0.0325, 1972, 0.0025
30, 0.35000000000000003, 2, 0.0325, 1973, 0.0025
30, 0.35000000000000003, 2, 0.0325, 1974, 0.0025
30, 0.35000000000000003, 6, 0.0325, 2016, 0.0025
30, 0.35000000000000003, 6, 0.0325, 2017, 0.0025
30, 0.35000000000000003, 2, 0.0325, 2064, 0.0025
30, 0.35000000000000003, 2, 0.0325, 2065, 0.0025
30, 0.35000000000000003, 2, 0.0325, 2066, 0.0025
30, 0.35000000000000003, 2, 0.0325, 2067, 0.0025
30, 0.35000000000000003, 6, 0.0325, 2111, 0.0025
30, 0.35000000000000003, 2, 0.0325, 2160, 0.0025
30, 0.35000000000000003, 2, 0.0325, 2161, 0.0025
30, 0.35000000000000003, 2, 0.0325, 2259, 0.0025
30, 0.35000000000000003, 5, 0.0325, 2535, 0.0025
30, 0.35000000000000003, 5, 0.0325, 2536, 0.0025
30, 0.35000000000000003, 5, 0.0325, 2537, 0.0025
30, 0.35000000000000003, 3, 0.0325, 2547, 0.0025
30, 0.35000000000000003, 3, 0.0325, 2548, 0.0025
30, 0.35000000000000003, 3, 0.0325, 2549, 0.0025
30, 0.35000000000000003, 3, 0.0325, 2650, 0.0025
30, 0.35000000000000003, 3, 0.0325, 2651, 0.0025
30, 0.35000000000000003, 3, 0.0325, 2754, 0.0025
30, 0.35000000000000003, 3, 0.0325, 2755, 0.0025
30, 0.35000000000000003, 3, 0.0325, 2860, 0.0025
30, 0.35000000000000003, 6, 0.0325, 3258, 0.0025
30, 0.35000000000000003, 5, 0.0325, 3273, 0.0025
30, 0.35000000000000003, 5, 0.0325, 3274, 0.0025
30, 0.35000000000000003, 5, 0.0325, 3275, 0.0025
30, 0.35000000000000003, 4, 0.0325, 3322, 0.0025
30, 0.35000000000000003, 4, 0.0325, 3325, 0.0025
30, 0.35000000000000003, 4, 0.0325, 3326, 0.0025
30, 0.35000000000000003, 6, 0.0325, 3366, 0.0025
30, 0.35000000000000003, 6, 0.0325, 3367, 0.0025
30, 0.35000000000000003, 5, 0.0325, 3382, 0.0025
30, 0.35000000000000003, 5, 0.0325, 3383, 0.0025
30, 0.35000000000000003, 3, 0.0325, 3394, 0.0025
30, 0.35000000000000003, 3, 0.0325, 3395, 0.0025
30, 0.35000000000000003, 3, 0.0325, 3396, 0.0025
30, 0.35000000000000003, 5, 0.0325, 3493, 0.0025
30, 0.35000000000000003, 5, 0.0325, 3494, 0.0025
30, 0.35000000000000003, 3, 0.0325, 3506, 0.0025
30, 0.35000000000000003, 3, 0.0325, 3507, 0.0025
30, 0.35000000000000003, 4, 0.0325, 3544, 0.0025
30, 0.35000000000000003, 4, 0.0325, 3545, 0.0025
30, 0.35000000000000003, 6, 0.0325, 3589, 0.0025
30, 0.35000000000000003, 5, 0.0325, 3604, 0.0025
30, 0.35000000000000003, 3, 0.0325, 3618, 0.0025
30, 0.35000000000000003, 4, 0.0325, 3651, 0.0025
30, 0.35000000000000003, 4, 0.0325, 3653, 0.0025
30, 0.35000000000000003, 5, 0.0325, 3715, 0.0025
30, 0.35000000000000003, 5, 0.0325, 3716, 0.0025
30, 0.35000000000000003, 4, 0.0325, 3765, 0.0025
30, 0.35000000000000003, 4, 0.0325, 3767, 0.0025
30, 0.35000000000000003, 4, 0.0325, 3877, 0.0025
30, 0.35000000000000003, 4, 0.0325, 3880, 0.0025
30, 0.35000000000000003, 5, 0.0325, 3943, 0.0025
30, 0.35000000000000003, 4, 0.0325, 3992, 0.0025
30, 0.35000000000000003, 4, 0.0325, 3993, 0.0025
30, 0.35000000000000003, 4, 0.0325, 3997, 0.0025
30, 0.35000000000000003, 7, 0.0325, 4691, 0.0025
30, 0.35000000000000003, 7, 0.0325, 4811, 0.0025
30, 0.35000000000000003, 7, 0.0325, 4931, 0.0025
30, 0.35000000000000003, 7, 0.0325, 4932, 0.0025
30, 0.35000000000000003, 7, 0.0325, 5054, 0.0025
30, 0.35000000000000003, 7, 0.0325, 5175, 0.0025
30, 0.35000000000000003, 7, 0.0325, 5176, 0.0025
30, 0.35000000000000003, 7, 0.0325, 5177, 0.0025
30, 0.35000000000000003, 7, 0.0325, 5299, 0.0025
30, 0.35000000000000003, 7, 0.0325, 5300, 0.0025
30, 0.35000000000000003, 7, 0.0325, 5424, 0.0025
30, 0.35000000000000003, 7, 0.0325, 5425, 0.0025
30, 0.35000000000000003, 7, 0.0325, 5426, 0.0025
30, 0.35000000000000003, 15, 0.0325, 5534, 0.0025
30, 0.35000000000000003, 7, 0.0325, 5551, 0.0025
30, 0.35000000000000003, 15, 0.0325, 5661, 0.0025
30, 0.35000000000000003, 16, 0.0325, 5678, 0.0025
30, 0.35000000000000003, 15, 0.0325, 5790, 0.0025
30, 0.35000000000000003, 16, 0.0325, 5806, 0.0025
30, 0.35000000000000003, 15, 0.0325, 5918, 0.0025
30, 0.35000000000000003, 15, 0.0325, 5919, 0.0025
30, 0.35000000000000003, 16, 0.0325, 5934, 0.0025
30, 0.35000000000000003, 15, 0.0325, 6047, 0.0025
30, 0.35000000000000003, 15, 0.0325, 6048, 0.0025
30, 0.35000000000000003, 15, 0.0325, 6049, 0.0025
30, 0.35000000000000003, 16, 0.0325, 6063, 0.0025
30, 0.35000000000000003, 15, 0.0325, 6177, 0.0025
30, 0.35000000000000003, 15, 0.0325, 6178, 0.0025
30, 0.35000000000000003, 16, 0.0325, 6192, 0.0025
30, 0.35000000000000003, 9, 0.0325, 6210, 0.0025
30, 0.35000000000000003, 9, 0.0325, 6211, 0.0025
30, 0.35000000000000003, 9, 0.0325, 6212, 0.0025
30, 0.35000000000000003, 9, 0.0325, 6213, 0.0025
30, 0.35000000000000003, 15, 0.0325, 6308, 0.0025
30, 0.35000000000000003, 15, 0.0325, 6309, 0.0025
30, 0.35000000000000003, 16, 0.0325, 6323, 0.0025
30, 0.35000000000000003, 9, 0.0325, 6342, 0.0025
30, 0.35000000000000003, 9, 0.0325, 6343, 0.0025
30, 0.35000000000000003, 9, 0.0325, 6344, 0.0025
30, 0.35000000000000003, 9, 0.0325, 6345, 0.0025
30, 0.35000000000000003, 9, 0.0325, 6346, 0.0025
30, 0.35000000000000003, 9, 0.0325, 6347, 0.0025
30, 0.35000000000000003, 16, 0.0325, 6454, 0.0025
30, 0.35000000000000003, 9, 0.0325, 6476, 0.0025
30, 0.35000000000000003, 9, 0.0325, 6477, 0.0025
30, 0.35000000000000003, 9, 0.0325, 6478, 0.0025
30, 0.35000000000000003, 15, 0.0325, 6572, 0.0025
30, 0.35000000000000003, 16, 0.0325, 6586, 0.0025
30, 0.35000000000000003, 14, 0.0325, 6601, 0.0025
30, 0.35000000000000003, 19, 0.08500000000001098, 6605, 0.0025
30, 0.35000000000000003, 19, 0.08500000000001098, 6606, 0.0025
30, 0.35000000000000003, 9, 0.0325, 6611, 0.0025
30, 0.35000000000000003, 15, 0.0325, 6705, 0.0025
30, 0.35000000000000003, 16, 0.0325, 6719, 0.0025
30, 0.35000000000000003, 14, 0.0325, 6733, 0.0025
30, 0.35000000000000003, 14, 0.0325, 6734, 0.0025
30, 0.35000000000000003, 19, 0.08500000000001098, 6738, 0.0025
30, 0.35000000000000003, 19, 0.08500000000001098, 6739, 0.0025
30, 0.35000000000000003, 19, 0.08500000000001098, 6740, 0.0025
30, 0.35000000000000003, 16, 0.0325, 6852, 0.0025
30, 0.35000000000000003, 14, 0.0325, 6866, 0.0025
30, 0.35000000000000003, 14, 0.0325, 6867, 0.0025
30, 0.35000000000000003, 19, 0.08500000000001098, 6870, 0.0025
30, 0.35000000000000003, 19, 0.08500000000001098, 6871, 0.0025
30, 0.35000000000000003, 19, 0.08500000000001098, 6872, 0.0025
30, 0.35000000000000003, 19, 0.08500000000001098, 6873, 0.0025
30, 0.35000000000000003, 19, 0.08500000000001098, 6874, 0.0025
30, 0.35000000000000003, 18, 0.03250000000000047, 6878, 0.0025
30, 0.35000000000000003, 16, 0.0325, 6986, 0.0025
30, 0.35000000000000003, 14, 0.0325, 6999, 0.0025
30, 0.35000000000000003, 14, 0.0325, 7000, 0.0025
30, 0.35000000000000003, 19, 0.08500000000001098, 7004, 0.0025
30, 0.35000000000000003, 19, 0.08500000000001098, 7005, 0.0025
30, 0.35000000000000003, 19, 0.08500000000001098, 7006, 0.0025
30, 0.35000000000000003, 19, 0.08500000000001098, 7007, 0.0025
30, 0.35000000000000003, 19, 0.08500000000001098, 7008, 0.0025
30, 0.35000000000000003, 18, 0.03250000000000047, 7012, 0.0025
30, 0.35000000000000003, 16, 0.0325, 7119, 0.0025
30, 0.35000000000000003, 16, 0.0325, 7120, 0.0025
30, 0.35000000000000003, 14, 0.0325, 7133, 0.0025
30, 0.35000000000000003, 14, 0.0325, 7134, 0.0025
30, 0.35000000000000003, 19, 0.08500000000001098, 7138, 0.0025
30, 0.35000000000000003, 19, 0.08500000000001098, 7139, 0.0025
30, 0.35000000000000003, 19, 0.08500000000001098, 7140, 0.0025
30, 0.35000000000000003, 19, 0.08500000000001098, 7141, 0.0025
30, 0.35000000000000003, 19, 0.08500000000001098, 7142, 0.0025
30, 0.35000000000000003, 18, 0.03250000000000047, 7146, 0.0025
30, 0.35000000000000003, 18, 0.03250000000000047, 7147, 0.0025
30, 0.35000000000000003, 16, 0.0325, 7256, 0.0025
30, 0.35000000000000003, 14, 0.0325, 7269, 0.0025
30, 0.35000000000000003, 14, 0.0325, 7270, 0.0025
30, 0.35000000000000003, 19, 0.08500000000001098, 7274, 0.0025
30, 0.35000000000000003, 19, 0.08500000000001098, 7275, 0.0025
30, 0.35000000000000003, 19, 0.08500000000001098, 7276, 0.0025
30, 0.35000000000000003, 19, 0.08500000000001098, 7277, 0.0025
30, 0.35000000000000003, 19, 0.08500000000001098, 7278, 0.0025
30, 0.35000000000000003, 19, 0.08500000000001098, 7279, 0.0025
30, 0.35000000000000003, 18, 0.03250000000000047, 7282, 0.0025
30, 0.35000000000000003, 18, 0.03250000000000047, 7283, 0.0025
30, 0.35000000000000003, 19, 0.08500000000001098, 7410, 0.0025
30, 0.35000000000000003, 19, 0.08500000000001098, 7411, 0.0025
30, 0.35000000000000003, 19, 0.08500000000001098, 7412, 0.0025
30, 0.35000000000000003, 19, 0.08500000000001098, 7413, 0.0025
30, 0.35000000000000003, 19, 0.08500000000001098, 7414, 0.0025
30, 0.35000000000000003, 19, 0.08500000000001098, 7415, 0.0025
30, 0.35000000000000003, 18, 0.03250000000000047, 7418, 0.0025
30, 0.35000000000000003, 14, 0.0325, 7542, 0.0025
30, 0.35000000000000003, 14, 0.0325, 7543, 0.0025
30, 0.35000000000000003, 19, 0.08500000000001098, 7548, 0.0025
30, 0.35000000000000003, 19, 0.08500000000001098, 7551, 0.0025
30, 0.35000000000000003, 19, 0.08500000000001098, 7552, 0.0025
30, 0.35000000000000003, 18, 0.03250000000000047, 7555, 0.0025
30, 0.35000000000000003, 18, 0.03250000000000047, 7556, 0.0025
30, 0.35000000000000003, 14, 0.0325, 7681, 0.0025
30, 0.35000000000000003, 18, 0.03250000000000047, 7693, 0.0025
30, 0.35000000000000003, 18, 0.03250000000000047, 7694, 0.0025
30, 0.35000000000000003, 18, 0.03250000000000047, 7832, 0.0025
30, 0.35000000000000003, 18, 0.03250000000000047, 7971, 0.0025
30, 0.35000000000000003, 18, 0.03250000000000047, 7972, 0.0025
30, 0.35000000000000003, 25, 0.06999999999999902, 9428, 0.0025
30, 0.35000000000000003, 25, 0.06999999999999902, 9577, 0.0025
30, 0.35000000000000003, 25, 0.06999999999999902, 9578, 0.0025
30, 0.35000000000000003, 25, 0.06999999999999902, 9717, 0.0025
30, 0.35000000000000003, 25, 0.06999999999999902, 9718, 0.0025
30, 0.35000000000000003, 25, 0.06999999999999902, 9719, 0.0025
30, 0.35000000000000003, 25, 0.06999999999999902, 9720, 0.0025
30, 0.35000000000000003, 25, 0.06999999999999902, 9847, 0.0025
30, 0.35000000000000003, 25, 0.06999999999999902, 9849, 0.0025
30, 0.35000000000000003, 25, 0.06999999999999902, 9850, 0.0025
30, 0.35000000000000003, 25, 0.06999999999999902, 9851, 0.0025
30, 0.35000000000000003, 25, 0.06999999999999902, 9852, 0.0025
30, 0.35000000000000003, 25, 0.06999999999999902, 9975, 0.0025
30, 0.35000000000000003, 25, 0.06999999999999902, 9976, 0.0025
30, 0.35000000000000003, 25, 0.06999999999999902, 9977, 0.0025
30, 0.35000000000000003, 25, 0.06999999999999902, 10090, 0.0025
30, 0.35000000000000003, 25, 0.06999999999999902, 10093, 0.0025
30, 0.35000000000000003, 25, 0.06999999999999902, 10095, 0.0025
30, 0.35000000000000003, 25, 0.06999999999999902, 10203, 0.0025
30, 0.35000000000000003, 25, 0.06999999999999902, 10204, 0.0025
30, 0.35000000000000003, 25, 0.06999999999999902, 10205, 0.0025
30, 0.35000000000000003, 25, 0.06999999999999902, 10206, 0.0025
30, 0.35000000000000003, 25, 0.06999999999999902, 10319, 0.0025
30, 0.35000000000000003, 25, 0.06999999999999902, 10321, 0.0025
30, 0.35000000000000003, 25, 0.06999999999999902, 10322, 0.0025
30, 0.35000000000000003, 25, 0.06999999999999902, 10323, 0.0025
30, 0.35000000000000003, 25, 0.06999999999999902, 10324, 0.0025
30, 0.35000000000000003, 25, 0.06999999999999902, 10437, 0.0025
30, 0.35000000000000003, 25, 0.06999999999999902, 10439, 0.0025
30, 0.35000000000000003, 31, 0.0325, 11242, 0.0025
30, 0.35000000000000003, 31, 0.0325, 11353, 0.0025
30, 0.35000000000000003, 31, 0.0325, 11469, 0.0025
30, 0.35000000000000003, 31, 0.0325, 11580, 0.0025
30, 0.35000000000000003, 31, 0.0325, 11581, 0.0025
30, 0.35000000000000003, 31, 0.0325, 11582, 0.0025
30, 0.35000000000000003, 31, 0.0325, 11694, 0.0025
30, 0.35000000000000003, 31, 0.0325, 11695, 0.0025
30, 0.35000000000000003, 31, 0.0325, 11696, 0.0025
30, 0.35000000000000003, 31, 0.0325, 11807, 0.0025
30, 0.35000000000000003, 31, 0.0325, 11808, 0.0025
30, 0.35000000000000003, 31, 0.0325, 11809, 0.0025
30, 0.35000000000000003, 31, 0.0325, 11810, 0.0025
30, 0.35000000000000003, 31, 0.0325, 11921, 0.0025
30, 0.35000000000000003, 34, 0.0325, 15478, 0.0025
30, 0.35000000000000003, 34, 0.0325, 15479, 0.0025
30, 0.35000000000000003, 30, 0.0325, 15613, 0.0025
30, 0.35000000000000003, 34, 0.0325, 15708, 0.0025
30, 0.35000000000000003, 34, 0.0325, 15710, 0.0025
30, 0.35000000000000003, 30, 0.0325, 15732, 0.0025
30, 0.35000000000000003, 34, 0.0325, 15828, 0.0025
30, 0.35000000000000003, 34, 0.0325, 15829, 0.0025
30, 0.35000000000000003, 34, 0.0325, 15830, 0.0025
30, 0.35000000000000003, 30, 0.0325, 15847, 0.0025
30, 0.35000000000000003, 30, 0.0325, 15849, 0.0025
30, 0.35000000000000003, 30, 0.0325, 15964, 0.0025
30, 0.35000000000000003, 34, 0.0325, 16065, 0.0025
30, 0.35000000000000003, 30, 0.0325, 16084, 0.0025
30, 0.35000000000000003, 34, 0.0325, 16181, 0.0025
30, 0.35000000000000003, 34, 0.0325, 16182, 0.0025
30, 0.35000000000000003, 30, 0.0325, 16203, 0.0025
30, 0.35000000000000003, 34, 0.0325, 16299, 0.0025
30, 0.35000000000000003, 33, 0.0325, 16311, 0.0025
30, 0.35000000000000003, 30, 0.0325, 16317, 0.0025
30, 0.35000000000000003, 30, 0.0325, 16321, 0.0025
30, 0.35000000000000003, 30, 0.0325, 16322, 0.0025
30, 0.35000000000000003, 34, 0.0325, 16411, 0.0025
30, 0.35000000000000003, 30, 0.0325, 16431, 0.0025
30, 0.35000000000000003, 30, 0.0325, 16434, 0.0025
30, 0.35000000000000003, 33, 0.0325, 16536, 0.0025
30, 0.35000000000000003, 33, 0.0325, 16537, 0.0025
30, 0.35000000000000003, 33, 0.0325, 16645, 0.0025
30, 0.35000000000000003, 33, 0.0325, 16646, 0.0025
30, 0.35000000000000003, 33, 0.0325, 16648, 0.0025
30, 0.35000000000000003, 30, 0.0325, 16657, 0.0025
30, 0.35000000000000003, 30, 0.0325, 16761, 0.0025
30, 0.35000000000000003, 33, 0.0325, 16860, 0.0025
30, 0.35000000000000003, 33, 0.0325, 16863, 0.0025
30, 0.35000000000000003, 33, 0.0325, 16865, 0.0025
30, 0.35000000000000003, 33, 0.0325, 16866, 0.0025
30, 0.35000000000000003, 33, 0.0325, 16868, 0.0025
30, 0.35000000000000003, 38, 0.0325, 16879, 0.0025
30, 0.35000000000000003, 33, 0.0325, 16974, 0.0025
30, 0.35000000000000003, 38, 0.0325, 16990, 0.0025
30, 0.35000000000000003, 38, 0.0325, 16991, 0.0025
30, 0.35000000000000003, 41, 0.0325, 17092, 0.0025
30, 0.35000000000000003, 38, 0.0325, 17098, 0.0025
30, 0.35000000000000003, 33, 0.0325, 17184, 0.0025
30, 0.35000000000000003, 41, 0.0325, 17190, 0.0025
30, 0.35000000000000003, 38, 0.0325, 17201, 0.0025
30, 0.35000000000000003, 38, 0.0325, 17203, 0.0025
30, 0.35000000000000003, 41, 0.0325, 17295, 0.0025
30, 0.35000000000000003, 41, 0.0325, 17299, 0.0025
30, 0.35000000000000003, 38, 0.0325, 17304, 0.0025
30, 0.35000000000000003, 38, 0.0325, 17305, 0.0025
30, 0.35000000000000003, 38, 0.0325, 17306, 0.0025
30, 0.35000000000000003, 34, 0.0325, 17383, 0.0025
30, 0.35000000000000003, 41, 0.0325, 17395, 0.0025
30, 0.35000000000000003, 41, 0.0325, 17401, 0.0025
30, 0.35000000000000003, 41, 0.0325, 17402, 0.0025
30, 0.35000000000000003, 38, 0.0325, 17407, 0.0025
30, 0.35000000000000003, 38, 0.0325, 17408, 0.0025
30, 0.35000000000000003, 38, 0.0325, 17409, 0.0025
30, 0.35000000000000003, 34, 0.0325, 17487, 0.0025
30, 0.35000000000000003, 41, 0.0325, 17503, 0.0025
30, 0.35000000000000003, 41, 0.0325, 17505, 0.0025
30, 0.35000000000000003, 41, 0.0325, 17506, 0.0025
30, 0.35000000000000003, 38, 0.0325, 17512, 0.0025
30, 0.35000000000000003, 41, 0.0325, 17602, 0.0025
30, 0.35000000000000003, 41, 0.0325, 17603, 0.0025
30, 0.35000000000000003, 41, 0.0325, 17605, 0.0025
30, 0.35000000000000003, 38, 0.0325, 17612, 0.0025
30, 0.35000000000000003, 33, 0.0325, 17691, 0.0025
30, 0.35000000000000003, 41, 0.0325, 17700, 0.0025
30, 0.35000000000000003, 98, 0.0325, 49377, 0.0025
30, 0.35000000000000003, 98, 0.0325, 49511, 0.0025
30, 0.35000000000000003, 104, 0.0325, 49519, 0.0025
30, 0.35000000000000003, 98, 0.0325, 49650, 0.0025
30, 0.35000000000000003, 98, 0.0325, 49651, 0.0025
30, 0.35000000000000003, 98, 0.0325, 49785, 0.0025
30, 0.35000000000000003, 98, 0.0325, 49920, 0.0025
30, 0.35000000000000003, 98, 0.0325, 49921, 0.0025
30, 0.35000000000000003, 104, 0.0325, 49927, 0.0025
30, 0.35000000000000003, 98, 0.0325, 50062, 0.0025
30, 0.35000000000000003, 98, 0.0325, 50063, 0.0025
30, 0.35000000000000003, 98, 0.0325, 50064, 0.0025
30, 0.35000000000000003, 98, 0.0325, 50065, 0.0025
30, 0.35000000000000003, 104, 0.0325, 50067, 0.0025
30, 0.35000000000000003, 104, 0.0325, 50069, 0.0025
30, 0.35000000000000003, 104, 0.0325, 50070, 0.0025
30, 0.35000000000000003, 98, 0.0325, 50208, 0.0025
30, 0.35000000000000003, 104, 0.0325, 50209, 0.0025
30, 0.35000000000000003, 104, 0.0325, 50211, 0.0025
30, 0.35000000000000003, 98, 0.0325, 50350, 0.0025
30, 0.35000000000000003, 104, 0.0325, 50353, 0.0025
30, 0.35000000000000003, 104, 0.0325, 50354, 0.0025
30, 0.35000000000000003, 104, 0.0325, 50494, 0.0025
30, 0.35000000000000003, 98, 0.0325, 50627, 0.0025
30, 0.35000000000000003, 104, 0.0325, 50911, 0.0025
30, 0.35000000000000003, 104, 0.0325, 51051, 0.0025
30, 0.35000000000000003, 104, 0.0325, 51056, 0.0025
30, 0.35000000000000003, 104, 0.0325, 51198, 0.0025
30, 0.35000000000000003, 121, 0.0325, 55186, 0.0025
30, 0.35000000000000003, 121, 0.0325, 55326, 0.0025
30, 0.35000000000000003, 121, 0.0325, 55330, 0.0025
30, 0.35000000000000003, 121, 0.0325, 55617, 0.0025
30, 0.35000000000000003, 121, 0.0325, 55756, 0.0025
30, 0.35000000000000003, 121, 0.0325, 55757, 0.0025
30, 0.35000000000000003, 121, 0.0325, 55759, 0.0025
30, 0.35000000000000003, 121, 0.0325, 55902, 0.0025
30, 0.35000000000000003, 121, 0.0325, 55903, 0.0025
30, 0.35000000000000003, 121, 0.0325, 55904, 0.0025
30, 0.35000000000000003, 116, 0.0325, 56389, 0.0025
30, 0.35000000000000003, 121, 0.0325, 56487, 0.0025
30, 0.35000000000000003, 116, 0.0325, 56537, 0.0025
30, 0.35000000000000003, 116, 0.0325, 56538, 0.0025
30, 0.35000000000000003, 121, 0.0325, 56633, 0.0025
30, 0.35000000000000003, 121, 0.0325, 56783, 0.0025
30, 0.35000000000000003, 121, 0.0325, 56784, 0.0025
30, 0.35000000000000003, 116, 0.0325, 56835, 0.0025
30, 0.35000000000000003, 116, 0.0325, 56983, 0.0025
30, 0.35000000000000003, 116, 0.0325, 57589, 0.0025
30, 0.35000000000000003, 116, 0.0325, 58372, 0.0025
30, 0.35000000000000003, 116, 0.0325, 58374, 0.0025
30, 0.35000000000000003, 116, 0.0325, 58535, 0.0025
30, 0.35000000000000003, 116, 0.0325, 58536, 0.0025
30, 0.35000000000000003, 116, 0.0325, 58537, 0.0025
30, 0.35000000000000003, 116, 0.0325, 58702, 0.0025
30, 0.35000000000000003, 116, 0.0325, 58703, 0.0025
30, 0.35000000000000003, 116, 0.0325, 59042, 0.0025
30, 0.35000000000000003, 137, 0.0325, 63254, 0.0025
30, 0.35000000000000003, 137, 0.0325, 63421, 0.0025
30, 0.35000000000000003, 137, 0.0325, 63422, 0.0025
30, 0.35000000000000003, 137, 0.0325, 63423, 0.0025
30, 0.35000000000000003, 137, 0.0325, 63587, 0.0025
30, 0.35000000000000003, 137, 0.0325, 63592, 0.0025
30, 0.35000000000000003, 137, 0.0325, 63757, 0.0025
30, 0.35000000000000003, 137, 0.0325, 63919, 0.0025
30, 0.35000000000000003, 137, 0.0325, 63920, 0.0025
30, 0.35000000000000003, 133, 0.0325, 63922, 0.0025
30, 0.35000000000000003, 133, 0.0325, 63923, 0.0025
30, 0.35000000000000003, 137, 0.0325, 64080, 0.0025
30, 0.35000000000000003, 137, 0.0325, 64081, 0.0025
30, 0.35000000000000003, 137, 0.0325, 64082, 0.0025
30, 0.35000000000000003, 133, 0.0325, 64098, 0.0025
30, 0.35000000000000003, 131, 0.03249999999999976, 64207, 0.0025
30, 0.35000000000000003, 131, 0.03249999999999976, 64208, 0.0025
30, 0.35000000000000003, 131, 0.03249999999999976, 64209, 0.0025
30, 0.35000000000000003, 131, 0.03249999999999976, 64211, 0.0025
30, 0.35000000000000003, 131, 0.03249999999999976, 64212, 0.0025
30, 0.35000000000000003, 131, 0.03249999999999976, 64213, 0.0025
30, 0.35000000000000003, 133, 0.0325, 64258, 0.0025
30, 0.35000000000000003, 133, 0.0325, 64259, 0.0025
30, 0.35000000000000003, 131, 0.03249999999999976, 64368, 0.0025
30, 0.35000000000000003, 131, 0.03249999999999976, 64369, 0.0025
30, 0.35000000000000003, 131, 0.03249999999999976, 64370, 0.0025
30, 0.35000000000000003, 131, 0.03249999999999976, 64371, 0.0025
30, 0.35000000000000003, 137, 0.0325, 64400, 0.0025
30, 0.35000000000000003, 133, 0.0325, 64403, 0.0025
30, 0.35000000000000003, 133, 0.0325, 64404, 0.0025
30, 0.35000000000000003, 133, 0.0325, 64415, 0.0025
30, 0.35000000000000003, 131, 0.03249999999999976, 64526, 0.0025
30, 0.35000000000000003, 131, 0.03249999999999976, 64527, 0.0025
30, 0.35000000000000003, 133, 0.0325, 64572, 0.0025
30, 0.35000000000000003, 131, 0.03249999999999976, 64677, 0.0025
30, 0.35000000000000003, 131, 0.03249999999999976, 64678, 0.0025
30, 0.35000000000000003, 137, 0.0325, 64712, 0.0025
30, 0.35000000000000003, 133, 0.0325, 64726, 0.0025
30, 0.35000000000000003, 133, 0.0325, 64878, 0.0025
30, 0.35000000000000003, 133, 0.0325, 65029, 0.0025
30, 0.35000000000000003, 133, 0.0325, 65177, 0.0025
30, 0.35000000000000003, 133, 0.0325, 65178, 0.0025
30, 0.35000000000000003, 144, 0.0325, 65978, 0.0025
30, 0.35000000000000003, 144, 0.0325, 66118, 0.0025
30, 0.35000000000000003, 144, 0.0325, 66249, 0.0025
30, 0.35000000000000003, 144, 0.0325, 66251, 0.0025
30, 0.35000000000000003, 144, 0.0325, 66258, 0.0025
30, 0.35000000000000003, 144, 0.0325, 66259, 0.0025
30, 0.35000000000000003, 144, 0.0325, 66387, 0.0025
30, 0.35000000000000003, 144, 0.0325, 66390, 0.0025
30, 0.35000000000000003, 144, 0.0325, 66393, 0.0025
30, 0.35000000000000003, 144, 0.0325, 66523, 0.0025
30, 0.35000000000000003, 144, 0.0325, 66524, 0.0025
30, 0.35000000000000003, 144, 0.0325, 66787, 0.0025
30, 0.35000000000000003, 144, 0.0325, 66788, 0.0025
30, 0.35000000000000003, 144, 0.0325, 66915, 0.0025
30, 0.4, 1, 0.0325, 1408, 0.0025
30, 0.4, 1, 0.0325, 1409, 0.0025
30, 0.4, 1, 0.0325, 1410, 0.0025
30, 0.4, 1, 0.0325, 1483, 0.0025
30, 0.4, 1, 0.0325, 1484, 0.0025
30, 0.4, 1, 0.0325, 1485, 0.0025
30, 0.4, 1, 0.0325, 1486, 0.0025
30, 0.4, 2, 0.03249999999999992, 1551, 0.0025
30, 0.4, 1, 0.0325, 1560, 0.0025
30, 0.4, 1, 0.0325, 1561, 0.0025
30, 0.4, 1, 0.0325, 1562, 0.0025
30, 0.4, 1, 0.0325, 1563, 0.0025
30, 0.4, 1, 0.0325, 1641, 0.0025
30, 0.4, 1, 0.0325, 1642, 0.0025
30, 0.4, 2, 0.03249999999999992, 1712, 0.0025
30, 0.4, 1, 0.0325, 1724, 0.0025
30, 0.4, 6, 0.0325, 1744, 0.0025
30, 0.4, 6, 0.0325, 1832, 0.0025
30, 0.4, 6, 0.0325, 1834, 0.0025
30, 0.4, 6, 0.0325, 1835, 0.0025
30, 0.4, 2, 0.03249999999999992, 1884, 0.0025
30, 0.4, 6, 0.0325, 1922, 0.0025
30, 0.4, 6, 0.0325, 1923, 0.0025
30, 0.4, 6, 0.0325, 1924, 0.0025
30, 0.4, 2, 0.03249999999999992, 1971, 0.0025
30, 0.4, 2, 0.03249999999999992, 1972, 0.0025
30, 0.4, 2, 0.03249999999999992, 1973, 0.0025
30, 0.4, 2, 0.03249999999999992, 1974, 0.0025
30, 0.4, 6, 0.0325, 2016, 0.0025
30, 0.4, 6, 0.0325, 2017, 0.0025
30, 0.4, 2, 0.03249999999999992, 2064, 0.0025
30, 0.4, 2, 0.03249999999999992, 2065, 0.0025
30, 0.4, 2, 0.03249999999999992, 2066, 0.0025
30, 0.4, 2, 0.03249999999999992, 2067, 0.0025
30, 0.4, 6, 0.0325, 2111, 0.0025
30, 0.4, 2, 0.03249999999999992, 2160, 0.0025
30, 0.4, 2, 0.03249999999999992, 2161, 0.0025
30, 0.4, 2, 0.03249999999999992, 2259, 0.0025
30, 0.4, 5, 0.03249999999999992, 2535, 0.0025
30, 0.4, 5, 0.03249999999999992, 2536, 0.0025
30, 0.4, 5, 0.03249999999999992, 2537, 0.0025
30, 0.4, 3, 0.03249999999999992, 2547, 0.0025
30, 0.4, 3, 0.03249999999999992, 2548, 0.0025
30, 0.4, 3, 0.03249999999999992, 2549, 0.0025
30, 0.4, 3, 0.03249999999999992, 2650, 0.0025
30, 0.4, 3, 0.03249999999999992, 2651, 0.0025
30, 0.4, 3, 0.03249999999999992, 2754, 0.0025
30, 0.4, 3, 0.03249999999999992, 2755, 0.0025
30, 0.4, 3, 0.03249999999999992, 2860, 0.0025
30, 0.4, 6, 0.0325, 3258, 0.0025
30, 0.4, 5, 0.03249999999999992, 3273, 0.0025
30, 0.4, 5, 0.03249999999999992, 3274, 0.0025
30, 0.4, 5, 0.03249999999999992, 3275, 0.0025
30, 0.4, 4, 0.0325, 3322, 0.0025
30, 0.4, 4, 0.0325, 3325, 0.0025
30, 0.4, 4, 0.0325, 3326, 0.0025
30, 0.4, 6, 0.0325, 3366, 0.0025
30, 0.4, 6, 0.0325, 3367, 0.0025
30, 0.4, 5, 0.03249999999999992, 3382, 0.0025
30, 0.4, 5, 0.03249999999999992, 3383, 0.0025
30, 0.4, 3, 0.03249999999999992, 3394, 0.0025
30, 0.4, 3, 0.03249999999999992, 3395, 0.0025
30, 0.4, 3, 0.03249999999999992, 3396, 0.0025
30, 0.4, 5, 0.03249999999999992, 3493, 0.0025
30, 0.4, 5, 0.03249999999999992, 3494, 0.0025
30, 0.4, 3, 0.03249999999999992, 3506, 0.0025
30, 0.4, 3, 0.03249999999999992, 3507, 0.0025
30, 0.4, 4, 0.0325, 3544, 0.0025
30, 0.4, 4, 0.0325, 3545, 0.0025
30, 0.4, 6, 0.0325, 3589, 0.0025
30, 0.4, 5, 0.03249999999999992, 3604, 0.0025
30, 0.4, 3, 0.03249999999999992, 3618, 0.0025
30, 0.4, 4, 0.0325, 3651, 0.0025
30, 0.4, 4, 0.0325, 3653, 0.0025
30, 0.4, 5, 0.03249999999999992, 3715, 0.0025
30, 0.4, 5, 0.03249999999999992, 3716, 0.0025
30, 0.4, 4, 0.0325, 3765, 0.0025
30, 0.4, 4, 0.0325, 3767, 0.0025
30, 0.4, 4, 0.0325, 3877, 0.0025
30, 0.4, 4, 0.0325, 3880, 0.0025
30, 0.4, 5, 0.03249999999999992, 3943, 0.0025
30, 0.4, 4, 0.0325, 3992, 0.0025
30, 0.4, 4, 0.0325, 3993, 0.0025
30, 0.4, 4, 0.0325, 3997, 0.0025
30, 0.4, 15, 0.03249999999999992, 5534, 0.0025
30, 0.4, 15, 0.03249999999999992, 5661, 0.0025
30, 0.4, 16, 0.0325, 5678, 0.0025
30, 0.4, 15, 0.03249999999999992, 5790, 0.0025
30, 0.4, 16, 0.0325, 5806, 0.0025
30, 0.4, 15, 0.03249999999999992, 5918, 0.0025
30, 0.4, 15, 0.03249999999999992, 5919, 0.0025
30, 0.4, 16, 0.0325, 5934, 0.0025
30, 0.4, 15, 0.03249999999999992, 6047, 0.0025
30, 0.4, 15, 0.03249999999999992, 6048, 0.0025
30, 0.4, 15, 0.03249999999999992, 6049, 0.0025
30, 0.4, 16, 0.0325, 6063, 0.0025
30, 0.4, 15, 0.03249999999999992, 6177, 0.0025
30, 0.4, 15, 0.03249999999999992, 6178, 0.0025
30, 0.4, 16, 0.0325, 6192, 0.0025
30, 0.4, 9, 0.03249999999999989, 6210, 0.0025
30, 0.4, 9, 0.03249999999999989, 6211, 0.0025
30, 0.4, 9, 0.03249999999999989, 6212, 0.0025
30, 0.4, 9, 0.03249999999999989, 6213, 0.0025
30, 0.4, 15, 0.03249999999999992, 6308, 0.0025
30, 0.4, 15, 0.03249999999999992, 6309, 0.0025
30, 0.4, 16, 0.0325, 6323, 0.0025
30, 0.4, 9, 0.03249999999999989, 6342, 0.0025
30, 0.4, 9, 0.03249999999999989, 6343, 0.0025
30, 0.4, 9, 0.03249999999999989, 6344, 0.0025
30, 0.4, 9, 0.03249999999999989, 6345, 0.0025
30, 0.4, 9, 0.03249999999999989, 6346, 0.0025
30, 0.4, 9, 0.03249999999999989, 6347, 0.0025
30, 0.4, 16, 0.0325, 6454, 0.0025
30, 0.4, 9, 0.03249999999999989, 6476, 0.0025
30, 0.4, 9, 0.03249999999999989, 6477, 0.0025
30, 0.4, 9, 0.03249999999999989, 6478, 0.0025
30, 0.4, 15, 0.03249999999999992, 6572, 0.0025
30, 0.4, 16, 0.0325, 6586, 0.0025
30, 0.4, 14, 0.0325, 6601, 0.0025
30, 0.4, 19, 0.0775, 6605, 0.0025
30, 0.4, 19, 0.0775, 6606, 0.0025
30, 0.4, 9, 0.03249999999999989, 6611, 0.0025
30, 0.4, 15, 0.03249999999999992, 6705, 0.0025
30, 0.4, 16, 0.0325, 6719, 0.0025
30, 0.4, 14, 0.0325, 6733, 0.0025
30, 0.4, 14, 0.0325, 6734, 0.0025
30, 0.4, 19, 0.0775, 6738, 0.0025
30, 0.4, 19, 0.0775, 6739, 0.0025
30, 0.4, 19, 0.0775, 6740, 0.0025
30, 0.4, 16, 0.0325, 6852, 0.0025
30, 0.4, 14, 0.0325, 6866, 0.0025
30, 0.4, 14, 0.0325, 6867, 0.0025
30, 0.4, 19, 0.0775, 6870, 0.0025
30, 0.4, 19, 0.0775, 6871, 0.0025
30, 0.4, 19, 0.0775, 6872, 0.0025
30, 0.4, 19, 0.0775, 6873, 0.0025
30, 0.4, 19, 0.0775, 6874, 0.0025
30, 0.4, 18, 0.0325, 6878, 0.0025
30, 0.4, 16, 0.0325, 6986, 0.0025
30, 0.4, 14, 0.0325, 6999, 0.0025
30, 0.4, 14, 0.0325, 7000, 0.0025
30, 0.4, 19, 0.0775, 7004, 0.0025
30, 0.4, 19, 0.0775, 7005, 0.0025
30, 0.4, 19, 0.0775, 7006, 0.0025
30, 0.4, 19, 0.0775, 7007, 0.0025
30, 0.4, 19, 0.0775, 7008, 0.0025
30, 0.4, 18, 0.0325, 7012, 0.0025
30, 0.4, 16, 0.0325, 7119, 0.0025
30, 0.4, 16, 0.0325, 7120, 0.0025
30, 0.4, 14, 0.0325, 7133, 0.0025
30, 0.4, 14, 0.0325, 7134, 0.0025
30, 0.4, 19, 0.0775, 7138, 0.0025
30, 0.4, 19, 0.0775, 7139, 0.0025
30, 0.4, 19, 0.0775, 7140, 0.0025
30, 0.4, 19, 0.0775, 7141, 0.0025
30, 0.4, 19, 0.0775, 7142, 0.0025
30, 0.4, 18, 0.0325, 7146, 0.0025
30, 0.4, 18, 0.0325, 7147, 0.0025
30, 0.4, 16, 0.0325, 7256, 0.0025
30, 0.4, 14, 0.0325, 7269, 0.0025
30, 0.4, 14, 0.0325, 7270, 0.0025
30, 0.4, 19, 0.0775, 7274, 0.0025
30, 0.4, 19, 0.0775, 7275, 0.0025
30, 0.4, 19, 0.0775, 7276, 0.0025
30, 0.4, 19, 0.0775, 7278, 0.0025
30, 0.4, 19, 0.0775, 7279, 0.0025
30, 0.4, 18, 0.0325, 7282, 0.0025
30, 0.4, 18, 0.0325, 7283, 0.0025
30, 0.4, 19, 0.0775, 7410, 0.0025
30, 0.4, 19, 0.0775, 7411, 0.0025
30, 0.4, 19, 0.0775, 7412, 0.0025
30, 0.4, 19, 0.0775, 7413, 0.0025
30, 0.4, 19, 0.0775, 7415, 0.0025
30, 0.4, 18, 0.0325, 7418, 0.0025
30, 0.4, 14, 0.0325, 7542, 0.0025
30, 0.4, 14, 0.0325, 7543, 0.0025
30, 0.4, 19, 0.0775, 7548, 0.0025
30, 0.4, 19, 0.0775, 7551, 0.0025
30, 0.4, 18, 0.0325, 7555, 0.0025
30, 0.4, 18, 0.0325, 7556, 0.0025
30, 0.4, 14, 0.0325, 7681, 0.0025
30, 0.4, 18, 0.0325, 7693, 0.0025
30, 0.4, 18, 0.0325, 7694, 0.0025
30, 0.4, 18, 0.0325, 7832, 0.0025
30, 0.4, 18, 0.0325, 7971, 0.0025
30, 0.4, 18, 0.0325, 7972, 0.0025
30, 0.4, 25, 0.075, 9428, 0.0025
30, 0.4, 25, 0.075, 9577, 0.0025
30, 0.4, 25, 0.075, 9578, 0.0025
30, 0.4, 25, 0.075, 9717, 0.0025
30, 0.4, 25, 0.075, 9718, 0.0025
30, 0.4, 25, 0.075, 9719, 0.0025
30, 0.4, 25, 0.075, 9720, 0.0025
30, 0.4, 25, 0.075, 9847, 0.0025
30, 0.4, 25, 0.075, 9849, 0.0025
30, 0.4, 25, 0.075, 9850, 0.0025
30, 0.4, 25, 0.075, 9851, 0.0025
30, 0.4, 25, 0.075, 9852, 0.0025
30, 0.4, 25, 0.075, 9975, 0.0025
30, 0.4, 25, 0.075, 9976, 0.0025
30, 0.4, 25, 0.075, 9977, 0.0025
30, 0.4, 25, 0.075, 10090, 0.0025
30, 0.4, 25, 0.075, 10093, 0.0025
30, 0.4, 25, 0.075, 10095, 0.0025
30, 0.4, 25, 0.075, 10096, 0.0025
30, 0.4, 25, 0.075, 10203, 0.0025
30, 0.4, 25, 0.075, 10204, 0.0025
30, 0.4, 25, 0.075, 10205, 0.0025
30, 0.4, 25, 0.075, 10206, 0.0025
30, 0.4, 25, 0.075, 10319, 0.0025
30, 0.4, 25, 0.075, 10321, 0.0025
30, 0.4, 25, 0.075, 10322, 0.0025
30, 0.4, 25, 0.075, 10323, 0.0025
30, 0.4, 25, 0.075, 10324, 0.0025
30, 0.4, 25, 0.075, 10437, 0.0025
30, 0.4, 25, 0.075, 10438, 0.0025
30, 0.4, 25, 0.075, 10439, 0.0025
30, 0.4, 31, 0.0325, 11242, 0.0025
30, 0.4, 31, 0.0325, 11353, 0.0025
30, 0.4, 31, 0.0325, 11469, 0.0025
30, 0.4, 31, 0.0325, 11580, 0.0025
30, 0.4, 31, 0.0325, 11581, 0.0025
30, 0.4, 31, 0.0325, 11582, 0.0025
30, 0.4, 31, 0.0325, 11694, 0.0025
30, 0.4, 31, 0.0325, 11695, 0.0025
30, 0.4, 31, 0.0325, 11696, 0.0025
30, 0.4, 31, 0.0325, 11807, 0.0025
30, 0.4, 31, 0.0325, 11808, 0.0025
30, 0.4, 31, 0.0325, 11809, 0.0025
30, 0.4, 31, 0.0325, 11810, 0.0025
30, 0.4, 31, 0.0325, 11921, 0.0025
30, 0.4, 34, 0.0325, 15478, 0.0025
30, 0.4, 34, 0.0325, 15479, 0.0025
30, 0.4, 30, 0.0325, 15613, 0.0025
30, 0.4, 34, 0.0325, 15708, 0.0025
30, 0.4, 34, 0.0325, 15710, 0.0025
30, 0.4, 30, 0.0325, 15732, 0.0025
30, 0.4, 34, 0.0325, 15828, 0.0025
30, 0.4, 34, 0.0325, 15829, 0.0025
30, 0.4, 34, 0.0325, 15830, 0.0025
30, 0.4, 30, 0.0325, 15847, 0.0025
30, 0.4, 30, 0.0325, 15849, 0.0025
30, 0.4, 30, 0.0325, 15964, 0.0025
30, 0.4, 34, 0.0325, 16065, 0.0025
30, 0.4, 30, 0.0325, 16084, 0.0025
30, 0.4, 34, 0.0325, 16181, 0.0025
30, 0.4, 34, 0.0325, 16182, 0.0025
30, 0.4, 30, 0.0325, 16203, 0.0025
30, 0.4, 34, 0.0325, 16299, 0.0025
30, 0.4, 33, 0.0325, 16311, 0.0025
30, 0.4, 30, 0.0325, 16317, 0.0025
30, 0.4, 30, 0.0325, 16321, 0.0025
30, 0.4, 30, 0.0325, 16322, 0.0025
30, 0.4, 34, 0.0325, 16411, 0.0025
30, 0.4, 30, 0.0325, 16431, 0.0025
30, 0.4, 30, 0.0325, 16434, 0.0025
30, 0.4, 33, 0.0325, 16536, 0.0025
30, 0.4, 33, 0.0325, 16537, 0.0025
30, 0.4, 33, 0.0325, 16645, 0.0025
30, 0.4, 33, 0.0325, 16646, 0.0025
30, 0.4, 33, 0.0325, 16648, 0.0025
30, 0.4, 30, 0.0325, 16657, 0.0025
30, 0.4, 30, 0.0325, 16761, 0.0025
30, 0.4, 33, 0.0325, 16860, 0.0025
30, 0.4, 33, 0.0325, 16863, 0.0025
30, 0.4, 33, 0.0325, 16865, 0.0025
30, 0.4, 33, 0.0325, 16866, 0.0025
30, 0.4, 33, 0.0325, 16868, 0.0025
30, 0.4, 38, 0.0325, 16879, 0.0025
30, 0.4, 33, 0.0325, 16974, 0.0025
30, 0.4, 38, 0.0325, 16990, 0.0025
30, 0.4, 38, 0.0325, 16991, 0.0025
30, 0.4, 41, 0.03500000000000333, 17092, 0.0025
30, 0.4, 38, 0.0325, 17098, 0.0025
30, 0.4, 33, 0.0325, 17184, 0.0025
30, 0.4, 41, 0.03500000000000333, 17190, 0.0025
30, 0.4, 41, 0.03500000000000333, 17197, 0.0025
30, 0.4, 38, 0.0325, 17201, 0.0025
30, 0.4, 38, 0.0325, 17203, 0.0025
30, 0.4, 41, 0.03500000000000333, 17295, 0.0025
30, 0.4, 41, 0.03500000000000333, 17299, 0.0025
30, 0.4, 38, 0.0325, 17304, 0.0025
30, 0.4, 38, 0.0325, 17305, 0.0025
30, 0.4, 38, 0.0325, 17306, 0.0025
30, 0.4, 34, 0.0325, 17383, 0.0025
30, 0.4, 41, 0.03500000000000333, 17395, 0.0025
30, 0.4, 41, 0.03500000000000333, 17401, 0.0025
30, 0.4, 41, 0.03500000000000333, 17402, 0.0025
30, 0.4, 38, 0.0325, 17407, 0.0025
30, 0.4, 38, 0.0325, 17408, 0.0025
30, 0.4, 38, 0.0325, 17409, 0.0025
30, 0.4, 34, 0.0325, 17487, 0.0025
30, 0.4, 41, 0.03500000000000333, 17503, 0.0025
30, 0.4, 41, 0.03500000000000333, 17505, 0.0025
30, 0.4, 41, 0.03500000000000333, 17506, 0.0025
30, 0.4, 38, 0.0325, 17512, 0.0025
30, 0.4, 41, 0.03500000000000333, 17602, 0.0025
30, 0.4, 41, 0.03500000000000333, 17603, 0.0025
30, 0.4, 41, 0.03500000000000333, 17605, 0.0025
30, 0.4, 38, 0.0325, 17612, 0.0025
30, 0.4, 33, 0.0325, 17691, 0.0025
30, 0.4, 41, 0.03500000000000333, 17700, 0.0025
30, 0.4, 98, 0.0325, 49377, 0.0025
30, 0.4, 98, 0.0325, 49511, 0.0025
30, 0.4, 104, 0.0325, 49519, 0.0025
30, 0.4, 98, 0.0325, 49650, 0.0025
30, 0.4, 98, 0.0325, 49651, 0.0025
30, 0.4, 98, 0.0325, 49785, 0.0025
30, 0.4, 98, 0.0325, 49920, 0.0025
30, 0.4, 98, 0.0325, 49921, 0.0025
30, 0.4, 104, 0.0325, 49927, 0.0025
30, 0.4, 98, 0.0325, 50062, 0.0025
30, 0.4, 98, 0.0325, 50063, 0.0025
30, 0.4, 98, 0.0325, 50064, 0.0025
30, 0.4, 98, 0.0325, 50065, 0.0025
30, 0.4, 104, 0.0325, 50067, 0.0025
30, 0.4, 104, 0.0325, 50069, 0.0025
30, 0.4, 104, 0.0325, 50070, 0.0025
30, 0.4, 98, 0.0325, 50208, 0.0025
30, 0.4, 104, 0.0325, 50209, 0.0025
30, 0.4, 104, 0.0325, 50211, 0.0025
30, 0.4, 98, 0.0325, 50350, 0.0025
30, 0.4, 104, 0.0325, 50353, 0.0025
30, 0.4, 104, 0.0325, 50354, 0.0025
30, 0.4, 104, 0.0325, 50494, 0.0025
30, 0.4, 98, 0.0325, 50627, 0.0025
30, 0.4, 104, 0.0325, 50911, 0.0025
30, 0.4, 104, 0.0325, 51051, 0.0025
30, 0.4, 104, 0.0325, 51056, 0.0025
30, 0.4, 104, 0.0325, 51198, 0.0025
30, 0.4, 105, 0.0325, 51484, 0.0025
30, 0.4, 105, 0.0325, 51485, 0.0025
30, 0.4, 105, 0.0325, 51622, 0.0025
30, 0.4, 105, 0.0325, 51624, 0.0025
30, 0.4, 105, 0.0325, 51764, 0.0025
30, 0.4, 105, 0.0325, 51901, 0.0025
30, 0.4, 105, 0.0325, 52041, 0.0025
30, 0.4, 105, 0.0325, 52184, 0.0025
30, 0.4, 105, 0.0325, 52329, 0.0025
30, 0.4, 105, 0.0325, 52473, 0.0025
30, 0.4, 105, 0.0325, 52614, 0.0025
30, 0.4, 105, 0.0325, 52754, 0.0025
30, 0.4, 105, 0.0325, 52755, 0.0025
30, 0.4, 105, 0.0325, 53028, 0.0025
30, 0.4, 121, 0.0325, 55186, 0.0025
30, 0.4, 121, 0.0325, 55326, 0.0025
30, 0.4, 121, 0.0325, 55330, 0.0025
30, 0.4, 121, 0.0325, 55617, 0.0025
30, 0.4, 121, 0.0325, 55756, 0.0025
30, 0.4, 121, 0.0325, 55757, 0.0025
30, 0.4, 121, 0.0325, 55759, 0.0025
30, 0.4, 121, 0.0325, 55902, 0.0025
30, 0.4, 121, 0.0325, 55903, 0.0025
30, 0.4, 121, 0.0325, 55904, 0.0025
30, 0.4, 116, 0.0325, 56389, 0.0025
30, 0.4, 121, 0.0325, 56487, 0.0025
30, 0.4, 116, 0.0325, 56537, 0.0025
30, 0.4, 116, 0.0325, 56538, 0.0025
30, 0.4, 121, 0.0325, 56633, 0.0025
30, 0.4, 121, 0.0325, 56783, 0.0025
30, 0.4, 121, 0.0325, 56784, 0.0025
30, 0.4, 116, 0.0325, 56835, 0.0025
30, 0.4, 116, 0.0325, 56983, 0.0025
30, 0.4, 116, 0.0325, 57589, 0.0025
30, 0.4, 116, 0.0325, 58372, 0.0025
30, 0.4, 116, 0.0325, 58374, 0.0025
30, 0.4, 116, 0.0325, 58535, 0.0025
30, 0.4, 116, 0.0325, 58536, 0.0025
30, 0.4, 116, 0.0325, 58537, 0.0025
30, 0.4, 116, 0.0325, 58702, 0.0025
30, 0.4, 116, 0.0325, 58703, 0.0025
30, 0.4, 116, 0.0325, 59042, 0.0025
30, 0.4, 137, 0.0325, 63254, 0.0025
30, 0.4, 137, 0.0325, 63421, 0.0025
30, 0.4, 137, 0.0325, 63422, 0.0025
30, 0.4, 137, 0.0325, 63423, 0.0025
30, 0.4, 137, 0.0325, 63587, 0.0025
30, 0.4, 137, 0.0325, 63592, 0.0025
30, 0.4, 137, 0.0325, 63757, 0.0025
30, 0.4, 137, 0.0325, 63919, 0.0025
30, 0.4, 137, 0.0325, 63920, 0.0025
30, 0.4, 133, 0.0325, 63922, 0.0025
30, 0.4, 133, 0.0325, 63923, 0.0025
30, 0.4, 137, 0.0325, 64080, 0.0025
30, 0.4, 137, 0.0325, 64081, 0.0025
30, 0.4, 137, 0.0325, 64082, 0.0025
30, 0.4, 133, 0.0325, 64098, 0.0025
30, 0.4, 131, 0.0325, 64207, 0.0025
30, 0.4, 131, 0.0325, 64208, 0.0025
30, 0.4, 131, 0.0325, 64209, 0.0025
30, 0.4, 131, 0.0325, 64211, 0.0025
30, 0.4, 131, 0.0325, 64212, 0.0025
30, 0.4, 131, 0.0325, 64213, 0.0025
30, 0.4, 133, 0.0325, 64258, 0.0025
30, 0.4, 133, 0.0325, 64259, 0.0025
30, 0.4, 131, 0.0325, 64368, 0.0025
30, 0.4, 131, 0.0325, 64369, 0.0025
30, 0.4, 131, 0.0325, 64370, 0.0025
30, 0.4, 131, 0.0325, 64371, 0.0025
30, 0.4, 137, 0.0325, 64400, 0.0025
30, 0.4, 133, 0.0325, 64403, 0.0025
30, 0.4, 133, 0.0325, 64404, 0.0025
30, 0.4, 133, 0.0325, 64415, 0.0025
30, 0.4, 131, 0.0325, 64526, 0.0025
30, 0.4, 131, 0.0325, 64527, 0.0025
30, 0.4, 133, 0.0325, 64572, 0.0025
30, 0.4, 131, 0.0325, 64677, 0.0025
30, 0.4, 131, 0.0325, 64678, 0.0025
30, 0.4, 137, 0.0325, 64712, 0.0025
30, 0.4, 133, 0.0325, 64726, 0.0025
30, 0.4, 133, 0.0325, 64878, 0.0025
30, 0.4, 133, 0.0325, 65029, 0.0025
30, 0.4, 133, 0.0325, 65177, 0.0025
30, 0.4, 133, 0.0325, 65178, 0.0025
30, 0.4, 144, 0.0325, 65978, 0.0025
30, 0.4, 144, 0.0325, 66118, 0.0025
30, 0.4, 144, 0.0325, 66249, 0.0025
30, 0.4, 144, 0.0325, 66251, 0.0025
30, 0.4, 144, 0.0325, 66258, 0.0025
30, 0.4, 144, 0.0325, 66259, 0.0025
30, 0.4, 144, 0.0325, 66387, 0.0025
30, 0.4, 144, 0.0325, 66390, 0.0025
30, 0.4, 144, 0.0325, 66393, 0.0025
30, 0.4, 144, 0.0325, 66523, 0.0025
30, 0.4, 144, 0.0325, 66524, 0.0025
30, 0.4, 144, 0.0325, 66787, 0.0025
30, 0.4, 144, 0.0325, 66788, 0.0025
30, 0.4, 144, 0.0325, 66915, 0.0025
30, 0.45, 1, 0.0325, 1408, 0.0025
30, 0.45, 1, 0.0325, 1409, 0.0025
30, 0.45, 1, 0.0325, 1410, 0.0025
30, 0.45, 1, 0.0325, 1483, 0.0025
30, 0.45, 1, 0.0325, 1484, 0.0025
30, 0.45, 1, 0.0325, 1485, 0.0025
30, 0.45, 1, 0.0325, 1486, 0.0025
30, 0.45, 2, 0.0325, 1551, 0.0025
30, 0.45, 1, 0.0325, 1560, 0.0025
30, 0.45, 1, 0.0325, 1561, 0.0025
30, 0.45, 1, 0.0325, 1562, 0.0025
30, 0.45, 1, 0.0325, 1563, 0.0025
30, 0.45, 1, 0.0325, 1641, 0.0025
30, 0.45, 1, 0.0325, 1642, 0.0025
30, 0.45, 2, 0.0325, 1712, 0.0025
30, 0.45, 1, 0.0325, 1724, 0.0025
30, 0.45, 2, 0.0325, 1884, 0.0025
30, 0.45, 2, 0.0325, 1971, 0.0025
30, 0.45, 2, 0.0325, 1972, 0.0025
30, 0.45, 2, 0.0325, 1973, 0.0025
30, 0.45, 2, 0.0325, 1974, 0.0025
30, 0.45, 2, 0.0325, 2064, 0.0025
30, 0.45, 2, 0.0325, 2065, 0.0025
30, 0.45, 2, 0.0325, 2066, 0.0025
30, 0.45, 2, 0.0325, 2067, 0.0025
30, 0.45, 10, 0.03249999999999999, 2101, 0.0025
30, 0.45, 2, 0.0325, 2160, 0.0025
30, 0.45, 2, 0.0325, 2161, 0.0025
30, 0.45, 2, 0.0325, 2259, 0.0025
30, 0.45, 10, 0.03249999999999999, 2399, 0.0025
30, 0.45, 10, 0.03249999999999999, 2400, 0.0025
30, 0.45, 5, 0.0325, 2535, 0.0025
30, 0.45, 5, 0.0325, 2536, 0.0025
30, 0.45, 5, 0.0325, 2537, 0.0025
30, 0.45, 3, 0.0325, 2547, 0.0025
30, 0.45, 3, 0.0325, 2548, 0.0025
30, 0.45, 3, 0.0325, 2549, 0.0025
30, 0.45, 10, 0.03249999999999999, 2604, 0.0025
30, 0.45, 10, 0.03249999999999999, 2605, 0.0025
30, 0.45, 3, 0.0325, 2650, 0.0025
30, 0.45, 3, 0.0325, 2651, 0.0025
30, 0.45, 3, 0.0325, 2754, 0.0025
30, 0.45, 3, 0.0325, 2755, 0.0025
30, 0.45, 10, 0.03249999999999999, 2813, 0.0025
30, 0.45, 10, 0.03249999999999999, 2815, 0.0025
30, 0.45, 3, 0.0325, 2860, 0.0025
30, 0.45, 10, 0.03249999999999999, 2920, 0.0025
30, 0.45, 10, 0.03249999999999999, 3136, 0.0025
30, 0.45, 10, 0.03249999999999999, 3243, 0.0025
30, 0.45, 5, 0.0325, 3273, 0.0025
30, 0.45, 5, 0.0325, 3274, 0.0025
30, 0.45, 5, 0.0325, 3275, 0.0025
30, 0.45, 4, 0.0325, 3322, 0.0025
30, 0.45, 4, 0.0325, 3325, 0.0025
30, 0.45, 4, 0.0325, 3326, 0.0025
30, 0.45, 10, 0.03249999999999999, 3352, 0.0025
30, 0.45, 5, 0.0325, 3382, 0.0025
30, 0.45, 5, 0.0325, 3383, 0.0025
30, 0.45, 3, 0.0325, 3394, 0.0025
30, 0.45, 3, 0.0325, 3395, 0.0025
30, 0.45, 3, 0.0325, 3396, 0.0025
30, 0.45, 5, 0.0325, 3493, 0.0025
30, 0.45, 5, 0.0325, 3494, 0.0025
30, 0.45, 3, 0.0325, 3506, 0.0025
30, 0.45, 3, 0.0325, 3507, 0.0025
30, 0.45, 4, 0.0325, 3544, 0.0025
30, 0.45, 4, 0.0325, 3545, 0.0025
30, 0.45, 10, 0.03249999999999999, 3575, 0.0025
30, 0.45, 5, 0.0325, 3604, 0.0025
30, 0.45, 3, 0.0325, 3618, 0.0025
30, 0.45, 4, 0.0325, 3651, 0.0025
30, 0.45, 4, 0.0325, 3653, 0.0025
30, 0.45, 10, 0.03249999999999999, 3686, 0.0025
30, 0.45, 5, 0.0325, 3715, 0.0025
30, 0.45, 5, 0.0325, 3716, 0.0025
30, 0.45, 4, 0.0325, 3765, 0.0025
30, 0.45, 4, 0.0325, 3767, 0.0025
30, 0.45, 10, 0.03249999999999999, 3802, 0.0025
30, 0.45, 4, 0.0325, 3877, 0.0025
30, 0.45, 4, 0.0325, 3880, 0.0025
30, 0.45, 5, 0.0325, 3943, 0.0025
30, 0.45, 4, 0.0325, 3992, 0.0025
30, 0.45, 4, 0.0325, 3993, 0.0025
30, 0.45, 4, 0.0325, 3997, 0.0025
30, 0.45, 15, 0.0325, 5534, 0.0025
30, 0.45, 15, 0.0325, 5661, 0.0025
30, 0.45, 16, 0.0325, 5678, 0.0025
30, 0.45, 15, 0.0325, 5790, 0.0025
30, 0.45, 16, 0.0325, 5806, 0.0025
30, 0.45, 15, 0.0325, 5918, 0.0025
30, 0.45, 15, 0.0325, 5919, 0.0025
30, 0.45, 16, 0.0325, 5934, 0.0025
30, 0.45, 15, 0.0325, 6047, 0.0025
30, 0.45, 15, 0.0325, 6048, 0.0025
30, 0.45, 15, 0.0325, 6049, 0.0025
30, 0.45, 16, 0.0325, 6063, 0.0025
30, 0.45, 15, 0.0325, 6177, 0.0025
30, 0.45, 15, 0.0325, 6178, 0.0025
30, 0.45, 16, 0.0325, 6192, 0.0025
30, 0.45, 9, 0.0325, 6210, 0.0025
30, 0.45, 9, 0.0325, 6211, 0.0025
30, 0.45, 9, 0.0325, 6212, 0.0025
30, 0.45, 9, 0.0325, 6213, 0.0025
30, 0.45, 15, 0.0325, 6308, 0.0025
30, 0.45, 15, 0.0325, 6309, 0.0025
30, 0.45, 16, 0.0325, 6323, 0.0025
30, 0.45, 9, 0.0325, 6342, 0.0025
30, 0.45, 9, 0.0325, 6343, 0.0025
30, 0.45, 9, 0.0325, 6344, 0.0025
30, 0.45, 9, 0.0325, 6345, 0.0025
30, 0.45, 9, 0.0325, 6346, 0.0025
30, 0.45, 9, 0.0325, 6347, 0.0025
30, 0.45, 16, 0.0325, 6454, 0.0025
30, 0.45, 9, 0.0325, 6476, 0.0025
30, 0.45, 9, 0.0325, 6477, 0.0025
30, 0.45, 9, 0.0325, 6478, 0.0025
30, 0.45, 15, 0.0325, 6572, 0.0025
30, 0.45, 16, 0.0325, 6586, 0.0025
30, 0.45, 14, 0.0325, 6601, 0.0025
30, 0.45, 19, 0.0650000000000014, 6605, 0.0025
30, 0.45, 19, 0.0650000000000014, 6606, 0.0025
30, 0.45, 9, 0.0325, 6611, 0.0025
30, 0.45, 15, 0.0325, 6705, 0.0025
30, 0.45, 16, 0.0325, 6719, 0.0025
30, 0.45, 14, 0.0325, 6733, 0.0025
30, 0.45, 14, 0.0325, 6734, 0.0025
30, 0.45, 19, 0.0650000000000014, 6738, 0.0025
30, 0.45, 19, 0.0650000000000014, 6739, 0.0025
30, 0.45, 19, 0.0650000000000014, 6740, 0.0025
30, 0.45, 16, 0.0325, 6852, 0.0025
30, 0.45, 14, 0.0325, 6866, 0.0025
30, 0.45, 14, 0.0325, 6867, 0.0025
30, 0.45, 19, 0.0650000000000014, 6870, 0.0025
30, 0.45, 19, 0.0650000000000014, 6871, 0.0025
30, 0.45, 19, 0.0650000000000014, 6872, 0.0025
30, 0.45, 19, 0.0650000000000014, 6873, 0.0025
30, 0.45, 19, 0.0650000000000014, 6874, 0.0025
30, 0.45, 18, 0.0325, 6878, 0.0025
30, 0.45, 16, 0.0325, 6986, 0.0025
30, 0.45, 14, 0.0325, 6999, 0.0025
30, 0.45, 14, 0.0325, 7000, 0.0025
30, 0.45, 19, 0.0650000000000014, 7004, 0.0025
30, 0.45, 19, 0.0650000000000014, 7005, 0.0025
30, 0.45, 19, 0.0650000000000014, 7006, 0.0025
30, 0.45, 19, 0.0650000000000014, 7007, 0.0025
30, 0.45, 18, 0.0325, 7012, 0.0025
30, 0.45, 16, 0.0325, 7119, 0.0025
30, 0.45, 16, 0.0325, 7120, 0.0025
30, 0.45, 14, 0.0325, 7133, 0.0025
30, 0.45, 14, 0.0325, 7134, 0.0025
30, 0.45, 19, 0.0650000000000014, 7138, 0.0025
30, 0.45, 19, 0.0650000000000014, 7139, 0.0025
30, 0.45, 19, 0.0650000000000014, 7140, 0.0025
30, 0.45, 19, 0.0650000000000014, 7141, 0.0025
30, 0.45, 19, 0.0650000000000014, 7142, 0.0025
30, 0.45, 18, 0.0325, 7146, 0.0025
30, 0.45, 18, 0.0325, 7147, 0.0025
30, 0.45, 16, 0.0325, 7256, 0.0025
30, 0.45, 14, 0.0325, 7269, 0.0025
30, 0.45, 14, 0.0325, 7270, 0.0025
30, 0.45, 19, 0.0650000000000014, 7274, 0.0025
30, 0.45, 19, 0.0650000000000014, 7275, 0.0025
30, 0.45, 19, 0.0650000000000014, 7276, 0.0025
30, 0.45, 19, 0.0650000000000014, 7278, 0.0025
30, 0.45, 19, 0.0650000000000014, 7279, 0.0025
30, 0.45, 18, 0.0325, 7282, 0.0025
30, 0.45, 18, 0.0325, 7283, 0.0025
30, 0.45, 19, 0.0650000000000014, 7410, 0.0025
30, 0.45, 19, 0.0650000000000014, 7412, 0.0025
30, 0.45, 19, 0.0650000000000014, 7415, 0.0025
30, 0.45, 18, 0.0325, 7418, 0.0025
30, 0.45, 14, 0.0325, 7542, 0.0025
30, 0.45, 14, 0.0325, 7543, 0.0025
30, 0.45, 18, 0.0325, 7555, 0.0025
30, 0.45, 18, 0.0325, 7556, 0.0025
30, 0.45, 14, 0.0325, 7681, 0.0025
30, 0.45, 18, 0.0325, 7693, 0.0025
30, 0.45, 18, 0.0325, 7694, 0.0025
30, 0.45, 18, 0.0325, 7832, 0.0025
30, 0.45, 18, 0.0325, 7971, 0.0025
30, 0.45, 18, 0.0325, 7972, 0.0025
30, 0.45, 25, 0.07749999999999997, 9428, 0.0025
30, 0.45, 25, 0.07749999999999997, 9577, 0.0025
30, 0.45, 25, 0.07749999999999997, 9578, 0.0025
30, 0.45, 25, 0.07749999999999997, 9717, 0.0025
30, 0.45, 25, 0.07749999999999997, 9718, 0.0025
30, 0.45, 25, 0.07749999999999997, 9719, 0.0025
30, 0.45, 25, 0.07749999999999997, 9720, 0.0025
30, 0.45, 25, 0.07749999999999997, 9847, 0.0025
30, 0.45, 25, 0.07749999999999997, 9849, 0.0025
30, 0.45, 25, 0.07749999999999997, 9850, 0.0025
30, 0.45, 25, 0.07749999999999997, 9851, 0.0025
30, 0.45, 25, 0.07749999999999997, 9852, 0.0025
30, 0.45, 25, 0.07749999999999997, 9975, 0.0025
30, 0.45, 25, 0.07749999999999997, 9976, 0.0025
30, 0.45, 25, 0.07749999999999997, 9977, 0.0025
30, 0.45, 25, 0.07749999999999997, 10090, 0.0025
30, 0.45, 25, 0.07749999999999997, 10093, 0.0025
30, 0.45, 25, 0.07749999999999997, 10095, 0.0025
30, 0.45, 25, 0.07749999999999997, 10096, 0.0025
30, 0.45, 25, 0.07749999999999997, 10097, 0.0025
30, 0.45, 25, 0.07749999999999997, 10203, 0.0025
30, 0.45, 25, 0.07749999999999997, 10204, 0.0025
30, 0.45, 25, 0.07749999999999997, 10205, 0.0025
30, 0.45, 25, 0.07749999999999997, 10206, 0.0025
30, 0.45, 25, 0.07749999999999997, 10319, 0.0025
30, 0.45, 25, 0.07749999999999997, 10321, 0.0025
30, 0.45, 25, 0.07749999999999997, 10322, 0.0025
30, 0.45, 25, 0.07749999999999997, 10323, 0.0025
30, 0.45, 25, 0.07749999999999997, 10324, 0.0025
30, 0.45, 25, 0.07749999999999997, 10437, 0.0025
30, 0.45, 25, 0.07749999999999997, 10438, 0.0025
30, 0.45, 25, 0.07749999999999997, 10439, 0.0025
30, 0.45, 31, 0.0325, 11242, 0.0025
30, 0.45, 31, 0.0325, 11353, 0.0025
30, 0.45, 31, 0.0325, 11469, 0.0025
30, 0.45, 31, 0.0325, 11580, 0.0025
30, 0.45, 31, 0.0325, 11581, 0.0025
30, 0.45, 31, 0.0325, 11582, 0.0025
30, 0.45, 31, 0.0325, 11694, 0.0025
30, 0.45, 31, 0.0325, 11695, 0.0025
30, 0.45, 31, 0.0325, 11696, 0.0025
30, 0.45, 31, 0.0325, 11807, 0.0025
30, 0.45, 31, 0.0325, 11808, 0.0025
30, 0.45, 31, 0.0325, 11809, 0.0025
30, 0.45, 31, 0.0325, 11810, 0.0025
30, 0.45, 31, 0.0325, 11921, 0.0025
30, 0.45, 34, 0.0325, 15478, 0.0025
30, 0.45, 34, 0.0325, 15479, 0.0025
30, 0.45, 30, 0.0325, 15613, 0.0025
30, 0.45, 34, 0.0325, 15708, 0.0025
30, 0.45, 34, 0.0325, 15710, 0.0025
30, 0.45, 30, 0.0325, 15732, 0.0025
30, 0.45, 34, 0.0325, 15828, 0.0025
30, 0.45, 34, 0.0325, 15829, 0.0025
30, 0.45, 34, 0.0325, 15830, 0.0025
30, 0.45, 30, 0.0325, 15847, 0.0025
30, 0.45, 30, 0.0325, 15849, 0.0025
30, 0.45, 30, 0.0325, 15964, 0.0025
30, 0.45, 34, 0.0325, 16065, 0.0025
30, 0.45, 30, 0.0325, 16084, 0.0025
30, 0.45, 34, 0.0325, 16181, 0.0025
30, 0.45, 34, 0.0325, 16182, 0.0025
30, 0.45, 30, 0.0325, 16203, 0.0025
30, 0.45, 34, 0.0325, 16299, 0.0025
30, 0.45, 33, 0.0325, 16311, 0.0025
30, 0.45, 30, 0.0325, 16317, 0.0025
30, 0.45, 30, 0.0325, 16321, 0.0025
30, 0.45, 30, 0.0325, 16322, 0.0025
30, 0.45, 34, 0.0325, 16411, 0.0025
30, 0.45, 30, 0.0325, 16431, 0.0025
30, 0.45, 30, 0.0325, 16434, 0.0025
30, 0.45, 33, 0.0325, 16536, 0.0025
30, 0.45, 33, 0.0325, 16537, 0.0025
30, 0.45, 33, 0.0325, 16645, 0.0025
30, 0.45, 33, 0.0325, 16646, 0.0025
30, 0.45, 33, 0.0325, 16648, 0.0025
30, 0.45, 30, 0.0325, 16657, 0.0025
30, 0.45, 30, 0.0325, 16761, 0.0025
30, 0.45, 33, 0.0325, 16860, 0.0025
30, 0.45, 33, 0.0325, 16863, 0.0025
30, 0.45, 33, 0.0325, 16865, 0.0025
30, 0.45, 33, 0.0325, 16866, 0.0025
30, 0.45, 33, 0.0325, 16868, 0.0025
30, 0.45, 38, 0.0325, 16879, 0.0025
30, 0.45, 33, 0.0325, 16974, 0.0025
30, 0.45, 38, 0.0325, 16990, 0.0025
30, 0.45, 38, 0.0325, 16991, 0.0025
30, 0.45, 41, 0.04499999999999908, 17087, 0.0025
30, 0.45, 41, 0.04499999999999908, 17092, 0.0025
30, 0.45, 38, 0.0325, 17098, 0.0025
30, 0.45, 33, 0.0325, 17184, 0.0025
30, 0.45, 41, 0.04499999999999908, 17190, 0.0025
30, 0.45, 41, 0.04499999999999908, 17197, 0.0025
30, 0.45, 38, 0.0325, 17201, 0.0025
30, 0.45, 38, 0.0325, 17203, 0.0025
30, 0.45, 41, 0.04499999999999908, 17295, 0.0025
30, 0.45, 41, 0.04499999999999908, 17299, 0.0025
30, 0.45, 38, 0.0325, 17304, 0.0025
30, 0.45, 38, 0.0325, 17305, 0.0025
30, 0.45, 38, 0.0325, 17306, 0.0025
30, 0.45, 34, 0.0325, 17383, 0.0025
30, 0.45, 41, 0.04499999999999908, 17395, 0.0025
30, 0.45, 41, 0.04499999999999908, 17401, 0.0025
30, 0.45, 41, 0.04499999999999908, 17402, 0.0025
30, 0.45, 38, 0.0325, 17407, 0.0025
30, 0.45, 38, 0.0325, 17408, 0.0025
30, 0.45, 38, 0.0325, 17409, 0.0025
30, 0.45, 34, 0.0325, 17487, 0.0025
30, 0.45, 41, 0.04499999999999908, 17503, 0.0025
30, 0.45, 41, 0.04499999999999908, 17504, 0.0025
30, 0.45, 41, 0.04499999999999908, 17505, 0.0025
30, 0.45, 41, 0.04499999999999908, 17506, 0.0025
30, 0.45, 41, 0.04499999999999908, 17509, 0.0025
30, 0.45, 38, 0.0325, 17512, 0.0025
30, 0.45, 41, 0.04499999999999908, 17602, 0.0025
30, 0.45, 41, 0.04499999999999908, 17603, 0.0025
30, 0.45, 41, 0.04499999999999908, 17605, 0.0025
30, 0.45, 38, 0.0325, 17612, 0.0025
30, 0.45, 33, 0.0325, 17691, 0.0025
30, 0.45, 41, 0.04499999999999908, 17700, 0.0025
30, 0.45, 41, 0.04499999999999908, 17795, 0.0025
30, 0.45, 98, 0.0325, 49377, 0.0025
30, 0.45, 98, 0.0325, 49511, 0.0025
30, 0.45, 104, 0.0325, 49519, 0.0025
30, 0.45, 98, 0.0325, 49650, 0.0025
30, 0.45, 98, 0.0325, 49651, 0.0025
30, 0.45, 98, 0.0325, 49785, 0.0025
30, 0.45, 98, 0.0325, 49920, 0.0025
30, 0.45, 98, 0.0325, 49921, 0.0025
30, 0.45, 104, 0.0325, 49927, 0.0025
30, 0.45, 98, 0.0325, 50062, 0.0025
30, 0.45, 98, 0.0325, 50063, 0.0025
30, 0.45, 98, 0.0325, 50064, 0.0025
30, 0.45, 98, 0.0325, 50065, 0.0025
30, 0.45, 104, 0.0325, 50067, 0.0025
30, 0.45, 104, 0.0325, 50069, 0.0025
30, 0.45, 104, 0.0325, 50070, 0.0025
30, 0.45, 98, 0.0325, 50208, 0.0025
30, 0.45, 104, 0.0325, 50209, 0.0025
30, 0.45, 104, 0.0325, 50211, 0.0025
30, 0.45, 98, 0.0325, 50350, 0.0025
30, 0.45, 104, 0.0325, 50353, 0.0025
30, 0.45, 104, 0.0325, 50354, 0.0025
30, 0.45, 104, 0.0325, 50494, 0.0025
30, 0.45, 98, 0.0325, 50627, 0.0025
30, 0.45, 104, 0.0325, 50911, 0.0025
30, 0.45, 104, 0.0325, 51051, 0.0025
30, 0.45, 104, 0.0325, 51056, 0.0025
30, 0.45, 104, 0.0325, 51198, 0.0025
30, 0.45, 105, 0.03249999999999999, 51484, 0.0025
30, 0.45, 105, 0.03249999999999999, 51485, 0.0025
30, 0.45, 105, 0.03249999999999999, 51622, 0.0025
30, 0.45, 105, 0.03249999999999999, 51624, 0.0025
30, 0.45, 105, 0.03249999999999999, 51764, 0.0025
30, 0.45, 105, 0.03249999999999999, 51901, 0.0025
30, 0.45, 105, 0.03249999999999999, 52041, 0.0025
30, 0.45, 105, 0.03249999999999999, 52184, 0.0025
30, 0.45, 105, 0.03249999999999999, 52329, 0.0025
30, 0.45, 105, 0.03249999999999999, 52473, 0.0025
30, 0.45, 105, 0.03249999999999999, 52614, 0.0025
30, 0.45, 105, 0.03249999999999999, 52754, 0.0025
30, 0.45, 105, 0.03249999999999999, 52755, 0.0025
30, 0.45, 105, 0.03249999999999999, 53028, 0.0025
30, 0.45, 121, 0.0325, 55186, 0.0025
30, 0.45, 121, 0.0325, 55326, 0.0025
30, 0.45, 121, 0.0325, 55330, 0.0025
30, 0.45, 121, 0.0325, 55617, 0.0025
30, 0.45, 121, 0.0325, 55756, 0.0025
30, 0.45, 121, 0.0325, 55757, 0.0025
30, 0.45, 121, 0.0325, 55759, 0.0025
30, 0.45, 121, 0.0325, 55902, 0.0025
30, 0.45, 121, 0.0325, 55903, 0.0025
30, 0.45, 121, 0.0325, 55904, 0.0025
30, 0.45, 116, 0.0325, 56389, 0.0025
30, 0.45, 121, 0.0325, 56487, 0.0025
30, 0.45, 116, 0.0325, 56537, 0.0025
30, 0.45, 116, 0.0325, 56538, 0.0025
30, 0.45, 121, 0.0325, 56633, 0.0025
30, 0.45, 121, 0.0325, 56783, 0.0025
30, 0.45, 121, 0.0325, 56784, 0.0025
30, 0.45, 116, 0.0325, 56835, 0.0025
30, 0.45, 116, 0.0325, 56983, 0.0025
30, 0.45, 116, 0.0325, 57589, 0.0025
30, 0.45, 116, 0.0325, 58372, 0.0025
30, 0.45, 116, 0.0325, 58374, 0.0025
30, 0.45, 116, 0.0325, 58535, 0.0025
30, 0.45, 116, 0.0325, 58536, 0.0025
30, 0.45, 116, 0.0325, 58537, 0.0025
30, 0.45, 116, 0.0325, 58702, 0.0025
30, 0.45, 116, 0.0325, 58703, 0.0025
30, 0.45, 116, 0.0325, 59042, 0.0025
30, 0.45, 137, 0.0325, 63254, 0.0025
30, 0.45, 137, 0.0325, 63421, 0.0025
30, 0.45, 137, 0.0325, 63422, 0.0025
30, 0.45, 137, 0.0325, 63423, 0.0025
30, 0.45, 137, 0.0325, 63587, 0.0025
30, 0.45, 137, 0.0325, 63592, 0.0025
30, 0.45, 137, 0.0325, 63757, 0.0025
30, 0.45, 137, 0.0325, 63919, 0.0025
30, 0.45, 137, 0.0325, 63920, 0.0025
30, 0.45, 133, 0.0325, 63922, 0.0025
30, 0.45, 133, 0.0325, 63923, 0.0025
30, 0.45, 137, 0.0325, 64080, 0.0025
30, 0.45, 137, 0.0325, 64081, 0.0025
30, 0.45, 137, 0.0325, 64082, 0.0025
30, 0.45, 133, 0.0325, 64098, 0.0025
30, 0.45, 131, 0.0325, 64207, 0.0025
30, 0.45, 131, 0.0325, 64208, 0.0025
30, 0.45, 131, 0.0325, 64209, 0.0025
30, 0.45, 131, 0.0325, 64211, 0.0025
30, 0.45, 131, 0.0325, 64212, 0.0025
30, 0.45, 131, 0.0325, 64213, 0.0025
30, 0.45, 133, 0.0325, 64258, 0.0025
30, 0.45, 133, 0.0325, 64259, 0.0025
30, 0.45, 131, 0.0325, 64368, 0.0025
30, 0.45, 131, 0.0325, 64369, 0.0025
30, 0.45, 131, 0.0325, 64370, 0.0025
30, 0.45, 131, 0.0325, 64371, 0.0025
30, 0.45, 137, 0.0325, 64400, 0.0025
30, 0.45, 133, 0.0325, 64403, 0.0025
30, 0.45, 133, 0.0325, 64404, 0.0025
30, 0.45, 133, 0.0325, 64415, 0.0025
30, 0.45, 131, 0.0325, 64526, 0.0025
30, 0.45, 131, 0.0325, 64527, 0.0025
30, 0.45, 133, 0.0325, 64572, 0.0025
30, 0.45, 131, 0.0325, 64677, 0.0025
30, 0.45, 131, 0.0325, 64678, 0.0025
30, 0.45, 137, 0.0325, 64712, 0.0025
30, 0.45, 133, 0.0325, 64726, 0.0025
30, 0.45, 133, 0.0325, 64878, 0.0025
30, 0.45, 133, 0.0325, 65029, 0.0025
30, 0.45, 133, 0.0325, 65177, 0.0025
30, 0.45, 133, 0.0325, 65178, 0.0025
30, 0.45, 144, 0.0325, 65978, 0.0025
30, 0.45, 144, 0.0325, 66118, 0.0025
30, 0.45, 144, 0.0325, 66249, 0.0025
30, 0.45, 144, 0.0325, 66251, 0.0025
30, 0.45, 144, 0.0325, 66258, 0.0025
30, 0.45, 144, 0.0325, 66259, 0.0025
30, 0.45, 144, 0.0325, 66387, 0.0025
30, 0.45, 144, 0.0325, 66390, 0.0025
30, 0.45, 144, 0.0325, 66393, 0.0025
30, 0.45, 144, 0.0325, 66523, 0.0025
30, 0.45, 144, 0.0325, 66524, 0.0025
30, 0.45, 144, 0.0325, 66787, 0.0025
30, 0.45, 144, 0.0325, 66788, 0.0025
30, 0.45, 144, 0.0325, 66915, 0.0025
30, 0.5, 1, 0.0325, 1408, 0.0025
30, 0.5, 1, 0.0325, 1409, 0.0025
30, 0.5, 1, 0.0325, 1410, 0.0025
30, 0.5, 1, 0.0325, 1483, 0.0025
30, 0.5, 1, 0.0325, 1484, 0.0025
30, 0.5, 1, 0.0325, 1485, 0.0025
30, 0.5, 1, 0.0325, 1486, 0.0025
30, 0.5, 2, 0.0325, 1551, 0.0025
30, 0.5, 1, 0.0325, 1560, 0.0025
30, 0.5, 1, 0.0325, 1561, 0.0025
30, 0.5, 1, 0.0325, 1562, 0.0025
30, 0.5, 1, 0.0325, 1563, 0.0025
30, 0.5, 1, 0.0325, 1641, 0.0025
30, 0.5, 1, 0.0325, 1642, 0.0025
30, 0.5, 2, 0.0325, 1712, 0.0025
30, 0.5, 1, 0.0325, 1724, 0.0025
30, 0.5, 2, 0.0325, 1884, 0.0025
30, 0.5, 2, 0.0325, 1971, 0.0025
30, 0.5, 2, 0.0325, 1972, 0.0025
30, 0.5, 2, 0.0325, 1973, 0.0025
30, 0.5, 2, 0.0325, 1974, 0.0025
30, 0.5, 2, 0.0325, 2064, 0.0025
30, 0.5, 2, 0.0325, 2065, 0.0025
30, 0.5, 2, 0.0325, 2066, 0.0025
30, 0.5, 2, 0.0325, 2067, 0.0025
30, 0.5, 2, 0.0325, 2160, 0.0025
30, 0.5, 2, 0.0325, 2161, 0.0025
30, 0.5, 2, 0.0325, 2259, 0.0025
30, 0.5, 5, 0.0325, 2535, 0.0025
30, 0.5, 5, 0.0325, 2536, 0.0025
30, 0.5, 5, 0.0325, 2537, 0.0025
30, 0.5, 3, 0.03249999999999992, 2547, 0.0025
30, 0.5, 3, 0.03249999999999992, 2548, 0.0025
30, 0.5, 3, 0.03249999999999992, 2549, 0.0025
30, 0.5, 3, 0.03249999999999992, 2650, 0.0025
30, 0.5, 3, 0.03249999999999992, 2651, 0.0025
30, 0.5, 3, 0.03249999999999992, 2754, 0.0025
30, 0.5, 3, 0.03249999999999992, 2755, 0.0025
30, 0.5, 3, 0.03249999999999992, 2860, 0.0025
30, 0.5, 5, 0.0325, 3273, 0.0025
30, 0.5, 5, 0.0325, 3274, 0.0025
30, 0.5, 5, 0.0325, 3275, 0.0025
30, 0.5, 4, 0.03249999999999992, 3322, 0.0025
30, 0.5, 4, 0.03249999999999992, 3325, 0.0025
30, 0.5, 4, 0.03249999999999992, 3326, 0.0025
30, 0.5, 5, 0.0325, 3382, 0.0025
30, 0.5, 5, 0.0325, 3383, 0.0025
30, 0.5, 3, 0.03249999999999992, 3394, 0.0025
30, 0.5, 3, 0.03249999999999992, 3395, 0.0025
30, 0.5, 3, 0.03249999999999992, 3396, 0.0025
30, 0.5, 5, 0.0325, 3493, 0.0025
30, 0.5, 5, 0.0325, 3494, 0.0025
30, 0.5, 3, 0.03249999999999992, 3506, 0.0025
30, 0.5, 3, 0.03249999999999992, 3507, 0.0025
30, 0.5, 4, 0.03249999999999992, 3544, 0.0025
30, 0.5, 4, 0.03249999999999992, 3545, 0.0025
30, 0.5, 5, 0.0325, 3604, 0.0025
30, 0.5, 3, 0.03249999999999992, 3618, 0.0025
30, 0.5, 4, 0.03249999999999992, 3651, 0.0025
30, 0.5, 4, 0.03249999999999992, 3653, 0.0025
30, 0.5, 5, 0.0325, 3715, 0.0025
30, 0.5, 5, 0.0325, 3716, 0.0025
30, 0.5, 4, 0.03249999999999992, 3765, 0.0025
30, 0.5, 4, 0.03249999999999992, 3767, 0.0025
30, 0.5, 4, 0.03249999999999992, 3877, 0.0025
30, 0.5, 4, 0.03249999999999992, 3880, 0.0025
30, 0.5, 5, 0.0325, 3943, 0.0025
30, 0.5, 4, 0.03249999999999992, 3992, 0.0025
30, 0.5, 4, 0.03249999999999992, 3993, 0.0025
30, 0.5, 4, 0.03249999999999992, 3997, 0.0025
30, 0.5, 16, 0.0325, 5678, 0.0025
30, 0.5, 16, 0.0325, 5806, 0.0025
30, 0.5, 16, 0.0325, 5934, 0.0025
30, 0.5, 16, 0.0325, 6063, 0.0025
30, 0.5, 16, 0.0325, 6192, 0.0025
30, 0.5, 9, 0.0325, 6210, 0.0025
30, 0.5, 9, 0.0325, 6211, 0.0025
30, 0.5, 9, 0.0325, 6212, 0.0025
30, 0.5, 9, 0.0325, 6213, 0.0025
30, 0.5, 16, 0.0325, 6323, 0.0025
30, 0.5, 9, 0.0325, 6342, 0.0025
30, 0.5, 9, 0.0325, 6343, 0.0025
30, 0.5, 9, 0.0325, 6344, 0.0025
30, 0.5, 9, 0.0325, 6345, 0.0025
30, 0.5, 9, 0.0325, 6346, 0.0025
30, 0.5, 9, 0.0325, 6347, 0.0025
30, 0.5, 16, 0.0325, 6454, 0.0025
30, 0.5, 9, 0.0325, 6476, 0.0025
30, 0.5, 9, 0.0325, 6477, 0.0025
30, 0.5, 9, 0.0325, 6478, 0.0025
30, 0.5, 16, 0.0325, 6586, 0.0025
30, 0.5, 14, 0.0325, 6601, 0.0025
30, 0.5, 19, 0.0649999999999999, 6605, 0.0025
30, 0.5, 19, 0.0649999999999999, 6606, 0.0025
30, 0.5, 9, 0.0325, 6611, 0.0025
30, 0.5, 16, 0.0325, 6719, 0.0025
30, 0.5, 14, 0.0325, 6733, 0.0025
30, 0.5, 14, 0.0325, 6734, 0.0025
30, 0.5, 19, 0.0649999999999999, 6738, 0.0025
30, 0.5, 19, 0.0649999999999999, 6739, 0.0025
30, 0.5, 19, 0.0649999999999999, 6740, 0.0025
30, 0.5, 16, 0.0325, 6852, 0.0025
30, 0.5, 14, 0.0325, 6866, 0.0025
30, 0.5, 14, 0.0325, 6867, 0.0025
30, 0.5, 19, 0.0649999999999999, 6870, 0.0025
30, 0.5, 19, 0.0649999999999999, 6871, 0.0025
30, 0.5, 19, 0.0649999999999999, 6872, 0.0025
30, 0.5, 19, 0.0649999999999999, 6873, 0.0025
30, 0.5, 19, 0.0649999999999999, 6874, 0.0025
30, 0.5, 18, 0.0325, 6878, 0.0025
30, 0.5, 16, 0.0325, 6986, 0.0025
30, 0.5, 14, 0.0325, 6999, 0.0025
30, 0.5, 14, 0.0325, 7000, 0.0025
30, 0.5, 19, 0.0649999999999999, 7004, 0.0025
30, 0.5, 19, 0.0649999999999999, 7005, 0.0025
30, 0.5, 19, 0.0649999999999999, 7006, 0.0025
30, 0.5, 19, 0.0649999999999999, 7007, 0.0025
30, 0.5, 18, 0.0325, 7012, 0.0025
30, 0.5, 16, 0.0325, 7119, 0.0025
30, 0.5, 16, 0.0325, 7120, 0.0025
30, 0.5, 14, 0.0325, 7133, 0.0025
30, 0.5, 14, 0.0325, 7134, 0.0025
30, 0.5, 19, 0.0649999999999999, 7138, 0.0025
30, 0.5, 19, 0.0649999999999999, 7139, 0.0025
30, 0.5, 19, 0.0649999999999999, 7140, 0.0025
30, 0.5, 19, 0.0649999999999999, 7141, 0.0025
30, 0.5, 19, 0.0649999999999999, 7142, 0.0025
30, 0.5, 18, 0.0325, 7146, 0.0025
30, 0.5, 18, 0.0325, 7147, 0.0025
30, 0.5, 16, 0.0325, 7256, 0.0025
30, 0.5, 14, 0.0325, 7269, 0.0025
30, 0.5, 14, 0.0325, 7270, 0.0025
30, 0.5, 19, 0.0649999999999999, 7274, 0.0025
30, 0.5, 19, 0.0649999999999999, 7275, 0.0025
30, 0.5, 19, 0.0649999999999999, 7276, 0.0025
30, 0.5, 19, 0.0649999999999999, 7278, 0.0025
30, 0.5, 19, 0.0649999999999999, 7279, 0.0025
30, 0.5, 18, 0.0325, 7282, 0.0025
30, 0.5, 18, 0.0325, 7283, 0.0025
30, 0.5, 19, 0.0649999999999999, 7410, 0.0025
30, 0.5, 19, 0.0649999999999999, 7412, 0.0025
30, 0.5, 19, 0.0649999999999999, 7415, 0.0025
30, 0.5, 18, 0.0325, 7418, 0.0025
30, 0.5, 22, 0.0325, 7500, 0.0025
30, 0.5, 14, 0.0325, 7542, 0.0025
30, 0.5, 14, 0.0325, 7543, 0.0025
30, 0.5, 18, 0.0325, 7555, 0.0025
30, 0.5, 18, 0.0325, 7556, 0.0025
30, 0.5, 22, 0.0325, 7634, 0.0025
30, 0.5, 22, 0.0325, 7635, 0.0025
30, 0.5, 22, 0.0325, 7636, 0.0025
30, 0.5, 22, 0.0325, 7637, 0.0025
30, 0.5, 22, 0.0325, 7638, 0.0025
30, 0.5, 14, 0.0325, 7681, 0.0025
30, 0.5, 18, 0.0325, 7693, 0.0025
30, 0.5, 18, 0.0325, 7694, 0.0025
30, 0.5, 22, 0.0325, 7774, 0.0025
30, 0.5, 22, 0.0325, 7775, 0.0025
30, 0.5, 22, 0.0325, 7776, 0.0025
30, 0.5, 22, 0.0325, 7777, 0.0025
30, 0.5, 18, 0.0325, 7832, 0.0025
30, 0.5, 22, 0.0325, 7914, 0.0025
30, 0.5, 22, 0.0325, 7915, 0.0025
30, 0.5, 22, 0.0325, 7916, 0.0025
30, 0.5, 18, 0.0325, 7971, 0.0025
30, 0.5, 18, 0.0325, 7972, 0.0025
30, 0.5, 22, 0.0325, 8056, 0.0025
30, 0.5, 25, 0.07750000000000463, 9428, 0.0025
30, 0.5, 25, 0.07750000000000463, 9577, 0.0025
30, 0.5, 25, 0.07750000000000463, 9578, 0.0025
30, 0.5, 25, 0.07750000000000463, 9717, 0.0025
30, 0.5, 25, 0.07750000000000463, 9718, 0.0025
30, 0.5, 25, 0.07750000000000463, 9719, 0.0025
30, 0.5, 25, 0.07750000000000463, 9720, 0.0025
30, 0.5, 25, 0.07750000000000463, 9847, 0.0025
30, 0.5, 25, 0.07750000000000463, 9849, 0.0025
30, 0.5, 25, 0.07750000000000463, 9850, 0.0025
30, 0.5, 25, 0.07750000000000463, 9851, 0.0025
30, 0.5, 25, 0.07750000000000463, 9852, 0.0025
30, 0.5, 25, 0.07750000000000463, 9975, 0.0025
30, 0.5, 25, 0.07750000000000463, 9976, 0.0025
30, 0.5, 25, 0.07750000000000463, 9977, 0.0025
30, 0.5, 25, 0.07750000000000463, 10090, 0.0025
30, 0.5, 25, 0.07750000000000463, 10093, 0.0025
30, 0.5, 25, 0.07750000000000463, 10095, 0.0025
30, 0.5, 25, 0.07750000000000463, 10096, 0.0025
30, 0.5, 25, 0.07750000000000463, 10097, 0.0025
30, 0.5, 25, 0.07750000000000463, 10203, 0.0025
30, 0.5, 25, 0.07750000000000463, 10204, 0.0025
30, 0.5, 25, 0.07750000000000463, 10205, 0.0025
30, 0.5, 25, 0.07750000000000463, 10206, 0.0025
30, 0.5, 25, 0.07750000000000463, 10319, 0.0025
30, 0.5, 25, 0.07750000000000463, 10321, 0.0025
30, 0.5, 25, 0.07750000000000463, 10322, 0.0025
30, 0.5, 25, 0.07750000000000463, 10323, 0.0025
30, 0.5, 25, 0.07750000000000463, 10324, 0.0025
30, 0.5, 25, 0.07750000000000463, 10437, 0.0025
30, 0.5, 25, 0.07750000000000463, 10438, 0.0025
30, 0.5, 25, 0.07750000000000463, 10439, 0.0025
30, 0.5, 31, 0.0325, 11242, 0.0025
30, 0.5, 31, 0.0325, 11353, 0.0025
30, 0.5, 31, 0.0325, 11469, 0.0025
30, 0.5, 31, 0.0325, 11580, 0.0025
30, 0.5, 31, 0.0325, 11581, 0.0025
30, 0.5, 31, 0.0325, 11582, 0.0025
30, 0.5, 31, 0.0325, 11694, 0.0025
30, 0.5, 31, 0.0325, 11695, 0.0025
30, 0.5, 31, 0.0325, 11696, 0.0025
30, 0.5, 31, 0.0325, 11807, 0.0025
30, 0.5, 31, 0.0325, 11808, 0.0025
30, 0.5, 31, 0.0325, 11809, 0.0025
30, 0.5, 31, 0.0325, 11810, 0.0025
30, 0.5, 31, 0.0325, 11921, 0.0025
30, 0.5, 34, 0.0325, 15478, 0.0025
30, 0.5, 34, 0.0325, 15479, 0.0025
30, 0.5, 30, 0.0325, 15613, 0.0025
30, 0.5, 34, 0.0325, 15708, 0.0025
30, 0.5, 34, 0.0325, 15710, 0.0025
30, 0.5, 30, 0.0325, 15732, 0.0025
30, 0.5, 34, 0.0325, 15828, 0.0025
30, 0.5, 34, 0.0325, 15829, 0.0025
30, 0.5, 34, 0.0325, 15830, 0.0025
30, 0.5, 30, 0.0325, 15847, 0.0025
30, 0.5, 30, 0.0325, 15849, 0.0025
30, 0.5, 30, 0.0325, 15964, 0.0025
30, 0.5, 34, 0.0325, 16065, 0.0025
30, 0.5, 30, 0.0325, 16084, 0.0025
30, 0.5, 34, 0.0325, 16181, 0.0025
30, 0.5, 34, 0.0325, 16182, 0.0025
30, 0.5, 30, 0.0325, 16203, 0.0025
30, 0.5, 34, 0.0325, 16299, 0.0025
30, 0.5, 33, 0.0325, 16311, 0.0025
30, 0.5, 30, 0.0325, 16317, 0.0025
30, 0.5, 30, 0.0325, 16321, 0.0025
30, 0.5, 30, 0.0325, 16322, 0.0025
30, 0.5, 34, 0.0325, 16411, 0.0025
30, 0.5, 30, 0.0325, 16431, 0.0025
30, 0.5, 30, 0.0325, 16434, 0.0025
30, 0.5, 33, 0.0325, 16536, 0.0025
30, 0.5, 33, 0.0325, 16537, 0.0025
30, 0.5, 33, 0.0325, 16645, 0.0025
30, 0.5, 33, 0.0325, 16646, 0.0025
30, 0.5, 33, 0.0325, 16648, 0.0025
30, 0.5, 30, 0.0325, 16657, 0.0025
30, 0.5, 30, 0.0325, 16761, 0.0025
30, 0.5, 33, 0.0325, 16860, 0.0025
30, 0.5, 33, 0.0325, 16863, 0.0025
30, 0.5, 33, 0.0325, 16865, 0.0025
30, 0.5, 33, 0.0325, 16866, 0.0025
30, 0.5, 33, 0.0325, 16868, 0.0025
30, 0.5, 38, 0.0325, 16879, 0.0025
30, 0.5, 33, 0.0325, 16974, 0.0025
30, 0.5, 38, 0.0325, 16990, 0.0025
30, 0.5, 38, 0.0325, 16991, 0.0025
30, 0.5, 41, 0.04499999999999837, 17087, 0.0025
30, 0.5, 41, 0.04499999999999837, 17092, 0.0025
30, 0.5, 38, 0.0325, 17098, 0.0025
30, 0.5, 33, 0.0325, 17184, 0.0025
30, 0.5, 41, 0.04499999999999837, 17190, 0.0025
30, 0.5, 41, 0.04499999999999837, 17197, 0.0025
30, 0.5, 38, 0.0325, 17201, 0.0025
30, 0.5, 38, 0.0325, 17203, 0.0025
30, 0.5, 41, 0.04499999999999837, 17295, 0.0025
30, 0.5, 41, 0.04499999999999837, 17299, 0.0025
30, 0.5, 38, 0.0325, 17304, 0.0025
30, 0.5, 38, 0.0325, 17305, 0.0025
30, 0.5, 38, 0.0325, 17306, 0.0025
30, 0.5, 34, 0.0325, 17383, 0.0025
30, 0.5, 41, 0.04499999999999837, 17395, 0.0025
30, 0.5, 41, 0.04499999999999837, 17401, 0.0025
30, 0.5, 41, 0.04499999999999837, 17402, 0.0025
30, 0.5, 38, 0.0325, 17407, 0.0025
30, 0.5, 38, 0.0325, 17408, 0.0025
30, 0.5, 38, 0.0325, 17409, 0.0025
30, 0.5, 34, 0.0325, 17487, 0.0025
30, 0.5, 41, 0.04499999999999837, 17503, 0.0025
30, 0.5, 41, 0.04499999999999837, 17504, 0.0025
30, 0.5, 41, 0.04499999999999837, 17505, 0.0025
30, 0.5, 41, 0.04499999999999837, 17506, 0.0025
30, 0.5, 41, 0.04499999999999837, 17509, 0.0025
30, 0.5, 38, 0.0325, 17512, 0.0025
30, 0.5, 41, 0.04499999999999837, 17602, 0.0025
30, 0.5, 41, 0.04499999999999837, 17603, 0.0025
30, 0.5, 41, 0.04499999999999837, 17605, 0.0025
30, 0.5, 38, 0.0325, 17612, 0.0025
30, 0.5, 33, 0.0325, 17691, 0.0025
30, 0.5, 41, 0.04499999999999837, 17700, 0.0025
30, 0.5, 41, 0.04499999999999837, 17795, 0.0025
30, 0.5, 71, 0.03249999999999999, 33731, 0.0025
30, 0.5, 71, 0.03249999999999999, 33808, 0.0025
30, 0.5, 71, 0.03249999999999999, 35055, 0.0025
30, 0.5, 71, 0.03249999999999999, 35056, 0.0025
30, 0.5, 71, 0.03249999999999999, 35342, 0.0025
30, 0.5, 71, 0.03249999999999999, 35558, 0.0025
30, 0.5, 71, 0.03249999999999999, 35559, 0.0025
30, 0.5, 71, 0.03249999999999999, 35625, 0.0025
30, 0.5, 71, 0.03249999999999999, 35626, 0.0025
30, 0.5, 71, 0.03249999999999999, 35627, 0.0025
30, 0.5, 71, 0.03249999999999999, 35628, 0.0025
30, 0.5, 71, 0.03249999999999999, 35699, 0.0025
30, 0.5, 71, 0.03249999999999999, 35700, 0.0025
30, 0.5, 71, 0.03249999999999999, 35772, 0.0025
30, 0.5, 98, 0.0325, 49377, 0.0025
30, 0.5, 98, 0.0325, 49511, 0.0025
30, 0.5, 104, 0.0325, 49519, 0.0025
30, 0.5, 98, 0.0325, 49650, 0.0025
30, 0.5, 98, 0.0325, 49651, 0.0025
30, 0.5, 98, 0.0325, 49785, 0.0025
30, 0.5, 98, 0.0325, 49920, 0.0025
30, 0.5, 98, 0.0325, 49921, 0.0025
30, 0.5, 104, 0.0325, 49927, 0.0025
30, 0.5, 98, 0.0325, 50062, 0.0025
30, 0.5, 98, 0.0325, 50063, 0.0025
30, 0.5, 98, 0.0325, 50064, 0.0025
30, 0.5, 98, 0.0325, 50065, 0.0025
30, 0.5, 104, 0.0325, 50067, 0.0025
30, 0.5, 104, 0.0325, 50069, 0.0025
30, 0.5, 104, 0.0325, 50070, 0.0025
30, 0.5, 98, 0.0325, 50208, 0.0025
30, 0.5, 104, 0.0325, 50209, 0.0025
30, 0.5, 104, 0.0325, 50211, 0.0025
30, 0.5, 98, 0.0325, 50350, 0.0025
30, 0.5, 104, 0.0325, 50353, 0.0025
30, 0.5, 104, 0.0325, 50354, 0.0025
30, 0.5, 104, 0.0325, 50494, 0.0025
30, 0.5, 98, 0.0325, 50627, 0.0025
30, 0.5, 104, 0.0325, 50911, 0.0025
30, 0.5, 104, 0.0325, 51051, 0.0025
30, 0.5, 104, 0.0325, 51056, 0.0025
30, 0.5, 104, 0.0325, 51198, 0.0025
30, 0.5, 105, 0.03249999999999999, 51484, 0.0025
30, 0.5, 105, 0.03249999999999999, 51485, 0.0025
30, 0.5, 105, 0.03249999999999999, 51622, 0.0025
30, 0.5, 105, 0.03249999999999999, 51624, 0.0025
30, 0.5, 105, 0.03249999999999999, 51764, 0.0025
30, 0.5, 105, 0.03249999999999999, 51901, 0.0025
30, 0.5, 105, 0.03249999999999999, 52041, 0.0025
30, 0.5, 105, 0.03249999999999999, 52184, 0.0025
30, 0.5, 105, 0.03249999999999999, 52329, 0.0025
30, 0.5, 105, 0.03249999999999999, 52473, 0.0025
30, 0.5, 105, 0.03249999999999999, 52614, 0.0025
30, 0.5, 105, 0.03249999999999999, 52754, 0.0025
30, 0.5, 105, 0.03249999999999999, 52755, 0.0025
30, 0.5, 105, 0.03249999999999999, 53028, 0.0025
30, 0.5, 121, 0.0325, 55186, 0.0025
30, 0.5, 121, 0.0325, 55326, 0.0025
30, 0.5, 121, 0.0325, 55330, 0.0025
30, 0.5, 121, 0.0325, 55617, 0.0025
30, 0.5, 121, 0.0325, 55756, 0.0025
30, 0.5, 121, 0.0325, 55757, 0.0025
30, 0.5, 121, 0.0325, 55759, 0.0025
30, 0.5, 121, 0.0325, 55902, 0.0025
30, 0.5, 121, 0.0325, 55903, 0.0025
30, 0.5, 121, 0.0325, 55904, 0.0025
30, 0.5, 116, 0.0325, 56389, 0.0025
30, 0.5, 121, 0.0325, 56487, 0.0025
30, 0.5, 116, 0.0325, 56537, 0.0025
30, 0.5, 116, 0.0325, 56538, 0.0025
30, 0.5, 121, 0.0325, 56633, 0.0025
30, 0.5, 121, 0.0325, 56783, 0.0025
30, 0.5, 121, 0.0325, 56784, 0.0025
30, 0.5, 116, 0.0325, 56835, 0.0025
30, 0.5, 116, 0.0325, 56983, 0.0025
30, 0.5, 116, 0.0325, 57589, 0.0025
30, 0.5, 116, 0.0325, 58372, 0.0025
30, 0.5, 116, 0.0325, 58374, 0.0025
30, 0.5, 116, 0.0325, 58535, 0.0025
30, 0.5, 116, 0.0325, 58536, 0.0025
30, 0.5, 116, 0.0325, 58537, 0.0025
30, 0.5, 116, 0.0325, 58702, 0.0025
30, 0.5, 116, 0.0325, 58703, 0.0025
30, 0.5, 116, 0.0325, 59042, 0.0025
30, 0.5, 137, 0.0325, 63254, 0.0025
30, 0.5, 137, 0.0325, 63421, 0.0025
30, 0.5, 137, 0.0325, 63422, 0.0025
30, 0.5, 137, 0.0325, 63423, 0.0025
30, 0.5, 137, 0.0325, 63587, 0.0025
30, 0.5, 137, 0.0325, 63592, 0.0025
30, 0.5, 137, 0.0325, 63757, 0.0025
30, 0.5, 137, 0.0325, 63919, 0.0025
30, 0.5, 137, 0.0325, 63920, 0.0025
30, 0.5, 133, 0.0325, 63922, 0.0025
30, 0.5, 133, 0.0325, 63923, 0.0025
30, 0.5, 137, 0.0325, 64080, 0.0025
30, 0.5, 137, 0.0325, 64081, 0.0025
30, 0.5, 137, 0.0325, 64082, 0.0025
30, 0.5, 133, 0.0325, 64098, 0.0025
30, 0.5, 131, 0.0325, 64207, 0.0025
30, 0.5, 131, 0.0325, 64208, 0.0025
30, 0.5, 131, 0.0325, 64209, 0.0025
30, 0.5, 131, 0.0325, 64211, 0.0025
30, 0.5, 131, 0.0325, 64212, 0.0025
30, 0.5, 131, 0.0325, 64213, 0.0025
30, 0.5, 133, 0.0325, 64258, 0.0025
30, 0.5, 133, 0.0325, 64259, 0.0025
30, 0.5, 131, 0.0325, 64368, 0.0025
30, 0.5, 131, 0.0325, 64369, 0.0025
30, 0.5, 131, 0.0325, 64370, 0.0025
30, 0.5, 131, 0.0325, 64371, 0.0025
30, 0.5, 137, 0.0325, 64400, 0.0025
30, 0.5, 133, 0.0325, 64403, 0.0025
30, 0.5, 133, 0.0325, 64404, 0.0025
30, 0.5, 133, 0.0325, 64415, 0.0025
30, 0.5, 131, 0.0325, 64526, 0.0025
30, 0.5, 131, 0.0325, 64527, 0.0025
30, 0.5, 133, 0.0325, 64572, 0.0025
30, 0.5, 131, 0.0325, 64677, 0.0025
30, 0.5, 131, 0.0325, 64678, 0.0025
30, 0.5, 137, 0.0325, 64712, 0.0025
30, 0.5, 133, 0.0325, 64726, 0.0025
30, 0.5, 133, 0.0325, 64878, 0.0025
30, 0.5, 133, 0.0325, 65029, 0.0025
30, 0.5, 133, 0.0325, 65177, 0.0025
30, 0.5, 133, 0.0325, 65178, 0.0025
30, 0.5, 144, 0.0325, 65978, 0.0025
30, 0.5, 144, 0.0325, 66118, 0.0025
30, 0.5, 144, 0.0325, 66249, 0.0025
30, 0.5, 144, 0.0325, 66251, 0.0025
30, 0.5, 144, 0.0325, 66258, 0.0025
30, 0.5, 144, 0.0325, 66259, 0.0025
30, 0.5, 144, 0.0325, 66387, 0.0025
30, 0.5, 144, 0.0325, 66390, 0.0025
30, 0.5, 144, 0.0325, 66393, 0.0025
30, 0.5, 144, 0.0325, 66523, 0.0025
30, 0.5, 144, 0.0325, 66524, 0.0025
30, 0.5, 144, 0.0325, 66787, 0.0025
30, 0.5, 144, 0.0325, 66788, 0.0025
30, 0.5, 144, 0.0325, 66915, 0.0025
30, 0.55, 1, 0.0325, 1408, 0.0025
30, 0.55, 1, 0.0325, 1409, 0.0025
30, 0.55, 1, 0.0325, 1410, 0.0025
30, 0.55, 1, 0.0325, 1483, 0.0025
30, 0.55, 1, 0.0325, 1484, 0.0025
30, 0.55, 1, 0.0325, 1485, 0.0025
30, 0.55, 1, 0.0325, 1486, 0.0025
30, 0.55, 2, 0.03249999999999992, 1551, 0.0025
30, 0.55, 1, 0.0325, 1560, 0.0025
30, 0.55, 1, 0.0325, 1561, 0.0025
30, 0.55, 1, 0.0325, 1562, 0.0025
30, 0.55, 1, 0.0325, 1563, 0.0025
30, 0.55, 1, 0.0325, 1641, 0.0025
30, 0.55, 1, 0.0325, 1642, 0.0025
30, 0.55, 2, 0.03249999999999992, 1712, 0.0025
30, 0.55, 1, 0.0325, 1724, 0.0025
30, 0.55, 2, 0.03249999999999992, 1884, 0.0025
30, 0.55, 2, 0.03249999999999992, 1971, 0.0025
30, 0.55, 2, 0.03249999999999992, 1972, 0.0025
30, 0.55, 2, 0.03249999999999992, 1973, 0.0025
30, 0.55, 2, 0.03249999999999992, 1974, 0.0025
30, 0.55, 2, 0.03249999999999992, 2064, 0.0025
30, 0.55, 2, 0.03249999999999992, 2065, 0.0025
30, 0.55, 2, 0.03249999999999992, 2066, 0.0025
30, 0.55, 2, 0.03249999999999992, 2067, 0.0025
30, 0.55, 2, 0.03249999999999992, 2160, 0.0025
30, 0.55, 2, 0.03249999999999992, 2161, 0.0025
30, 0.55, 2, 0.03249999999999992, 2259, 0.0025
30, 0.55, 5, 0.03249999999999999, 2535, 0.0025
30, 0.55, 5, 0.03249999999999999, 2536, 0.0025
30, 0.55, 5, 0.03249999999999999, 2537, 0.0025
30, 0.55, 3, 0.03249999999999992, 2547, 0.0025
30, 0.55, 3, 0.03249999999999992, 2548, 0.0025
30, 0.55, 3, 0.03249999999999992, 2549, 0.0025
30, 0.55, 3, 0.03249999999999992, 2650, 0.0025
30, 0.55, 3, 0.03249999999999992, 2651, 0.0025
30, 0.55, 3, 0.03249999999999992, 2754, 0.0025
30, 0.55, 3, 0.03249999999999992, 2755, 0.0025
30, 0.55, 3, 0.03249999999999992, 2860, 0.0025
30, 0.55, 5, 0.03249999999999999, 3273, 0.0025
30, 0.55, 5, 0.03249999999999999, 3274, 0.0025
30, 0.55, 5, 0.03249999999999999, 3275, 0.0025
30, 0.55, 4, 0.03249999999999999, 3322, 0.0025
30, 0.55, 4, 0.03249999999999999, 3325, 0.0025
30, 0.55, 4, 0.03249999999999999, 3326, 0.0025
30, 0.55, 5, 0.03249999999999999, 3382, 0.0025
30, 0.55, 5, 0.03249999999999999, 3383, 0.0025
30, 0.55, 3, 0.03249999999999992, 3394, 0.0025
30, 0.55, 3, 0.03249999999999992, 3395, 0.0025
30, 0.55, 3, 0.03249999999999992, 3396, 0.0025
30, 0.55, 5, 0.03249999999999999, 3493, 0.0025
30, 0.55, 5, 0.03249999999999999, 3494, 0.0025
30, 0.55, 3, 0.03249999999999992, 3506, 0.0025
30, 0.55, 3, 0.03249999999999992, 3507, 0.0025
30, 0.55, 4, 0.03249999999999999, 3544, 0.0025
30, 0.55, 4, 0.03249999999999999, 3545, 0.0025
30, 0.55, 5, 0.03249999999999999, 3604, 0.0025
30, 0.55, 3, 0.03249999999999992, 3618, 0.0025
30, 0.55, 4, 0.03249999999999999, 3651, 0.0025
30, 0.55, 4, 0.03249999999999999, 3653, 0.0025
30, 0.55, 5, 0.03249999999999999, 3715, 0.0025
30, 0.55, 5, 0.03249999999999999, 3716, 0.0025
30, 0.55, 4, 0.03249999999999999, 3765, 0.0025
30, 0.55, 4, 0.03249999999999999, 3767, 0.0025
30, 0.55, 4, 0.03249999999999999, 3877, 0.0025
30, 0.55, 4, 0.03249999999999999, 3880, 0.0025
30, 0.55, 5, 0.03249999999999999, 3943, 0.0025
30, 0.55, 4, 0.03249999999999999, 3992, 0.0025
30, 0.55, 4, 0.03249999999999999, 3993, 0.0025
30, 0.55, 4, 0.03249999999999999, 3997, 0.0025
30, 0.55, 16, 0.03249999999999992, 5678, 0.0025
30, 0.55, 16, 0.03249999999999992, 5806, 0.0025
30, 0.55, 16, 0.03249999999999992, 5934, 0.0025
30, 0.55, 16, 0.03249999999999992, 6063, 0.0025
30, 0.55, 16, 0.03249999999999992, 6192, 0.0025
30, 0.55, 9, 0.0325, 6210, 0.0025
30, 0.55, 9, 0.0325, 6211, 0.0025
30, 0.55, 9, 0.0325, 6212, 0.0025
30, 0.55, 9, 0.0325, 6213, 0.0025
30, 0.55, 16, 0.03249999999999992, 6323, 0.0025
30, 0.55, 9, 0.0325, 6342, 0.0025
30, 0.55, 9, 0.0325, 6343, 0.0025
30, 0.55, 9, 0.0325, 6344, 0.0025
30, 0.55, 9, 0.0325, 6345, 0.0025
30, 0.55, 9, 0.0325, 6346, 0.0025
30, 0.55, 9, 0.0325, 6347, 0.0025
30, 0.55, 16, 0.03249999999999992, 6454, 0.0025
30, 0.55, 9, 0.0325, 6476, 0.0025
30, 0.55, 9, 0.0325, 6477, 0.0025
30, 0.55, 9, 0.0325, 6478, 0.0025
30, 0.55, 16, 0.03249999999999992, 6586, 0.0025
30, 0.55, 14, 0.0325, 6601, 0.0025
30, 0.55, 9, 0.0325, 6611, 0.0025
30, 0.55, 16, 0.03249999999999992, 6719, 0.0025
30, 0.55, 14, 0.0325, 6733, 0.0025
30, 0.55, 14, 0.0325, 6734, 0.0025
30, 0.55, 19, 0.04749999999999825, 6738, 0.0025
30, 0.55, 19, 0.04749999999999825, 6739, 0.0025
30, 0.55, 16, 0.03249999999999992, 6852, 0.0025
30, 0.55, 14, 0.0325, 6866, 0.0025
30, 0.55, 14, 0.0325, 6867, 0.0025
30, 0.55, 19, 0.04749999999999825, 6870, 0.0025
30, 0.55, 19, 0.04749999999999825, 6871, 0.0025
30, 0.55, 19, 0.04749999999999825, 6872, 0.0025
30, 0.55, 19, 0.04749999999999825, 6873, 0.0025
30, 0.55, 19, 0.04749999999999825, 6874, 0.0025
30, 0.55, 18, 0.03249999999999992, 6878, 0.0025
30, 0.55, 16, 0.03249999999999992, 6986, 0.0025
30, 0.55, 14, 0.0325, 6999, 0.0025
30, 0.55, 14, 0.0325, 7000, 0.0025
30, 0.55, 19, 0.04749999999999825, 7005, 0.0025
30, 0.55, 19, 0.04749999999999825, 7006, 0.0025
30, 0.55, 19, 0.04749999999999825, 7007, 0.0025
30, 0.55, 18, 0.03249999999999992, 7012, 0.0025
30, 0.55, 16, 0.03249999999999992, 7119, 0.0025
30, 0.55, 16, 0.03249999999999992, 7120, 0.0025
30, 0.55, 14, 0.0325, 7133, 0.0025
30, 0.55, 14, 0.0325, 7134, 0.0025
30, 0.55, 19, 0.04749999999999825, 7139, 0.0025
30, 0.55, 19, 0.04749999999999825, 7140, 0.0025
30, 0.55, 19, 0.04749999999999825, 7141, 0.0025
30, 0.55, 19, 0.04749999999999825, 7142, 0.0025
30, 0.55, 18, 0.03249999999999992, 7146, 0.0025
30, 0.55, 18, 0.03249999999999992, 7147, 0.0025
30, 0.55, 16, 0.03249999999999992, 7256, 0.0025
30, 0.55, 14, 0.0325, 7269, 0.0025
30, 0.55, 14, 0.0325, 7270, 0.0025
30, 0.55, 19, 0.04749999999999825, 7274, 0.0025
30, 0.55, 19, 0.04749999999999825, 7275, 0.0025
30, 0.55, 19, 0.04749999999999825, 7278, 0.0025
30, 0.55, 19, 0.04749999999999825, 7279, 0.0025
30, 0.55, 18, 0.03249999999999992, 7282, 0.0025
30, 0.55, 18, 0.03249999999999992, 7283, 0.0025
30, 0.55, 19, 0.04749999999999825, 7412, 0.0025
30, 0.55, 19, 0.04749999999999825, 7415, 0.0025
30, 0.55, 18, 0.03249999999999992, 7418, 0.0025
30, 0.55, 22, 0.03249999999999986, 7500, 0.0025
30, 0.55, 14, 0.0325, 7542, 0.0025
30, 0.55, 14, 0.0325, 7543, 0.0025
30, 0.55, 18, 0.03249999999999992, 7555, 0.0025
30, 0.55, 18, 0.03249999999999992, 7556, 0.0025
30, 0.55, 22, 0.03249999999999986, 7634, 0.0025
30, 0.55, 22, 0.03249999999999986, 7635, 0.0025
30, 0.55, 22, 0.03249999999999986, 7636, 0.0025
30, 0.55, 22, 0.03249999999999986, 7637, 0.0025
30, 0.55, 22, 0.03249999999999986, 7638, 0.0025
30, 0.55, 14, 0.0325, 7681, 0.0025
30, 0.55, 18, 0.03249999999999992, 7693, 0.0025
30, 0.55, 18, 0.03249999999999992, 7694, 0.0025
30, 0.55, 22, 0.03249999999999986, 7774, 0.0025
30, 0.55, 22, 0.03249999999999986, 7775, 0.0025
30, 0.55, 22, 0.03249999999999986, 7776, 0.0025
30, 0.55, 22, 0.03249999999999986, 7777, 0.0025
30, 0.55, 18, 0.03249999999999992, 7832, 0.0025
30, 0.55, 22, 0.03249999999999986, 7914, 0.0025
30, 0.55, 22, 0.03249999999999986, 7915, 0.0025
30, 0.55, 22, 0.03249999999999986, 7916, 0.0025
30, 0.55, 18, 0.03249999999999992, 7971, 0.0025
30, 0.55, 18, 0.03249999999999992, 7972, 0.0025
30, 0.55, 22, 0.03249999999999986, 8056, 0.0025
30, 0.55, 25, 0.06999999999999884, 9428, 0.0025
30, 0.55, 25, 0.06999999999999884, 9577, 0.0025
30, 0.55, 25, 0.06999999999999884, 9578, 0.0025
30, 0.55, 25, 0.06999999999999884, 9717, 0.0025
30, 0.55, 25, 0.06999999999999884, 9718, 0.0025
30, 0.55, 25, 0.06999999999999884, 9719, 0.0025
30, 0.55, 25, 0.06999999999999884, 9720, 0.0025
30, 0.55, 25, 0.06999999999999884, 9847, 0.0025
30, 0.55, 25, 0.06999999999999884, 9849, 0.0025
30, 0.55, 25, 0.06999999999999884, 9850, 0.0025
30, 0.55, 25, 0.06999999999999884, 9851, 0.0025
30, 0.55, 25, 0.06999999999999884, 9852, 0.0025
30, 0.55, 25, 0.06999999999999884, 9975, 0.0025
30, 0.55, 25, 0.06999999999999884, 9976, 0.0025
30, 0.55, 25, 0.06999999999999884, 9977, 0.0025
30, 0.55, 25, 0.06999999999999884, 10090, 0.0025
30, 0.55, 25, 0.06999999999999884, 10093, 0.0025
30, 0.55, 25, 0.06999999999999884, 10095, 0.0025
30, 0.55, 25, 0.06999999999999884, 10203, 0.0025
30, 0.55, 25, 0.06999999999999884, 10204, 0.0025
30, 0.55, 25, 0.06999999999999884, 10205, 0.0025
30, 0.55, 25, 0.06999999999999884, 10206, 0.0025
30, 0.55, 25, 0.06999999999999884, 10319, 0.0025
30, 0.55, 25, 0.06999999999999884, 10321, 0.0025
30, 0.55, 25, 0.06999999999999884, 10322, 0.0025
30, 0.55, 25, 0.06999999999999884, 10323, 0.0025
30, 0.55, 25, 0.06999999999999884, 10324, 0.0025
30, 0.55, 25, 0.06999999999999884, 10437, 0.0025
30, 0.55, 25, 0.06999999999999884, 10439, 0.0025
30, 0.55, 31, 0.03249999999999989, 11242, 0.0025
30, 0.55, 31, 0.03249999999999989, 11353, 0.0025
30, 0.55, 31, 0.03249999999999989, 11469, 0.0025
30, 0.55, 31, 0.03249999999999989, 11580, 0.0025
30, 0.55, 31, 0.03249999999999989, 11581, 0.0025
30, 0.55, 31, 0.03249999999999989, 11582, 0.0025
30, 0.55, 31, 0.03249999999999989, 11694, 0.0025
30, 0.55, 31, 0.03249999999999989, 11695, 0.0025
30, 0.55, 31, 0.03249999999999989, 11696, 0.0025
30, 0.55, 31, 0.03249999999999989, 11807, 0.0025
30, 0.55, 31, 0.03249999999999989, 11808, 0.0025
30, 0.55, 31, 0.03249999999999989, 11809, 0.0025
30, 0.55, 31, 0.03249999999999989, 11810, 0.0025
30, 0.55, 31, 0.03249999999999989, 11921, 0.0025
30, 0.55, 34, 0.0325, 15478, 0.0025
30, 0.55, 34, 0.0325, 15479, 0.0025
30, 0.55, 30, 0.0325, 15613, 0.0025
30, 0.55, 34, 0.0325, 15708, 0.0025
30, 0.55, 34, 0.0325, 15710, 0.0025
30, 0.55, 30, 0.0325, 15732, 0.0025
30, 0.55, 34, 0.0325, 15828, 0.0025
30, 0.55, 34, 0.0325, 15829, 0.0025
30, 0.55, 34, 0.0325, 15830, 0.0025
30, 0.55, 30, 0.0325, 15847, 0.0025
30, 0.55, 30, 0.0325, 15849, 0.0025
30, 0.55, 30, 0.0325, 15964, 0.0025
30, 0.55, 34, 0.0325, 16065, 0.0025
30, 0.55, 30, 0.0325, 16084, 0.0025
30, 0.55, 34, 0.0325, 16181, 0.0025
30, 0.55, 34, 0.0325, 16182, 0.0025
30, 0.55, 30, 0.0325, 16203, 0.0025
30, 0.55, 34, 0.0325, 16299, 0.0025
30, 0.55, 33, 0.0325, 16311, 0.0025
30, 0.55, 30, 0.0325, 16317, 0.0025
30, 0.55, 30, 0.0325, 16321, 0.0025
30, 0.55, 30, 0.0325, 16322, 0.0025
30, 0.55, 34, 0.0325, 16411, 0.0025
30, 0.55, 30, 0.0325, 16431, 0.0025
30, 0.55, 30, 0.0325, 16434, 0.0025
30, 0.55, 33, 0.0325, 16536, 0.0025
30, 0.55, 33, 0.0325, 16537, 0.0025
30, 0.55, 33, 0.0325, 16645, 0.0025
30, 0.55, 33, 0.0325, 16646, 0.0025
30, 0.55, 33, 0.0325, 16648, 0.0025
30, 0.55, 30, 0.0325, 16657, 0.0025
30, 0.55, 30, 0.0325, 16761, 0.0025
30, 0.55, 33, 0.0325, 16860, 0.0025
30, 0.55, 33, 0.0325, 16863, 0.0025
30, 0.55, 33, 0.0325, 16865, 0.0025
30, 0.55, 33, 0.0325, 16866, 0.0025
30, 0.55, 33, 0.0325, 16868, 0.0025
30, 0.55, 38, 0.03249999999999999, 16879, 0.0025
30, 0.55, 33, 0.0325, 16974, 0.0025
30, 0.55, 38, 0.03249999999999999, 16990, 0.0025
30, 0.55, 38, 0.03249999999999999, 16991, 0.0025
30, 0.55, 41, 0.03499999999999827, 17092, 0.0025
30, 0.55, 38, 0.03249999999999999, 17098, 0.0025
30, 0.55, 33, 0.0325, 17184, 0.0025
30, 0.55, 41, 0.03499999999999827, 17190, 0.0025
30, 0.55, 41, 0.03499999999999827, 17197, 0.0025
30, 0.55, 38, 0.03249999999999999, 17201, 0.0025
30, 0.55, 38, 0.03249999999999999, 17203, 0.0025
30, 0.55, 41, 0.03499999999999827, 17295, 0.0025
30, 0.55, 41, 0.03499999999999827, 17299, 0.0025
30, 0.55, 38, 0.03249999999999999, 17304, 0.0025
30, 0.55, 38, 0.03249999999999999, 17305, 0.0025
30, 0.55, 38, 0.03249999999999999, 17306, 0.0025
30, 0.55, 34, 0.0325, 17383, 0.0025
30, 0.55, 41, 0.03499999999999827, 17395, 0.0025
30, 0.55, 41, 0.03499999999999827, 17401, 0.0025
30, 0.55, 41, 0.03499999999999827, 17402, 0.0025
30, 0.55, 38, 0.03249999999999999, 17407, 0.0025
30, 0.55, 38, 0.03249999999999999, 17408, 0.0025
30, 0.55, 38, 0.03249999999999999, 17409, 0.0025
30, 0.55, 34, 0.0325, 17487, 0.0025
30, 0.55, 41, 0.03499999999999827, 17503, 0.0025
30, 0.55, 41, 0.03499999999999827, 17505, 0.0025
30, 0.55, 41, 0.03499999999999827, 17506, 0.0025
30, 0.55, 38, 0.03249999999999999, 17512, 0.0025
30, 0.55, 41, 0.03499999999999827, 17602, 0.0025
30, 0.55, 41, 0.03499999999999827, 17603, 0.0025
30, 0.55, 41, 0.03499999999999827, 17605, 0.0025
30, 0.55, 38, 0.03249999999999999, 17612, 0.0025
30, 0.55, 33, 0.0325, 17691, 0.0025
30, 0.55, 41, 0.03499999999999827, 17700, 0.0025
30, 0.55, 51, 0.0325, 25471, 0.0025
30, 0.55, 51, 0.0325, 25472, 0.0025
30, 0.55, 51, 0.0325, 25582, 0.0025
30, 0.55, 51, 0.0325, 25583, 0.0025
30, 0.55, 51, 0.0325, 25691, 0.0025
30, 0.55, 51, 0.0325, 25692, 0.0025
30, 0.55, 51, 0.0325, 25694, 0.0025
30, 0.55, 51, 0.0325, 25806, 0.0025
30, 0.55, 51, 0.0325, 25807, 0.0025
30, 0.55, 51, 0.0325, 25918, 0.0025
30, 0.55, 51, 0.0325, 25919, 0.0025
30, 0.55, 51, 0.0325, 25920, 0.0025
30, 0.55, 51, 0.0325, 26036, 0.0025
30, 0.55, 51, 0.0325, 26037, 0.0025
30, 0.55, 71, 0.0325, 33731, 0.0025
30, 0.55, 71, 0.0325, 33808, 0.0025
30, 0.55, 71, 0.0325, 35055, 0.0025
30, 0.55, 71, 0.0325, 35056, 0.0025
30, 0.55, 71, 0.0325, 35342, 0.0025
30, 0.55, 71, 0.0325, 35558, 0.0025
30, 0.55, 71, 0.0325, 35559, 0.0025
30, 0.55, 71, 0.0325, 35625, 0.0025
30, 0.55, 71, 0.0325, 35626, 0.0025
30, 0.55, 71, 0.0325, 35627, 0.0025
30, 0.55, 71, 0.0325, 35628, 0.0025
30, 0.55, 71, 0.0325, 35699, 0.0025
30, 0.55, 71, 0.0325, 35700, 0.0025
30, 0.55, 71, 0.0325, 35772, 0.0025
30, 0.55, 98, 0.0325, 49377, 0.0025
30, 0.55, 98, 0.0325, 49511, 0.0025
30, 0.55, 104, 0.03249999999999996, 49519, 0.0025
30, 0.55, 98, 0.0325, 49650, 0.0025
30, 0.55, 98, 0.0325, 49651, 0.0025
30, 0.55, 98, 0.0325, 49785, 0.0025
30, 0.55, 98, 0.0325, 49920, 0.0025
30, 0.55, 98, 0.0325, 49921, 0.0025
30, 0.55, 104, 0.03249999999999996, 49927, 0.0025
30, 0.55, 98, 0.0325, 50062, 0.0025
30, 0.55, 98, 0.0325, 50063, 0.0025
30, 0.55, 98, 0.0325, 50064, 0.0025
30, 0.55, 98, 0.0325, 50065, 0.0025
30, 0.55, 104, 0.03249999999999996, 50067, 0.0025
30, 0.55, 104, 0.03249999999999996, 50069, 0.0025
30, 0.55, 104, 0.03249999999999996, 50070, 0.0025
30, 0.55, 98, 0.0325, 50208, 0.0025
30, 0.55, 104, 0.03249999999999996, 50209, 0.0025
30, 0.55, 104, 0.03249999999999996, 50211, 0.0025
30, 0.55, 98, 0.0325, 50350, 0.0025
30, 0.55, 104, 0.03249999999999996, 50353, 0.0025
30, 0.55, 104, 0.03249999999999996, 50354, 0.0025
30, 0.55, 104, 0.03249999999999996, 50494, 0.0025
30, 0.55, 98, 0.0325, 50627, 0.0025
30, 0.55, 104, 0.03249999999999996, 50911, 0.0025
30, 0.55, 104, 0.03249999999999996, 51051, 0.0025
30, 0.55, 104, 0.03249999999999996, 51056, 0.0025
30, 0.55, 104, 0.03249999999999996, 51198, 0.0025
30, 0.55, 105, 0.0325, 51484, 0.0025
30, 0.55, 105, 0.0325, 51485, 0.0025
30, 0.55, 105, 0.0325, 51622, 0.0025
30, 0.55, 105, 0.0325, 51624, 0.0025
30, 0.55, 105, 0.0325, 51764, 0.0025
30, 0.55, 105, 0.0325, 51901, 0.0025
30, 0.55, 105, 0.0325, 52041, 0.0025
30, 0.55, 105, 0.0325, 52184, 0.0025
30, 0.55, 105, 0.0325, 52329, 0.0025
30, 0.55, 105, 0.0325, 52473, 0.0025
30, 0.55, 105, 0.0325, 52614, 0.0025
30, 0.55, 105, 0.0325, 52754, 0.0025
30, 0.55, 105, 0.0325, 52755, 0.0025
30, 0.55, 105, 0.0325, 53028, 0.0025
30, 0.55, 121, 0.0325, 55186, 0.0025
30, 0.55, 121, 0.0325, 55326, 0.0025
30, 0.55, 121, 0.0325, 55330, 0.0025
30, 0.55, 121, 0.0325, 55617, 0.0025
30, 0.55, 121, 0.0325, 55756, 0.0025
30, 0.55, 121, 0.0325, 55757, 0.0025
30, 0.55, 121, 0.0325, 55759, 0.0025
30, 0.55, 121, 0.0325, 55902, 0.0025
30, 0.55, 121, 0.0325, 55903, 0.0025
30, 0.55, 121, 0.0325, 55904, 0.0025
30, 0.55, 116, 0.0325, 56389, 0.0025
30, 0.55, 121, 0.0325, 56487, 0.0025
30, 0.55, 116, 0.0325, 56537, 0.0025
30, 0.55, 116, 0.0325, 56538, 0.0025
30, 0.55, 121, 0.0325, 56633, 0.0025
30, 0.55, 121, 0.0325, 56783, 0.0025
30, 0.55, 121, 0.0325, 56784, 0.0025
30, 0.55, 116, 0.0325, 56835, 0.0025
30, 0.55, 116, 0.0325, 56983, 0.0025
30, 0.55, 116, 0.0325, 57589, 0.0025
30, 0.55, 116, 0.0325, 58372, 0.0025
30, 0.55, 116, 0.0325, 58374, 0.0025
30, 0.55, 116, 0.0325, 58535, 0.0025
30, 0.55, 116, 0.0325, 58536, 0.0025
30, 0.55, 116, 0.0325, 58537, 0.0025
30, 0.55, 116, 0.0325, 58702, 0.0025
30, 0.55, 116, 0.0325, 58703, 0.0025
30, 0.55, 116, 0.0325, 59042, 0.0025
30, 0.55, 137, 0.0325, 63254, 0.0025
30, 0.55, 137, 0.0325, 63421, 0.0025
30, 0.55, 137, 0.0325, 63422, 0.0025
30, 0.55, 137, 0.0325, 63423, 0.0025
30, 0.55, 137, 0.0325, 63587, 0.0025
30, 0.55, 137, 0.0325, 63592, 0.0025
30, 0.55, 137, 0.0325, 63757, 0.0025
30, 0.55, 137, 0.0325, 63919, 0.0025
30, 0.55, 137, 0.0325, 63920, 0.0025
30, 0.55, 133, 0.0325, 63922, 0.0025
30, 0.55, 133, 0.0325, 63923, 0.0025
30, 0.55, 137, 0.0325, 64080, 0.0025
30, 0.55, 137, 0.0325, 64081, 0.0025
30, 0.55, 137, 0.0325, 64082, 0.0025
30, 0.55, 133, 0.0325, 64098, 0.0025
30, 0.55, 131, 0.0325, 64207, 0.0025
30, 0.55, 131, 0.0325, 64208, 0.0025
30, 0.55, 131, 0.0325, 64209, 0.0025
30, 0.55, 131, 0.0325, 64211, 0.0025
30, 0.55, 131, 0.0325, 64212, 0.0025
30, 0.55, 131, 0.0325, 64213, 0.0025
30, 0.55, 133, 0.0325, 64258, 0.0025
30, 0.55, 133, 0.0325, 64259, 0.0025
30, 0.55, 131, 0.0325, 64368, 0.0025
30, 0.55, 131, 0.0325, 64369, 0.0025
30, 0.55, 131, 0.0325, 64370, 0.0025
30, 0.55, 131, 0.0325, 64371, 0.0025
30, 0.55, 137, 0.0325, 64400, 0.0025
30, 0.55, 133, 0.0325, 64403, 0.0025
30, 0.55, 133, 0.0325, 64404, 0.0025
30, 0.55, 133, 0.0325, 64415, 0.0025
30, 0.55, 131, 0.0325, 64526, 0.0025
30, 0.55, 131, 0.0325, 64527, 0.0025
30, 0.55, 133, 0.0325, 64572, 0.0025
30, 0.55, 131, 0.0325, 64677, 0.0025
30, 0.55, 131, 0.0325, 64678, 0.0025
30, 0.55, 137, 0.0325, 64712, 0.0025
30, 0.55, 133, 0.0325, 64726, 0.0025
30, 0.55, 133, 0.0325, 64878, 0.0025
30, 0.55, 133, 0.0325, 65029, 0.0025
30, 0.55, 133, 0.0325, 65177, 0.0025
30, 0.55, 133, 0.0325, 65178, 0.0025
30, 0.55, 144, 0.03500000000000002, 65977, 0.0025
30, 0.55, 144, 0.03500000000000002, 65978, 0.0025
30, 0.55, 144, 0.03500000000000002, 66118, 0.0025
30, 0.55, 144, 0.03500000000000002, 66249, 0.0025
30, 0.55, 144, 0.03500000000000002, 66251, 0.0025
30, 0.55, 144, 0.03500000000000002, 66258, 0.0025
30, 0.55, 144, 0.03500000000000002, 66259, 0.0025
30, 0.55, 144, 0.03500000000000002, 66387, 0.0025
30, 0.55, 144, 0.03500000000000002, 66390, 0.0025
30, 0.55, 144, 0.03500000000000002, 66393, 0.0025
30, 0.55, 144, 0.03500000000000002, 66523, 0.0025
30, 0.55, 144, 0.03500000000000002, 66524, 0.0025
30, 0.55, 144, 0.03500000000000002, 66787, 0.0025
30, 0.55, 144, 0.03500000000000002, 66788, 0.0025
30, 0.55, 144, 0.03500000000000002, 66915, 0.0025
30, 0.6000000000000001, 1, 0.0325, 1408, 0.0025
30, 0.6000000000000001, 1, 0.0325, 1409, 0.0025
30, 0.6000000000000001, 1, 0.0325, 1410, 0.0025
30, 0.6000000000000001, 1, 0.0325, 1483, 0.0025
30, 0.6000000000000001, 1, 0.0325, 1484, 0.0025
30, 0.6000000000000001, 1, 0.0325, 1485, 0.0025
30, 0.6000000000000001, 1, 0.0325, 1486, 0.0025
30, 0.6000000000000001, 2, 0.03249999999999992, 1551, 0.0025
30, 0.6000000000000001, 1, 0.0325, 1560, 0.0025
30, 0.6000000000000001, 1, 0.0325, 1561, 0.0025
30, 0.6000000000000001, 1, 0.0325, 1562, 0.0025
30, 0.6000000000000001, 1, 0.0325, 1563, 0.0025
30, 0.6000000000000001, 1, 0.0325, 1641, 0.0025
30, 0.6000000000000001, 1, 0.0325, 1642, 0.0025
30, 0.6000000000000001, 2, 0.03249999999999992, 1712, 0.0025
30, 0.6000000000000001, 1, 0.0325, 1724, 0.0025
30, 0.6000000000000001, 2, 0.03249999999999992, 1884, 0.0025
30, 0.6000000000000001, 2, 0.03249999999999992, 1971, 0.0025
30, 0.6000000000000001, 2, 0.03249999999999992, 1972, 0.0025
30, 0.6000000000000001, 2, 0.03249999999999992, 1973, 0.0025
30, 0.6000000000000001, 2, 0.03249999999999992, 1974, 0.0025
30, 0.6000000000000001, 2, 0.03249999999999992, 2064, 0.0025
30, 0.6000000000000001, 2, 0.03249999999999992, 2065, 0.0025
30, 0.6000000000000001, 2, 0.03249999999999992, 2066, 0.0025
30, 0.6000000000000001, 2, 0.03249999999999992, 2067, 0.0025
30, 0.6000000000000001, 2, 0.03249999999999992, 2160, 0.0025
30, 0.6000000000000001, 2, 0.03249999999999992, 2161, 0.0025
30, 0.6000000000000001, 2, 0.03249999999999992, 2259, 0.0025
30, 0.6000000000000001, 5, 0.0325, 2535, 0.0025
30, 0.6000000000000001, 5, 0.0325, 2536, 0.0025
30, 0.6000000000000001, 5, 0.0325, 2537, 0.0025
30, 0.6000000000000001, 3, 0.0325, 2547, 0.0025
30, 0.6000000000000001, 3, 0.0325, 2548, 0.0025
30, 0.6000000000000001, 3, 0.0325, 2549, 0.0025
30, 0.6000000000000001, 3, 0.0325, 2650, 0.0025
30, 0.6000000000000001, 3, 0.0325, 2651, 0.0025
30, 0.6000000000000001, 3, 0.0325, 2754, 0.0025
30, 0.6000000000000001, 3, 0.0325, 2755, 0.0025
30, 0.6000000000000001, 3, 0.0325, 2860, 0.0025
30, 0.6000000000000001, 5, 0.0325, 3273, 0.0025
30, 0.6000000000000001, 5, 0.0325, 3274, 0.0025
30, 0.6000000000000001, 5, 0.0325, 3275, 0.0025
30, 0.6000000000000001, 5, 0.0325, 3382, 0.0025
30, 0.6000000000000001, 5, 0.0325, 3383, 0.0025
30, 0.6000000000000001, 3, 0.0325, 3394, 0.0025
30, 0.6000000000000001, 3, 0.0325, 3395, 0.0025
30, 0.6000000000000001, 3, 0.0325, 3396, 0.0025
30, 0.6000000000000001, 5, 0.0325, 3493, 0.0025
30, 0.6000000000000001, 5, 0.0325, 3494, 0.0025
30, 0.6000000000000001, 3, 0.0325, 3506, 0.0025
30, 0.6000000000000001, 3, 0.0325, 3507, 0.0025
30, 0.6000000000000001, 5, 0.0325, 3604, 0.0025
30, 0.6000000000000001, 3, 0.0325, 3618, 0.0025
30, 0.6000000000000001, 5, 0.0325, 3715, 0.0025
30, 0.6000000000000001, 5, 0.0325, 3716, 0.0025
30, 0.6000000000000001, 5, 0.0325, 3943, 0.0025
30, 0.6000000000000001, 16, 0.0325, 5678, 0.0025
30, 0.6000000000000001, 16, 0.0325, 5806, 0.0025
30, 0.6000000000000001, 16, 0.0325, 5934, 0.0025
30, 0.6000000000000001, 16, 0.0325, 6063, 0.0025
30, 0.6000000000000001, 16, 0.0325, 6192, 0.0025
30, 0.6000000000000001, 9, 0.0325, 6210, 0.0025
30, 0.6000000000000001, 9, 0.0325, 6211, 0.0025
30, 0.6000000000000001, 9, 0.0325, 6212, 0.0025
30, 0.6000000000000001, 9, 0.0325, 6213, 0.0025
30, 0.6000000000000001, 16, 0.0325, 6323, 0.0025
30, 0.6000000000000001, 9, 0.0325, 6342, 0.0025
30, 0.6000000000000001, 9, 0.0325, 6343, 0.0025
30, 0.6000000000000001, 9, 0.0325, 6344, 0.0025
30, 0.6000000000000001, 9, 0.0325, 6345, 0.0025
30, 0.6000000000000001, 9, 0.0325, 6346, 0.0025
30, 0.6000000000000001, 9, 0.0325, 6347, 0.0025
30, 0.6000000000000001, 16, 0.0325, 6454, 0.0025
30, 0.6000000000000001, 9, 0.0325, 6476, 0.0025
30, 0.6000000000000001, 9, 0.0325, 6477, 0.0025
30, 0.6000000000000001, 9, 0.0325, 6478, 0.0025
30, 0.6000000000000001, 16, 0.0325, 6586, 0.0025
30, 0.6000000000000001, 14, 0.0325, 6601, 0.0025
30, 0.6000000000000001, 9, 0.0325, 6611, 0.0025
30, 0.6000000000000001, 16, 0.0325, 6719, 0.0025
30, 0.6000000000000001, 14, 0.0325, 6733, 0.0025
30, 0.6000000000000001, 14, 0.0325, 6734, 0.0025
30, 0.6000000000000001, 19, 0.05999999999999991, 6738, 0.0025
30, 0.6000000000000001, 19, 0.05999999999999991, 6739, 0.0025
30, 0.6000000000000001, 19, 0.05999999999999991, 6740, 0.0025
30, 0.6000000000000001, 16, 0.0325, 6852, 0.0025
30, 0.6000000000000001, 14, 0.0325, 6866, 0.0025
30, 0.6000000000000001, 14, 0.0325, 6867, 0.0025
30, 0.6000000000000001, 19, 0.05999999999999991, 6870, 0.0025
30, 0.6000000000000001, 19, 0.05999999999999991, 6871, 0.0025
30, 0.6000000000000001, 19, 0.05999999999999991, 6872, 0.0025
30, 0.6000000000000001, 19, 0.05999999999999991, 6873, 0.0025
30, 0.6000000000000001, 19, 0.05999999999999991, 6874, 0.0025
30, 0.6000000000000001, 18, 0.03249999999999989, 6878, 0.0025
30, 0.6000000000000001, 16, 0.0325, 6986, 0.0025
30, 0.6000000000000001, 14, 0.0325, 6999, 0.0025
30, 0.6000000000000001, 14, 0.0325, 7000, 0.0025
30, 0.6000000000000001, 19, 0.05999999999999991, 7004, 0.0025
30, 0.6000000000000001, 19, 0.05999999999999991, 7005, 0.0025
30, 0.6000000000000001, 19, 0.05999999999999991, 7006, 0.0025
30, 0.6000000000000001, 19, 0.05999999999999991, 7007, 0.0025
30, 0.6000000000000001, 18, 0.03249999999999989, 7012, 0.0025
30, 0.6000000000000001, 16, 0.0325, 7119, 0.0025
30, 0.6000000000000001, 16, 0.0325, 7120, 0.0025
30, 0.6000000000000001, 14, 0.0325, 7133, 0.0025
30, 0.6000000000000001, 14, 0.0325, 7134, 0.0025
30, 0.6000000000000001, 19, 0.05999999999999991, 7138, 0.0025
30, 0.6000000000000001, 19, 0.05999999999999991, 7139, 0.0025
30, 0.6000000000000001, 19, 0.05999999999999991, 7140, 0.0025
30, 0.6000000000000001, 19, 0.05999999999999991, 7141, 0.0025
30, 0.6000000000000001, 19, 0.05999999999999991, 7142, 0.0025
30, 0.6000000000000001, 18, 0.03249999999999989, 7146, 0.0025
30, 0.6000000000000001, 18, 0.03249999999999989, 7147, 0.0025
30, 0.6000000000000001, 16, 0.0325, 7256, 0.0025
30, 0.6000000000000001, 14, 0.0325, 7269, 0.0025
30, 0.6000000000000001, 14, 0.0325, 7270, 0.0025
30, 0.6000000000000001, 19, 0.05999999999999991, 7274, 0.0025
30, 0.6000000000000001, 19, 0.05999999999999991, 7275, 0.0025
30, 0.6000000000000001, 19, 0.05999999999999991, 7276, 0.0025
30, 0.6000000000000001, 19, 0.05999999999999991, 7278, 0.0025
30, 0.6000000000000001, 19, 0.05999999999999991, 7279, 0.0025
30, 0.6000000000000001, 18, 0.03249999999999989, 7282, 0.0025
30, 0.6000000000000001, 18, 0.03249999999999989, 7283, 0.0025
30, 0.6000000000000001, 19, 0.05999999999999991, 7410, 0.0025
30, 0.6000000000000001, 19, 0.05999999999999991, 7412, 0.0025
30, 0.6000000000000001, 19, 0.05999999999999991, 7415, 0.0025
30, 0.6000000000000001, 18, 0.03249999999999989, 7418, 0.0025
30, 0.6000000000000001, 22, 0.0325, 7500, 0.0025
30, 0.6000000000000001, 14, 0.0325, 7542, 0.0025
30, 0.6000000000000001, 14, 0.0325, 7543, 0.0025
30, 0.6000000000000001, 18, 0.03249999999999989, 7555, 0.0025
30, 0.6000000000000001, 18, 0.03249999999999989, 7556, 0.0025
30, 0.6000000000000001, 22, 0.0325, 7634, 0.0025
30, 0.6000000000000001, 22, 0.0325, 7635, 0.0025
30, 0.6000000000000001, 22, 0.0325, 7636, 0.0025
30, 0.6000000000000001, 22, 0.0325, 7637, 0.0025
30, 0.6000000000000001, 22, 0.0325, 7638, 0.0025
30, 0.6000000000000001, 14, 0.0325, 7681, 0.0025
30, 0.6000000000000001, 18, 0.03249999999999989, 7693, 0.0025
30, 0.6000000000000001, 18, 0.03249999999999989, 7694, 0.0025
30, 0.6000000000000001, 22, 0.0325, 7774, 0.0025
30, 0.6000000000000001, 22, 0.0325, 7775, 0.0025
30, 0.6000000000000001, 22, 0.0325, 7776, 0.0025
30, 0.6000000000000001, 22, 0.0325, 7777, 0.0025
30, 0.6000000000000001, 18, 0.03249999999999989, 7832, 0.0025
30, 0.6000000000000001, 22, 0.0325, 7914, 0.0025
30, 0.6000000000000001, 22, 0.0325, 7915, 0.0025
30, 0.6000000000000001, 22, 0.0325, 7916, 0.0025
30, 0.6000000000000001, 18, 0.03249999999999989, 7971, 0.0025
30, 0.6000000000000001, 18, 0.03249999999999989, 7972, 0.0025
30, 0.6000000000000001, 22, 0.0325, 8056, 0.0025
30, 0.6000000000000001, 25, 0.0475, 9428, 0.0025
30, 0.6000000000000001, 25, 0.0475, 9577, 0.0025
30, 0.6000000000000001, 25, 0.0475, 9578, 0.0025
30, 0.6000000000000001, 25, 0.0475, 9717, 0.0025
30, 0.6000000000000001, 25, 0.0475, 9718, 0.0025
30, 0.6000000000000001, 25, 0.0475, 9719, 0.0025
30, 0.6000000000000001, 25, 0.0475, 9720, 0.0025
30, 0.6000000000000001, 25, 0.0475, 9847, 0.0025
30, 0.6000000000000001, 25, 0.0475, 9849, 0.0025
30, 0.6000000000000001, 25, 0.0475, 9850, 0.0025
30, 0.6000000000000001, 25, 0.0475, 9851, 0.0025
30, 0.6000000000000001, 25, 0.0475, 9852, 0.0025
30, 0.6000000000000001, 25, 0.0475, 9975, 0.0025
30, 0.6000000000000001, 25, 0.0475, 10090, 0.0025
30, 0.6000000000000001, 25, 0.0475, 10093, 0.0025
30, 0.6000000000000001, 25, 0.0475, 10203, 0.0025
30, 0.6000000000000001, 25, 0.0475, 10204, 0.0025
30, 0.6000000000000001, 25, 0.0475, 10205, 0.0025
30, 0.6000000000000001, 25, 0.0475, 10206, 0.0025
30, 0.6000000000000001, 25, 0.0475, 10322, 0.0025
30, 0.6000000000000001, 31, 0.0325, 11242, 0.0025
30, 0.6000000000000001, 31, 0.0325, 11353, 0.0025
30, 0.6000000000000001, 31, 0.0325, 11469, 0.0025
30, 0.6000000000000001, 31, 0.0325, 11580, 0.0025
30, 0.6000000000000001, 31, 0.0325, 11581, 0.0025
30, 0.6000000000000001, 31, 0.0325, 11582, 0.0025
30, 0.6000000000000001, 31, 0.0325, 11694, 0.0025
30, 0.6000000000000001, 31, 0.0325, 11695, 0.0025
30, 0.6000000000000001, 31, 0.0325, 11696, 0.0025
30, 0.6000000000000001, 31, 0.0325, 11807, 0.0025
30, 0.6000000000000001, 31, 0.0325, 11808, 0.0025
30, 0.6000000000000001, 31, 0.0325, 11809, 0.0025
30, 0.6000000000000001, 31, 0.0325, 11810, 0.0025
30, 0.6000000000000001, 31, 0.0325, 11921, 0.0025
30, 0.6000000000000001, 37, 0.0325, 15440, 0.0025
30, 0.6000000000000001, 34, 0.0325, 15478, 0.0025
30, 0.6000000000000001, 34, 0.0325, 15479, 0.0025
30, 0.6000000000000001, 37, 0.0325, 15553, 0.0025
30, 0.6000000000000001, 30, 0.03250000000000206, 15613, 0.0025
30, 0.6000000000000001, 37, 0.0325, 15669, 0.0025
30, 0.6000000000000001, 34, 0.0325, 15708, 0.0025
30, 0.6000000000000001, 34, 0.0325, 15710, 0.0025
30, 0.6000000000000001, 30, 0.03250000000000206, 15732, 0.0025
30, 0.6000000000000001, 37, 0.0325, 15788, 0.0025
30, 0.6000000000000001, 34, 0.0325, 15828, 0.0025
30, 0.6000000000000001, 34, 0.0325, 15829, 0.0025
30, 0.6000000000000001, 34, 0.0325, 15830, 0.0025
30, 0.6000000000000001, 30, 0.03250000000000206, 15847, 0.0025
30, 0.6000000000000001, 30, 0.03250000000000206, 15849, 0.0025
30, 0.6000000000000001, 37, 0.0325, 15903, 0.0025
30, 0.6000000000000001, 30, 0.03250000000000206, 15964, 0.0025
30, 0.6000000000000001, 37, 0.0325, 16020, 0.0025
30, 0.6000000000000001, 37, 0.0325, 16021, 0.0025
30, 0.6000000000000001, 34, 0.0325, 16065, 0.0025
30, 0.6000000000000001, 30, 0.03250000000000206, 16084, 0.0025
30, 0.6000000000000001, 37, 0.0325, 16138, 0.0025
30, 0.6000000000000001, 34, 0.0325, 16181, 0.0025
30, 0.6000000000000001, 34, 0.0325, 16182, 0.0025
30, 0.6000000000000001, 30, 0.03250000000000206, 16203, 0.0025
30, 0.6000000000000001, 37, 0.0325, 16256, 0.0025
30, 0.6000000000000001, 37, 0.0325, 16257, 0.0025
30, 0.6000000000000001, 34, 0.0325, 16299, 0.0025
30, 0.6000000000000001, 33, 0.0325, 16311, 0.0025
30, 0.6000000000000001, 30, 0.03250000000000206, 16317, 0.0025
30, 0.6000000000000001, 30, 0.03250000000000206, 16321, 0.0025
30, 0.6000000000000001, 30, 0.03250000000000206, 16322, 0.0025
30, 0.6000000000000001, 37, 0.0325, 16371, 0.0025
30, 0.6000000000000001, 34, 0.0325, 16411, 0.0025
30, 0.6000000000000001, 30, 0.03250000000000206, 16431, 0.0025
30, 0.6000000000000001, 30, 0.03250000000000206, 16434, 0.0025
30, 0.6000000000000001, 37, 0.0325, 16484, 0.0025
30, 0.6000000000000001, 37, 0.0325, 16485, 0.0025
30, 0.6000000000000001, 33, 0.0325, 16536, 0.0025
30, 0.6000000000000001, 33, 0.0325, 16537, 0.0025
30, 0.6000000000000001, 37, 0.0325, 16595, 0.0025
30, 0.6000000000000001, 33, 0.0325, 16645, 0.0025
30, 0.6000000000000001, 33, 0.0325, 16646, 0.0025
30, 0.6000000000000001, 33, 0.0325, 16648, 0.0025
30, 0.6000000000000001, 30, 0.03250000000000206, 16657, 0.0025
30, 0.6000000000000001, 30, 0.03250000000000206, 16761, 0.0025
30, 0.6000000000000001, 33, 0.0325, 16860, 0.0025
30, 0.6000000000000001, 33, 0.0325, 16863, 0.0025
30, 0.6000000000000001, 33, 0.0325, 16865, 0.0025
30, 0.6000000000000001, 33, 0.0325, 16866, 0.0025
30, 0.6000000000000001, 33, 0.0325, 16868, 0.0025
30, 0.6000000000000001, 38, 0.0325, 16879, 0.0025
30, 0.6000000000000001, 33, 0.0325, 16974, 0.0025
30, 0.6000000000000001, 38, 0.0325, 16990, 0.0025
30, 0.6000000000000001, 38, 0.0325, 16991, 0.0025
30, 0.6000000000000001, 41, 0.035, 17092, 0.0025
30, 0.6000000000000001, 38, 0.0325, 17098, 0.0025
30, 0.6000000000000001, 33, 0.0325, 17184, 0.0025
30, 0.6000000000000001, 41, 0.035, 17190, 0.0025
30, 0.6000000000000001, 41, 0.035, 17197, 0.0025
30, 0.6000000000000001, 38, 0.0325, 17201, 0.0025
30, 0.6000000000000001, 38, 0.0325, 17203, 0.0025
30, 0.6000000000000001, 41, 0.035, 17295, 0.0025
30, 0.6000000000000001, 41, 0.035, 17299, 0.0025
30, 0.6000000000000001, 38, 0.0325, 17304, 0.0025
30, 0.6000000000000001, 38, 0.0325, 17305, 0.0025
30, 0.6000000000000001, 38, 0.0325, 17306, 0.0025
30, 0.6000000000000001, 34, 0.0325, 17383, 0.0025
30, 0.6000000000000001, 41, 0.035, 17395, 0.0025
30, 0.6000000000000001, 41, 0.035, 17401, 0.0025
30, 0.6000000000000001, 41, 0.035, 17402, 0.0025
30, 0.6000000000000001, 38, 0.0325, 17407, 0.0025
30, 0.6000000000000001, 38, 0.0325, 17408, 0.0025
30, 0.6000000000000001, 38, 0.0325, 17409, 0.0025
30, 0.6000000000000001, 34, 0.0325, 17487, 0.0025
30, 0.6000000000000001, 41, 0.035, 17503, 0.0025
30, 0.6000000000000001, 41, 0.035, 17505, 0.0025
30, 0.6000000000000001, 41, 0.035, 17506, 0.0025
30, 0.6000000000000001, 38, 0.0325, 17512, 0.0025
30, 0.6000000000000001, 41, 0.035, 17602, 0.0025
30, 0.6000000000000001, 41, 0.035, 17603, 0.0025
30, 0.6000000000000001, 41, 0.035, 17605, 0.0025
30, 0.6000000000000001, 38, 0.0325, 17612, 0.0025
30, 0.6000000000000001, 33, 0.0325, 17691, 0.0025
30, 0.6000000000000001, 41, 0.035, 17700, 0.0025
30, 0.6000000000000001, 64, 0.0325, 30902, 0.0025
30, 0.6000000000000001, 64, 0.0325, 31097, 0.0025
30, 0.6000000000000001, 64, 0.0325, 31192, 0.0025
30, 0.6000000000000001, 64, 0.0325, 31372, 0.0025
30, 0.6000000000000001, 64, 0.0325, 31373, 0.0025
30, 0.6000000000000001, 64, 0.0325, 31468, 0.0025
30, 0.6000000000000001, 64, 0.0325, 31469, 0.0025
30, 0.6000000000000001, 64, 0.0325, 31929, 0.0025
30, 0.6000000000000001, 64, 0.0325, 31930, 0.0025
30, 0.6000000000000001, 64, 0.0325, 31931, 0.0025
30, 0.6000000000000001, 64, 0.0325, 32019, 0.0025
30, 0.6000000000000001, 64, 0.0325, 32024, 0.0025
30, 0.6000000000000001, 64, 0.0325, 32205, 0.0025
30, 0.6000000000000001, 64, 0.0325, 32206, 0.0025
30, 0.6000000000000001, 71, 0.0325, 33731, 0.0025
30, 0.6000000000000001, 71, 0.0325, 33808, 0.0025
30, 0.6000000000000001, 71, 0.0325, 35055, 0.0025
30, 0.6000000000000001, 71, 0.0325, 35056, 0.0025
30, 0.6000000000000001, 71, 0.0325, 35342, 0.0025
30, 0.6000000000000001, 71, 0.0325, 35558, 0.0025
30, 0.6000000000000001, 71, 0.0325, 35559, 0.0025
30, 0.6000000000000001, 71, 0.0325, 35625, 0.0025
30, 0.6000000000000001, 71, 0.0325, 35626, 0.0025
30, 0.6000000000000001, 71, 0.0325, 35627, 0.0025
30, 0.6000000000000001, 71, 0.0325, 35628, 0.0025
30, 0.6000000000000001, 71, 0.0325, 35699, 0.0025
30, 0.6000000000000001, 71, 0.0325, 35700, 0.0025
30, 0.6000000000000001, 71, 0.0325, 35772, 0.0025
30, 0.6000000000000001, 98, 0.0325, 49377, 0.0025
30, 0.6000000000000001, 98, 0.0325, 49511, 0.0025
30, 0.6000000000000001, 104, 0.0325, 49519, 0.0025
30, 0.6000000000000001, 98, 0.0325, 49650, 0.0025
30, 0.6000000000000001, 98, 0.0325, 49651, 0.0025
30, 0.6000000000000001, 98, 0.0325, 49785, 0.0025
30, 0.6000000000000001, 98, 0.0325, 49920, 0.0025
30, 0.6000000000000001, 98, 0.0325, 49921, 0.0025
30, 0.6000000000000001, 104, 0.0325, 49927, 0.0025
30, 0.6000000000000001, 98, 0.0325, 50062, 0.0025
30, 0.6000000000000001, 98, 0.0325, 50063, 0.0025
30, 0.6000000000000001, 98, 0.0325, 50064, 0.0025
30, 0.6000000000000001, 98, 0.0325, 50065, 0.0025
30, 0.6000000000000001, 104, 0.0325, 50067, 0.0025
30, 0.6000000000000001, 104, 0.0325, 50069, 0.0025
30, 0.6000000000000001, 104, 0.0325, 50070, 0.0025
30, 0.6000000000000001, 98, 0.0325, 50208, 0.0025
30, 0.6000000000000001, 104, 0.0325, 50209, 0.0025
30, 0.6000000000000001, 104, 0.0325, 50211, 0.0025
30, 0.6000000000000001, 98, 0.0325, 50350, 0.0025
30, 0.6000000000000001, 104, 0.0325, 50353, 0.0025
30, 0.6000000000000001, 104, 0.0325, 50354, 0.0025
30, 0.6000000000000001, 104, 0.0325, 50494, 0.0025
30, 0.6000000000000001, 98, 0.0325, 50627, 0.0025
30, 0.6000000000000001, 104, 0.0325, 50911, 0.0025
30, 0.6000000000000001, 104, 0.0325, 51051, 0.0025
30, 0.6000000000000001, 104, 0.0325, 51056, 0.0025
30, 0.6000000000000001, 104, 0.0325, 51198, 0.0025
30, 0.6000000000000001, 105, 0.0325, 51484, 0.0025
30, 0.6000000000000001, 105, 0.0325, 51485, 0.0025
30, 0.6000000000000001, 105, 0.0325, 51622, 0.0025
30, 0.6000000000000001, 105, 0.0325, 51624, 0.0025
30, 0.6000000000000001, 105, 0.0325, 51764, 0.0025
30, 0.6000000000000001, 105, 0.0325, 51901, 0.0025
30, 0.6000000000000001, 105, 0.0325, 52041, 0.0025
30, 0.6000000000000001, 105, 0.0325, 52184, 0.0025
30, 0.6000000000000001, 105, 0.0325, 52329, 0.0025
30, 0.6000000000000001, 105, 0.0325, 52473, 0.0025
30, 0.6000000000000001, 105, 0.0325, 52614, 0.0025
30, 0.6000000000000001, 105, 0.0325, 52754, 0.0025
30, 0.6000000000000001, 105, 0.0325, 52755, 0.0025
30, 0.6000000000000001, 105, 0.0325, 53028, 0.0025
30, 0.6000000000000001, 121, 0.0325, 55186, 0.0025
30, 0.6000000000000001, 121, 0.0325, 55326, 0.0025
30, 0.6000000000000001, 121, 0.0325, 55330, 0.0025
30, 0.6000000000000001, 121, 0.0325, 55617, 0.0025
30, 0.6000000000000001, 121, 0.0325, 55756, 0.0025
30, 0.6000000000000001, 121, 0.0325, 55757, 0.0025
30, 0.6000000000000001, 121, 0.0325, 55759, 0.0025
30, 0.6000000000000001, 121, 0.0325, 55902, 0.0025
30, 0.6000000000000001, 121, 0.0325, 55903, 0.0025
30, 0.6000000000000001, 121, 0.0325, 55904, 0.0025
30, 0.6000000000000001, 116, 0.0325, 56389, 0.0025
30, 0.6000000000000001, 121, 0.0325, 56487, 0.0025
30, 0.6000000000000001, 116, 0.0325, 56537, 0.0025
30, 0.6000000000000001, 116, 0.0325, 56538, 0.0025
30, 0.6000000000000001, 121, 0.0325, 56633, 0.0025
30, 0.6000000000000001, 121, 0.0325, 56783, 0.0025
30, 0.6000000000000001, 121, 0.0325, 56784, 0.0025
30, 0.6000000000000001, 116, 0.0325, 56835, 0.0025
30, 0.6000000000000001, 116, 0.0325, 56983, 0.0025
30, 0.6000000000000001, 116, 0.0325, 57589, 0.0025
30, 0.6000000000000001, 116, 0.0325, 58372, 0.0025
30, 0.6000000000000001, 116, 0.0325, 58374, 0.0025
30, 0.6000000000000001, 116, 0.0325, 58535, 0.0025
30, 0.6000000000000001, 116, 0.0325, 58536, 0.0025
30, 0.6000000000000001, 116, 0.0325, 58537, 0.0025
30, 0.6000000000000001, 116, 0.0325, 58702, 0.0025
30, 0.6000000000000001, 116, 0.0325, 58703, 0.0025
30, 0.6000000000000001, 116, 0.0325, 59042, 0.0025
30, 0.6000000000000001, 137, 0.0325, 63254, 0.0025
30, 0.6000000000000001, 137, 0.0325, 63421, 0.0025
30, 0.6000000000000001, 137, 0.0325, 63422, 0.0025
30, 0.6000000000000001, 137, 0.0325, 63423, 0.0025
30, 0.6000000000000001, 137, 0.0325, 63587, 0.0025
30, 0.6000000000000001, 137, 0.0325, 63592, 0.0025
30, 0.6000000000000001, 137, 0.0325, 63757, 0.0025
30, 0.6000000000000001, 137, 0.0325, 63919, 0.0025
30, 0.6000000000000001, 137, 0.0325, 63920, 0.0025
30, 0.6000000000000001, 133, 0.0325, 63922, 0.0025
30, 0.6000000000000001, 133, 0.0325, 63923, 0.0025
30, 0.6000000000000001, 137, 0.0325, 64080, 0.0025
30, 0.6000000000000001, 137, 0.0325, 64081, 0.0025
30, 0.6000000000000001, 137, 0.0325, 64082, 0.0025
30, 0.6000000000000001, 133, 0.0325, 64098, 0.0025
30, 0.6000000000000001, 131, 0.0325, 64207, 0.0025
30, 0.6000000000000001, 131, 0.0325, 64208, 0.0025
30, 0.6000000000000001, 131, 0.0325, 64209, 0.0025
30, 0.6000000000000001, 131, 0.0325, 64211, 0.0025
30, 0.6000000000000001, 131, 0.0325, 64212, 0.0025
30, 0.6000000000000001, 131, 0.0325, 64213, 0.0025
30, 0.6000000000000001, 133, 0.0325, 64258, 0.0025
30, 0.6000000000000001, 133, 0.0325, 64259, 0.0025
30, 0.6000000000000001, 131, 0.0325, 64368, 0.0025
30, 0.6000000000000001, 131, 0.0325, 64369, 0.0025
30, 0.6000000000000001, 131, 0.0325, 64370, 0.0025
30, 0.6000000000000001, 131, 0.0325, 64371, 0.0025
30, 0.6000000000000001, 137, 0.0325, 64400, 0.0025
30, 0.6000000000000001, 133, 0.0325, 64403, 0.0025
30, 0.6000000000000001, 133, 0.0325, 64404, 0.0025
30, 0.6000000000000001, 133, 0.0325, 64415, 0.0025
30, 0.6000000000000001, 131, 0.0325, 64526, 0.0025
30, 0.6000000000000001, 131, 0.0325, 64527, 0.0025
30, 0.6000000000000001, 133, 0.0325, 64572, 0.0025
30, 0.6000000000000001, 131, 0.0325, 64677, 0.0025
30, 0.6000000000000001, 131, 0.0325, 64678, 0.0025
30, 0.6000000000000001, 137, 0.0325, 64712, 0.0025
30, 0.6000000000000001, 133, 0.0325, 64726, 0.0025
30, 0.6000000000000001, 133, 0.0325, 64878, 0.0025
30, 0.6000000000000001, 133, 0.0325, 65029, 0.0025
30, 0.6000000000000001, 133, 0.0325, 65177, 0.0025
30, 0.6000000000000001, 133, 0.0325, 65178, 0.0025
30, 0.6000000000000001, 144, 0.0450000000000006, 65837, 0.0025
30, 0.6000000000000001, 144, 0.0450000000000006, 65975, 0.0025
30, 0.6000000000000001, 144, 0.0450000000000006, 65976, 0.0025
30, 0.6000000000000001, 144, 0.0450000000000006, 65977, 0.0025
30, 0.6000000000000001, 144, 0.0450000000000006, 65978, 0.0025
30, 0.6000000000000001, 144, 0.0450000000000006, 66113, 0.0025
30, 0.6000000000000001, 144, 0.0450000000000006, 66118, 0.0025
30, 0.6000000000000001, 144, 0.0450000000000006, 66249, 0.0025
30, 0.6000000000000001, 144, 0.0450000000000006, 66251, 0.0025
30, 0.6000000000000001, 144, 0.0450000000000006, 66258, 0.0025
30, 0.6000000000000001, 144, 0.0450000000000006, 66259, 0.0025
30, 0.6000000000000001, 144, 0.0450000000000006, 66387, 0.0025
30, 0.6000000000000001, 144, 0.0450000000000006, 66390, 0.0025
30, 0.6000000000000001, 144, 0.0450000000000006, 66393, 0.0025
30, 0.6000000000000001, 144, 0.0450000000000006, 66523, 0.0025
30, 0.6000000000000001, 144, 0.0450000000000006, 66524, 0.0025
30, 0.6000000000000001, 144, 0.0450000000000006, 66787, 0.0025
30, 0.6000000000000001, 144, 0.0450000000000006, 66788, 0.0025
30, 0.6000000000000001, 144, 0.0450000000000006, 66915, 0.0025
30, 0.65, 1, 0.0325, 1408, 0.0025
30, 0.65, 1, 0.0325, 1409, 0.0025
30, 0.65, 1, 0.0325, 1410, 0.0025
30, 0.65, 1, 0.0325, 1483, 0.0025
30, 0.65, 1, 0.0325, 1484, 0.0025
30, 0.65, 1, 0.0325, 1485, 0.0025
30, 0.65, 1, 0.0325, 1486, 0.0025
30, 0.65, 2, 0.0325, 1551, 0.0025
30, 0.65, 1, 0.0325, 1560, 0.0025
30, 0.65, 1, 0.0325, 1561, 0.0025
30, 0.65, 1, 0.0325, 1562, 0.0025
30, 0.65, 1, 0.0325, 1563, 0.0025
30, 0.65, 1, 0.0325, 1641, 0.0025
30, 0.65, 1, 0.0325, 1642, 0.0025
30, 0.65, 2, 0.0325, 1712, 0.0025
30, 0.65, 1, 0.0325, 1724, 0.0025
30, 0.65, 2, 0.0325, 1884, 0.0025
30, 0.65, 2, 0.0325, 1971, 0.0025
30, 0.65, 2, 0.0325, 1972, 0.0025
30, 0.65, 2, 0.0325, 1973, 0.0025
30, 0.65, 2, 0.0325, 1974, 0.0025
30, 0.65, 2, 0.0325, 2064, 0.0025
30, 0.65, 2, 0.0325, 2065, 0.0025
30, 0.65, 2, 0.0325, 2066, 0.0025
30, 0.65, 2, 0.0325, 2067, 0.0025
30, 0.65, 2, 0.0325, 2160, 0.0025
30, 0.65, 2, 0.0325, 2161, 0.0025
30, 0.65, 2, 0.0325, 2259, 0.0025
30, 0.65, 5, 0.03249999999999992, 2535, 0.0025
30, 0.65, 5, 0.03249999999999992, 2536, 0.0025
30, 0.65, 5, 0.03249999999999992, 2537, 0.0025
30, 0.65, 3, 0.03249999999999999, 2547, 0.0025
30, 0.65, 3, 0.03249999999999999, 2548, 0.0025
30, 0.65, 3, 0.03249999999999999, 2549, 0.0025
30, 0.65, 3, 0.03249999999999999, 2650, 0.0025
30, 0.65, 3, 0.03249999999999999, 2651, 0.0025
30, 0.65, 3, 0.03249999999999999, 2754, 0.0025
30, 0.65, 3, 0.03249999999999999, 2755, 0.0025
30, 0.65, 3, 0.03249999999999999, 2860, 0.0025
30, 0.65, 5, 0.03249999999999992, 3273, 0.0025
30, 0.65, 5, 0.03249999999999992, 3274, 0.0025
30, 0.65, 5, 0.03249999999999992, 3275, 0.0025
30, 0.65, 5, 0.03249999999999992, 3382, 0.0025
30, 0.65, 5, 0.03249999999999992, 3383, 0.0025
30, 0.65, 3, 0.03249999999999999, 3394, 0.0025
30, 0.65, 3, 0.03249999999999999, 3395, 0.0025
30, 0.65, 3, 0.03249999999999999, 3396, 0.0025
30, 0.65, 5, 0.03249999999999992, 3493, 0.0025
30, 0.65, 5, 0.03249999999999992, 3494, 0.0025
30, 0.65, 3, 0.03249999999999999, 3506, 0.0025
30, 0.65, 3, 0.03249999999999999, 3507, 0.0025
30, 0.65, 5, 0.03249999999999992, 3604, 0.0025
30, 0.65, 3, 0.03249999999999999, 3618, 0.0025
30, 0.65, 5, 0.03249999999999992, 3715, 0.0025
30, 0.65, 5, 0.03249999999999992, 3716, 0.0025
30, 0.65, 5, 0.03249999999999992, 3943, 0.0025
30, 0.65, 16, 0.0325, 5678, 0.0025
30, 0.65, 16, 0.0325, 5806, 0.0025
30, 0.65, 16, 0.0325, 5934, 0.0025
30, 0.65, 16, 0.0325, 6063, 0.0025
30, 0.65, 16, 0.0325, 6192, 0.0025
30, 0.65, 9, 0.03249999999999999, 6210, 0.0025
30, 0.65, 9, 0.03249999999999999, 6211, 0.0025
30, 0.65, 9, 0.03249999999999999, 6212, 0.0025
30, 0.65, 9, 0.03249999999999999, 6213, 0.0025
30, 0.65, 16, 0.0325, 6323, 0.0025
30, 0.65, 9, 0.03249999999999999, 6342, 0.0025
30, 0.65, 9, 0.03249999999999999, 6343, 0.0025
30, 0.65, 9, 0.03249999999999999, 6344, 0.0025
30, 0.65, 9, 0.03249999999999999, 6345, 0.0025
30, 0.65, 9, 0.03249999999999999, 6346, 0.0025
30, 0.65, 9, 0.03249999999999999, 6347, 0.0025
30, 0.65, 16, 0.0325, 6454, 0.0025
30, 0.65, 9, 0.03249999999999999, 6476, 0.0025
30, 0.65, 9, 0.03249999999999999, 6477, 0.0025
30, 0.65, 9, 0.03249999999999999, 6478, 0.0025
30, 0.65, 16, 0.0325, 6586, 0.0025
30, 0.65, 14, 0.0325, 6601, 0.0025
30, 0.65, 19, 0.06750000000000266, 6605, 0.0025
30, 0.65, 19, 0.06750000000000266, 6606, 0.0025
30, 0.65, 9, 0.03249999999999999, 6611, 0.0025
30, 0.65, 16, 0.0325, 6719, 0.0025
30, 0.65, 14, 0.0325, 6733, 0.0025
30, 0.65, 14, 0.0325, 6734, 0.0025
30, 0.65, 19, 0.06750000000000266, 6738, 0.0025
30, 0.65, 19, 0.06750000000000266, 6739, 0.0025
30, 0.65, 19, 0.06750000000000266, 6740, 0.0025
30, 0.65, 16, 0.0325, 6852, 0.0025
30, 0.65, 14, 0.0325, 6866, 0.0025
30, 0.65, 14, 0.0325, 6867, 0.0025
30, 0.65, 19, 0.06750000000000266, 6870, 0.0025
30, 0.65, 19, 0.06750000000000266, 6871, 0.0025
30, 0.65, 19, 0.06750000000000266, 6872, 0.0025
30, 0.65, 19, 0.06750000000000266, 6873, 0.0025
30, 0.65, 19, 0.06750000000000266, 6874, 0.0025
30, 0.65, 18, 0.0325, 6878, 0.0025
30, 0.65, 16, 0.0325, 6986, 0.0025
30, 0.65, 14, 0.0325, 6999, 0.0025
30, 0.65, 14, 0.0325, 7000, 0.0025
30, 0.65, 19, 0.06750000000000266, 7004, 0.0025
30, 0.65, 19, 0.06750000000000266, 7005, 0.0025
30, 0.65, 19, 0.06750000000000266, 7006, 0.0025
30, 0.65, 19, 0.06750000000000266, 7007, 0.0025
30, 0.65, 18, 0.0325, 7012, 0.0025
30, 0.65, 16, 0.0325, 7119, 0.0025
30, 0.65, 16, 0.0325, 7120, 0.0025
30, 0.65, 14, 0.0325, 7133, 0.0025
30, 0.65, 14, 0.0325, 7134, 0.0025
30, 0.65, 19, 0.06750000000000266, 7138, 0.0025
30, 0.65, 19, 0.06750000000000266, 7139, 0.0025
30, 0.65, 19, 0.06750000000000266, 7140, 0.0025
30, 0.65, 19, 0.06750000000000266, 7141, 0.0025
30, 0.65, 19, 0.06750000000000266, 7142, 0.0025
30, 0.65, 18, 0.0325, 7146, 0.0025
30, 0.65, 18, 0.0325, 7147, 0.0025
30, 0.65, 16, 0.0325, 7256, 0.0025
30, 0.65, 14, 0.0325, 7269, 0.0025
30, 0.65, 14, 0.0325, 7270, 0.0025
30, 0.65, 19, 0.06750000000000266, 7274, 0.0025
30, 0.65, 19, 0.06750000000000266, 7275, 0.0025
30, 0.65, 19, 0.06750000000000266, 7276, 0.0025
30, 0.65, 19, 0.06750000000000266, 7278, 0.0025
30, 0.65, 19, 0.06750000000000266, 7279, 0.0025
30, 0.65, 18, 0.0325, 7282, 0.0025
30, 0.65, 18, 0.0325, 7283, 0.0025
30, 0.65, 19, 0.06750000000000266, 7410, 0.0025
30, 0.65, 19, 0.06750000000000266, 7412, 0.0025
30, 0.65, 19, 0.06750000000000266, 7415, 0.0025
30, 0.65, 18, 0.0325, 7418, 0.0025
30, 0.65, 14, 0.0325, 7542, 0.0025
30, 0.65, 14, 0.0325, 7543, 0.0025
30, 0.65, 19, 0.06750000000000266, 7551, 0.0025
30, 0.65, 18, 0.0325, 7555, 0.0025
30, 0.65, 18, 0.0325, 7556, 0.0025
30, 0.65, 14, 0.0325, 7681, 0.0025
30, 0.65, 18, 0.0325, 7693, 0.0025
30, 0.65, 18, 0.0325, 7694, 0.0025
30, 0.65, 18, 0.0325, 7832, 0.0025
30, 0.65, 18, 0.0325, 7971, 0.0025
30, 0.65, 18, 0.0325, 7972, 0.0025
30, 0.65, 25, 0.03500000000000001, 9428, 0.0025
30, 0.65, 25, 0.03500000000000001, 9577, 0.0025
30, 0.65, 25, 0.03500000000000001, 9578, 0.0025
30, 0.65, 25, 0.03500000000000001, 9717, 0.0025
30, 0.65, 25, 0.03500000000000001, 9718, 0.0025
30, 0.65, 25, 0.03500000000000001, 9719, 0.0025
30, 0.65, 25, 0.03500000000000001, 9720, 0.0025
30, 0.65, 25, 0.03500000000000001, 9847, 0.0025
30, 0.65, 25, 0.03500000000000001, 9849, 0.0025
30, 0.65, 25, 0.03500000000000001, 9850, 0.0025
30, 0.65, 25, 0.03500000000000001, 9975, 0.0025
30, 0.65, 25, 0.03500000000000001, 10090, 0.0025
30, 0.65, 25, 0.03500000000000001, 10203, 0.0025
30, 0.65, 25, 0.03500000000000001, 10204, 0.0025
30, 0.65, 25, 0.03500000000000001, 10205, 0.0025
30, 0.65, 31, 0.0325, 11242, 0.0025
30, 0.65, 31, 0.0325, 11353, 0.0025
30, 0.65, 31, 0.0325, 11469, 0.0025
30, 0.65, 31, 0.0325, 11580, 0.0025
30, 0.65, 31, 0.0325, 11581, 0.0025
30, 0.65, 31, 0.0325, 11582, 0.0025
30, 0.65, 31, 0.0325, 11694, 0.0025
30, 0.65, 31, 0.0325, 11695, 0.0025
30, 0.65, 31, 0.0325, 11696, 0.0025
30, 0.65, 31, 0.0325, 11807, 0.0025
30, 0.65, 31, 0.0325, 11808, 0.0025
30, 0.65, 31, 0.0325, 11809, 0.0025
30, 0.65, 31, 0.0325, 11810, 0.0025
30, 0.65, 31, 0.0325, 11921, 0.0025
30, 0.65, 37, 0.0325, 15440, 0.0025
30, 0.65, 34, 0.03249999999999999, 15478, 0.0025
30, 0.65, 34, 0.03249999999999999, 15479, 0.0025
30, 0.65, 37, 0.0325, 15553, 0.0025
30, 0.65, 30, 0.03249999999999999, 15613, 0.0025
30, 0.65, 37, 0.0325, 15669, 0.0025
30, 0.65, 34, 0.03249999999999999, 15708, 0.0025
30, 0.65, 34, 0.03249999999999999, 15710, 0.0025
30, 0.65, 30, 0.03249999999999999, 15732, 0.0025
30, 0.65, 37, 0.0325, 15788, 0.0025
30, 0.65, 34, 0.03249999999999999, 15828, 0.0025
30, 0.65, 34, 0.03249999999999999, 15829, 0.0025
30, 0.65, 34, 0.03249999999999999, 15830, 0.0025
30, 0.65, 30, 0.03249999999999999, 15847, 0.0025
30, 0.65, 30, 0.03249999999999999, 15849, 0.0025
30, 0.65, 37, 0.0325, 15903, 0.0025
30, 0.65, 30, 0.03249999999999999, 15964, 0.0025
30, 0.65, 37, 0.0325, 16020, 0.0025
30, 0.65, 37, 0.0325, 16021, 0.0025
30, 0.65, 34, 0.03249999999999999, 16065, 0.0025
30, 0.65, 30, 0.03249999999999999, 16084, 0.0025
30, 0.65, 37, 0.0325, 16138, 0.0025
30, 0.65, 34, 0.03249999999999999, 16181, 0.0025
30, 0.65, 34, 0.03249999999999999, 16182, 0.0025
30, 0.65, 30, 0.03249999999999999, 16203, 0.0025
30, 0.65, 37, 0.0325, 16256, 0.0025
30, 0.65, 37, 0.0325, 16257, 0.0025
30, 0.65, 34, 0.03249999999999999, 16299, 0.0025
30, 0.65, 33, 0.0325, 16311, 0.0025
30, 0.65, 30, 0.03249999999999999, 16317, 0.0025
30, 0.65, 30, 0.03249999999999999, 16321, 0.0025
30, 0.65, 30, 0.03249999999999999, 16322, 0.0025
30, 0.65, 37, 0.0325, 16371, 0.0025
30, 0.65, 34, 0.03249999999999999, 16411, 0.0025
30, 0.65, 30, 0.03249999999999999, 16431, 0.0025
30, 0.65, 30, 0.03249999999999999, 16434, 0.0025
30, 0.65, 37, 0.0325, 16484, 0.0025
30, 0.65, 37, 0.0325, 16485, 0.0025
30, 0.65, 33, 0.0325, 16536, 0.0025
30, 0.65, 33, 0.0325, 16537, 0.0025
30, 0.65, 37, 0.0325, 16595, 0.0025
30, 0.65, 33, 0.0325, 16645, 0.0025
30, 0.65, 33, 0.0325, 16646, 0.0025
30, 0.65, 33, 0.0325, 16648, 0.0025
30, 0.65, 30, 0.03249999999999999, 16657, 0.0025
30, 0.65, 30, 0.03249999999999999, 16761, 0.0025
30, 0.65, 33, 0.0325, 16860, 0.0025
30, 0.65, 33, 0.0325, 16863, 0.0025
30, 0.65, 33, 0.0325, 16865, 0.0025
30, 0.65, 33, 0.0325, 16866, 0.0025
30, 0.65, 33, 0.0325, 16868, 0.0025
30, 0.65, 38, 0.0325, 16879, 0.0025
30, 0.65, 33, 0.0325, 16974, 0.0025
30, 0.65, 38, 0.0325, 16990, 0.0025
30, 0.65, 38, 0.0325, 16991, 0.0025
30, 0.65, 41, 0.03500000000000001, 17092, 0.0025
30, 0.65, 38, 0.0325, 17098, 0.0025
30, 0.65, 33, 0.0325, 17184, 0.0025
30, 0.65, 41, 0.03500000000000001, 17190, 0.0025
30, 0.65, 41, 0.03500000000000001, 17197, 0.0025
30, 0.65, 38, 0.0325, 17201, 0.0025
30, 0.65, 38, 0.0325, 17203, 0.0025
30, 0.65, 41, 0.03500000000000001, 17295, 0.0025
30, 0.65, 41, 0.03500000000000001, 17299, 0.0025
30, 0.65, 38, 0.0325, 17304, 0.0025
30, 0.65, 38, 0.0325, 17305, 0.0025
30, 0.65, 38, 0.0325, 17306, 0.0025
30, 0.65, 34, 0.03249999999999999, 17383, 0.0025
30, 0.65, 41, 0.03500000000000001, 17395, 0.0025
30, 0.65, 41, 0.03500000000000001, 17401, 0.0025
30, 0.65, 41, 0.03500000000000001, 17402, 0.0025
30, 0.65, 38, 0.0325, 17407, 0.0025
30, 0.65, 38, 0.0325, 17408, 0.0025
30, 0.65, 38, 0.0325, 17409, 0.0025
30, 0.65, 34, 0.03249999999999999, 17487, 0.0025
30, 0.65, 41, 0.03500000000000001, 17503, 0.0025
30, 0.65, 41, 0.03500000000000001, 17505, 0.0025
30, 0.65, 41, 0.03500000000000001, 17506, 0.0025
30, 0.65, 38, 0.0325, 17512, 0.0025
30, 0.65, 41, 0.03500000000000001, 17602, 0.0025
30, 0.65, 41, 0.03500000000000001, 17603, 0.0025
30, 0.65, 41, 0.03500000000000001, 17605, 0.0025
30, 0.65, 38, 0.0325, 17612, 0.0025
30, 0.65, 33, 0.0325, 17691, 0.0025
30, 0.65, 41, 0.03500000000000001, 17700, 0.0025
30, 0.65, 51, 0.0325, 25471, 0.0025
30, 0.65, 51, 0.0325, 25472, 0.0025
30, 0.65, 51, 0.0325, 25582, 0.0025
30, 0.65, 51, 0.0325, 25583, 0.0025
30, 0.65, 51, 0.0325, 25691, 0.0025
30, 0.65, 51, 0.0325, 25692, 0.0025
30, 0.65, 51, 0.0325, 25694, 0.0025
30, 0.65, 51, 0.0325, 25806, 0.0025
30, 0.65, 51, 0.0325, 25807, 0.0025
30, 0.65, 51, 0.0325, 25918, 0.0025
30, 0.65, 51, 0.0325, 25919, 0.0025
30, 0.65, 51, 0.0325, 25920, 0.0025
30, 0.65, 51, 0.0325, 26036, 0.0025
30, 0.65, 51, 0.0325, 26037, 0.0025
30, 0.65, 64, 0.03249999999999999, 30902, 0.0025
30, 0.65, 64, 0.03249999999999999, 31097, 0.0025
30, 0.65, 64, 0.03249999999999999, 31192, 0.0025
30, 0.65, 64, 0.03249999999999999, 31372, 0.0025
30, 0.65, 64, 0.03249999999999999, 31373, 0.0025
30, 0.65, 64, 0.03249999999999999, 31468, 0.0025
30, 0.65, 64, 0.03249999999999999, 31469, 0.0025
30, 0.65, 64, 0.03249999999999999, 31929, 0.0025
30, 0.65, 64, 0.03249999999999999, 31930, 0.0025
30, 0.65, 64, 0.03249999999999999, 31931, 0.0025
30, 0.65, 64, 0.03249999999999999, 32019, 0.0025
30, 0.65, 64, 0.03249999999999999, 32024, 0.0025
30, 0.65, 64, 0.03249999999999999, 32205, 0.0025
30, 0.65, 64, 0.03249999999999999, 32206, 0.0025
30, 0.65, 71, 0.0325, 33731, 0.0025
30, 0.65, 71, 0.0325, 33808, 0.0025
30, 0.65, 71, 0.0325, 35055, 0.0025
30, 0.65, 71, 0.0325, 35056, 0.0025
30, 0.65, 71, 0.0325, 35342, 0.0025
30, 0.65, 71, 0.0325, 35558, 0.0025
30, 0.65, 71, 0.0325, 35559, 0.0025
30, 0.65, 71, 0.0325, 35625, 0.0025
30, 0.65, 71, 0.0325, 35626, 0.0025
30, 0.65, 71, 0.0325, 35627, 0.0025
30, 0.65, 71, 0.0325, 35628, 0.0025
30, 0.65, 71, 0.0325, 35699, 0.0025
30, 0.65, 71, 0.0325, 35700, 0.0025
30, 0.65, 71, 0.0325, 35772, 0.0025
30, 0.65, 98, 0.0325, 49377, 0.0025
30, 0.65, 98, 0.0325, 49511, 0.0025
30, 0.65, 104, 0.03249999999999999, 49519, 0.0025
30, 0.65, 98, 0.0325, 49650, 0.0025
30, 0.65, 98, 0.0325, 49651, 0.0025
30, 0.65, 98, 0.0325, 49785, 0.0025
30, 0.65, 98, 0.0325, 49920, 0.0025
30, 0.65, 98, 0.0325, 49921, 0.0025
30, 0.65, 104, 0.03249999999999999, 49927, 0.0025
30, 0.65, 98, 0.0325, 50062, 0.0025
30, 0.65, 98, 0.0325, 50063, 0.0025
30, 0.65, 98, 0.0325, 50064, 0.0025
30, 0.65, 98, 0.0325, 50065, 0.0025
30, 0.65, 104, 0.03249999999999999, 50067, 0.0025
30, 0.65, 104, 0.03249999999999999, 50069, 0.0025
30, 0.65, 104, 0.03249999999999999, 50070, 0.0025
30, 0.65, 98, 0.0325, 50208, 0.0025
30, 0.65, 104, 0.03249999999999999, 50209, 0.0025
30, 0.65, 104, 0.03249999999999999, 50211, 0.0025
30, 0.65, 98, 0.0325, 50350, 0.0025
30, 0.65, 104, 0.03249999999999999, 50353, 0.0025
30, 0.65, 104, 0.03249999999999999, 50354, 0.0025
30, 0.65, 104, 0.03249999999999999, 50494, 0.0025
30, 0.65, 98, 0.0325, 50627, 0.0025
30, 0.65, 104, 0.03249999999999999, 50911, 0.0025
30, 0.65, 104, 0.03249999999999999, 51051, 0.0025
30, 0.65, 104, 0.03249999999999999, 51056, 0.0025
30, 0.65, 104, 0.03249999999999999, 51198, 0.0025
30, 0.65, 105, 0.03249999999999997, 51484, 0.0025
30, 0.65, 105, 0.03249999999999997, 51485, 0.0025
30, 0.65, 105, 0.03249999999999997, 51622, 0.0025
30, 0.65, 105, 0.03249999999999997, 51624, 0.0025
30, 0.65, 105, 0.03249999999999997, 51764, 0.0025
30, 0.65, 105, 0.03249999999999997, 51901, 0.0025
30, 0.65, 105, 0.03249999999999997, 52041, 0.0025
30, 0.65, 105, 0.03249999999999997, 52184, 0.0025
30, 0.65, 105, 0.03249999999999997, 52329, 0.0025
30, 0.65, 105, 0.03249999999999997, 52473, 0.0025
30, 0.65, 105, 0.03249999999999997, 52614, 0.0025
30, 0.65, 105, 0.03249999999999997, 52754, 0.0025
30, 0.65, 105, 0.03249999999999997, 52755, 0.0025
30, 0.65, 105, 0.03249999999999997, 53028, 0.0025
30, 0.65, 121, 0.0325, 55186, 0.0025
30, 0.65, 121, 0.0325, 55326, 0.0025
30, 0.65, 121, 0.0325, 55330, 0.0025
30, 0.65, 121, 0.0325, 55617, 0.0025
30, 0.65, 121, 0.0325, 55756, 0.0025
30, 0.65, 121, 0.0325, 55757, 0.0025
30, 0.65, 121, 0.0325, 55759, 0.0025
30, 0.65, 121, 0.0325, 55902, 0.0025
30, 0.65, 121, 0.0325, 55903, 0.0025
30, 0.65, 121, 0.0325, 55904, 0.0025
30, 0.65, 116, 0.03249999999999999, 56389, 0.0025
30, 0.65, 121, 0.0325, 56487, 0.0025
30, 0.65, 116, 0.03249999999999999, 56537, 0.0025
30, 0.65, 116, 0.03249999999999999, 56538, 0.0025
30, 0.65, 121, 0.0325, 56633, 0.0025
30, 0.65, 121, 0.0325, 56783, 0.0025
30, 0.65, 121, 0.0325, 56784, 0.0025
30, 0.65, 116, 0.03249999999999999, 56835, 0.0025
30, 0.65, 116, 0.03249999999999999, 56983, 0.0025
30, 0.65, 116, 0.03249999999999999, 57589, 0.0025
30, 0.65, 116, 0.03249999999999999, 58372, 0.0025
30, 0.65, 116, 0.03249999999999999, 58374, 0.0025
30, 0.65, 116, 0.03249999999999999, 58535, 0.0025
30, 0.65, 116, 0.03249999999999999, 58536, 0.0025
30, 0.65, 116, 0.03249999999999999, 58537, 0.0025
30, 0.65, 116, 0.03249999999999999, 58702, 0.0025
30, 0.65, 116, 0.03249999999999999, 58703, 0.0025
30, 0.65, 116, 0.03249999999999999, 59042, 0.0025
30, 0.65, 137, 0.0325, 63254, 0.0025
30, 0.65, 137, 0.0325, 63421, 0.0025
30, 0.65, 137, 0.0325, 63422, 0.0025
30, 0.65, 137, 0.0325, 63423, 0.0025
30, 0.65, 137, 0.0325, 63587, 0.0025
30, 0.65, 137, 0.0325, 63592, 0.0025
30, 0.65, 137, 0.0325, 63757, 0.0025
30, 0.65, 137, 0.0325, 63919, 0.0025
30, 0.65, 137, 0.0325, 63920, 0.0025
30, 0.65, 133, 0.0325, 63922, 0.0025
30, 0.65, 133, 0.0325, 63923, 0.0025
30, 0.65, 137, 0.0325, 64080, 0.0025
30, 0.65, 137, 0.0325, 64081, 0.0025
30, 0.65, 137, 0.0325, 64082, 0.0025
30, 0.65, 133, 0.0325, 64098, 0.0025
30, 0.65, 131, 0.03249999999999999, 64207, 0.0025
30, 0.65, 131, 0.03249999999999999, 64208, 0.0025
30, 0.65, 131, 0.03249999999999999, 64209, 0.0025
30, 0.65, 131, 0.03249999999999999, 64211, 0.0025
30, 0.65, 131, 0.03249999999999999, 64212, 0.0025
30, 0.65, 131, 0.03249999999999999, 64213, 0.0025
30, 0.65, 133, 0.0325, 64258, 0.0025
30, 0.65, 133, 0.0325, 64259, 0.0025
30, 0.65, 131, 0.03249999999999999, 64368, 0.0025
30, 0.65, 131, 0.03249999999999999, 64369, 0.0025
30, 0.65, 131, 0.03249999999999999, 64370, 0.0025
30, 0.65, 131, 0.03249999999999999, 64371, 0.0025
30, 0.65, 137, 0.0325, 64400, 0.0025
30, 0.65, 133, 0.0325, 64403, 0.0025
30, 0.65, 133, 0.0325, 64404, 0.0025
30, 0.65, 133, 0.0325, 64415, 0.0025
30, 0.65, 131, 0.03249999999999999, 64526, 0.0025
30, 0.65, 131, 0.03249999999999999, 64527, 0.0025
30, 0.65, 133, 0.0325, 64572, 0.0025
30, 0.65, 131, 0.03249999999999999, 64677, 0.0025
30, 0.65, 131, 0.03249999999999999, 64678, 0.0025
30, 0.65, 137, 0.0325, 64712, 0.0025
30, 0.65, 133, 0.0325, 64726, 0.0025
30, 0.65, 133, 0.0325, 64878, 0.0025
30, 0.65, 133, 0.0325, 65029, 0.0025
30, 0.65, 133, 0.0325, 65177, 0.0025
30, 0.65, 133, 0.0325, 65178, 0.0025
30, 0.65, 144, 0.05, 65835, 0.0025
30, 0.65, 144, 0.05, 65836, 0.0025
30, 0.65, 144, 0.05, 65837, 0.0025
30, 0.65, 144, 0.05, 65975, 0.0025
30, 0.65, 144, 0.05, 65976, 0.0025
30, 0.65, 144, 0.05, 65977, 0.0025
30, 0.65, 144, 0.05, 65978, 0.0025
30, 0.65, 144, 0.05, 66113, 0.0025
30, 0.65, 144, 0.05, 66118, 0.0025
30, 0.65, 144, 0.05, 66249, 0.0025
30, 0.65, 144, 0.05, 66251, 0.0025
30, 0.65, 144, 0.05, 66258, 0.0025
30, 0.65, 144, 0.05, 66259, 0.0025
30, 0.65, 144, 0.05, 66387, 0.0025
30, 0.65, 144, 0.05, 66390, 0.0025
30, 0.65, 144, 0.05, 66393, 0.0025
30, 0.65, 144, 0.05, 66523, 0.0025
30, 0.65, 144, 0.05, 66524, 0.0025
30, 0.65, 144, 0.05, 66787, 0.0025
30, 0.65, 144, 0.05, 66788, 0.0025
30, 0.65, 144, 0.05, 66915, 0.0025
30, 0.7000000000000001, 1, 0.0325, 1408, 0.0025
30, 0.7000000000000001, 1, 0.0325, 1409, 0.0025
30, 0.7000000000000001, 1, 0.0325, 1410, 0.0025
30, 0.7000000000000001, 1, 0.0325, 1483, 0.0025
30, 0.7000000000000001, 1, 0.0325, 1484, 0.0025
30, 0.7000000000000001, 1, 0.0325, 1485, 0.0025
30, 0.7000000000000001, 1, 0.0325, 1486, 0.0025
30, 0.7000000000000001, 2, 0.03249999999999993, 1551, 0.0025
30, 0.7000000000000001, 1, 0.0325, 1560, 0.0025
30, 0.7000000000000001, 1, 0.0325, 1561, 0.0025
30, 0.7000000000000001, 1, 0.0325, 1562, 0.0025
30, 0.7000000000000001, 1, 0.0325, 1563, 0.0025
30, 0.7000000000000001, 1, 0.0325, 1641, 0.0025
30, 0.7000000000000001, 1, 0.0325, 1642, 0.0025
30, 0.7000000000000001, 2, 0.03249999999999993, 1712, 0.0025
30, 0.7000000000000001, 1, 0.0325, 1724, 0.0025
30, 0.7000000000000001, 2, 0.03249999999999993, 1884, 0.0025
30, 0.7000000000000001, 2, 0.03249999999999993, 1971, 0.0025
30, 0.7000000000000001, 2, 0.03249999999999993, 1972, 0.0025
30, 0.7000000000000001, 2, 0.03249999999999993, 1973, 0.0025
30, 0.7000000000000001, 2, 0.03249999999999993, 1974, 0.0025
30, 0.7000000000000001, 2, 0.03249999999999993, 2064, 0.0025
30, 0.7000000000000001, 2, 0.03249999999999993, 2065, 0.0025
30, 0.7000000000000001, 2, 0.03249999999999993, 2066, 0.0025
30, 0.7000000000000001, 2, 0.03249999999999993, 2067, 0.0025
30, 0.7000000000000001, 2, 0.03249999999999993, 2160, 0.0025
30, 0.7000000000000001, 2, 0.03249999999999993, 2161, 0.0025
30, 0.7000000000000001, 2, 0.03249999999999993, 2259, 0.0025
30, 0.7000000000000001, 5, 0.0325, 2535, 0.0025
30, 0.7000000000000001, 5, 0.0325, 2536, 0.0025
30, 0.7000000000000001, 5, 0.0325, 2537, 0.0025
30, 0.7000000000000001, 3, 0.0325, 2547, 0.0025
30, 0.7000000000000001, 3, 0.0325, 2548, 0.0025
30, 0.7000000000000001, 3, 0.0325, 2549, 0.0025
30, 0.7000000000000001, 3, 0.0325, 2650, 0.0025
30, 0.7000000000000001, 3, 0.0325, 2651, 0.0025
30, 0.7000000000000001, 3, 0.0325, 2754, 0.0025
30, 0.7000000000000001, 3, 0.0325, 2755, 0.0025
30, 0.7000000000000001, 3, 0.0325, 2860, 0.0025
30, 0.7000000000000001, 5, 0.0325, 3273, 0.0025
30, 0.7000000000000001, 5, 0.0325, 3274, 0.0025
30, 0.7000000000000001, 5, 0.0325, 3275, 0.0025
30, 0.7000000000000001, 5, 0.0325, 3382, 0.0025
30, 0.7000000000000001, 5, 0.0325, 3383, 0.0025
30, 0.7000000000000001, 3, 0.0325, 3394, 0.0025
30, 0.7000000000000001, 3, 0.0325, 3395, 0.0025
30, 0.7000000000000001, 3, 0.0325, 3396, 0.0025
30, 0.7000000000000001, 5, 0.0325, 3493, 0.0025
30, 0.7000000000000001, 5, 0.0325, 3494, 0.0025
30, 0.7000000000000001, 3, 0.0325, 3506, 0.0025
30, 0.7000000000000001, 3, 0.0325, 3507, 0.0025
30, 0.7000000000000001, 5, 0.0325, 3604, 0.0025
30, 0.7000000000000001, 3, 0.0325, 3618, 0.0025
30, 0.7000000000000001, 5, 0.0325, 3715, 0.0025
30, 0.7000000000000001, 5, 0.0325, 3716, 0.0025
30, 0.7000000000000001, 5, 0.0325, 3943, 0.0025
30, 0.7000000000000001, 16, 0.0325, 5678, 0.0025
30, 0.7000000000000001, 16, 0.0325, 5806, 0.0025
30, 0.7000000000000001, 16, 0.0325, 5934, 0.0025
30, 0.7000000000000001, 16, 0.0325, 6063, 0.0025
30, 0.7000000000000001, 16, 0.0325, 6192, 0.0025
30, 0.7000000000000001, 16, 0.0325, 6323, 0.0025
30, 0.7000000000000001, 16, 0.0325, 6454, 0.0025
30, 0.7000000000000001, 16, 0.0325, 6586, 0.0025
30, 0.7000000000000001, 14, 0.03249999999999992, 6601, 0.0025
30, 0.7000000000000001, 19, 0.06499999999999989, 6605, 0.0025
30, 0.7000000000000001, 19, 0.06499999999999989, 6606, 0.0025
30, 0.7000000000000001, 16, 0.0325, 6719, 0.0025
30, 0.7000000000000001, 14, 0.03249999999999992, 6733, 0.0025
30, 0.7000000000000001, 14, 0.03249999999999992, 6734, 0.0025
30, 0.7000000000000001, 19, 0.06499999999999989, 6738, 0.0025
30, 0.7000000000000001, 19, 0.06499999999999989, 6739, 0.0025
30, 0.7000000000000001, 19, 0.06499999999999989, 6740, 0.0025
30, 0.7000000000000001, 16, 0.0325, 6852, 0.0025
30, 0.7000000000000001, 14, 0.03249999999999992, 6866, 0.0025
30, 0.7000000000000001, 14, 0.03249999999999992, 6867, 0.0025
30, 0.7000000000000001, 19, 0.06499999999999989, 6870, 0.0025
30, 0.7000000000000001, 19, 0.06499999999999989, 6871, 0.0025
30, 0.7000000000000001, 19, 0.06499999999999989, 6872, 0.0025
30, 0.7000000000000001, 19, 0.06499999999999989, 6873, 0.0025
30, 0.7000000000000001, 19, 0.06499999999999989, 6874, 0.0025
30, 0.7000000000000001, 18, 0.0325, 6878, 0.0025
30, 0.7000000000000001, 16, 0.0325, 6986, 0.0025
30, 0.7000000000000001, 14, 0.03249999999999992, 6999, 0.0025
30, 0.7000000000000001, 14, 0.03249999999999992, 7000, 0.0025
30, 0.7000000000000001, 19, 0.06499999999999989, 7004, 0.0025
30, 0.7000000000000001, 19, 0.06499999999999989, 7005, 0.0025
30, 0.7000000000000001, 19, 0.06499999999999989, 7006, 0.0025
30, 0.7000000000000001, 19, 0.06499999999999989, 7007, 0.0025
30, 0.7000000000000001, 18, 0.0325, 7012, 0.0025
30, 0.7000000000000001, 16, 0.0325, 7119, 0.0025
30, 0.7000000000000001, 16, 0.0325, 7120, 0.0025
30, 0.7000000000000001, 14, 0.03249999999999992, 7133, 0.0025
30, 0.7000000000000001, 14, 0.03249999999999992, 7134, 0.0025
30, 0.7000000000000001, 19, 0.06499999999999989, 7138, 0.0025
30, 0.7000000000000001, 19, 0.06499999999999989, 7139, 0.0025
30, 0.7000000000000001, 19, 0.06499999999999989, 7140, 0.0025
30, 0.7000000000000001, 19, 0.06499999999999989, 7141, 0.0025
30, 0.7000000000000001, 19, 0.06499999999999989, 7142, 0.0025
30, 0.7000000000000001, 18, 0.0325, 7146, 0.0025
30, 0.7000000000000001, 18, 0.0325, 7147, 0.0025
30, 0.7000000000000001, 16, 0.0325, 7256, 0.0025
30, 0.7000000000000001, 14, 0.03249999999999992, 7269, 0.0025
30, 0.7000000000000001, 14, 0.03249999999999992, 7270, 0.0025
30, 0.7000000000000001, 19, 0.06499999999999989, 7274, 0.0025
30, 0.7000000000000001, 19, 0.06499999999999989, 7275, 0.0025
30, 0.7000000000000001, 19, 0.06499999999999989, 7276, 0.0025
30, 0.7000000000000001, 19, 0.06499999999999989, 7278, 0.0025
30, 0.7000000000000001, 19, 0.06499999999999989, 7279, 0.0025
30, 0.7000000000000001, 18, 0.0325, 7282, 0.0025
30, 0.7000000000000001, 18, 0.0325, 7283, 0.0025
30, 0.7000000000000001, 19, 0.06499999999999989, 7410, 0.0025
30, 0.7000000000000001, 19, 0.06499999999999989, 7412, 0.0025
30, 0.7000000000000001, 19, 0.06499999999999989, 7415, 0.0025
30, 0.7000000000000001, 18, 0.0325, 7418, 0.0025
30, 0.7000000000000001, 22, 0.0325, 7500, 0.0025
30, 0.7000000000000001, 14, 0.03249999999999992, 7542, 0.0025
30, 0.7000000000000001, 14, 0.03249999999999992, 7543, 0.0025
30, 0.7000000000000001, 18, 0.0325, 7555, 0.0025
30, 0.7000000000000001, 18, 0.0325, 7556, 0.0025
30, 0.7000000000000001, 22, 0.0325, 7634, 0.0025
30, 0.7000000000000001, 22, 0.0325, 7635, 0.0025
30, 0.7000000000000001, 22, 0.0325, 7636, 0.0025
30, 0.7000000000000001, 22, 0.0325, 7637, 0.0025
30, 0.7000000000000001, 22, 0.0325, 7638, 0.0025
30, 0.7000000000000001, 14, 0.03249999999999992, 7681, 0.0025
30, 0.7000000000000001, 18, 0.0325, 7693, 0.0025
30, 0.7000000000000001, 18, 0.0325, 7694, 0.0025
30, 0.7000000000000001, 22, 0.0325, 7774, 0.0025
30, 0.7000000000000001, 22, 0.0325, 7775, 0.0025
30, 0.7000000000000001, 22, 0.0325, 7776, 0.0025
30, 0.7000000000000001, 22, 0.0325, 7777, 0.0025
30, 0.7000000000000001, 18, 0.0325, 7832, 0.0025
30, 0.7000000000000001, 22, 0.0325, 7914, 0.0025
30, 0.7000000000000001, 22, 0.0325, 7915, 0.0025
30, 0.7000000000000001, 22, 0.0325, 7916, 0.0025
30, 0.7000000000000001, 18, 0.0325, 7971, 0.0025
30, 0.7000000000000001, 18, 0.0325, 7972, 0.0025
30, 0.7000000000000001, 22, 0.0325, 8056, 0.0025
30, 0.7000000000000001, 25, 0.0449999999999999, 9428, 0.0025
30, 0.7000000000000001, 25, 0.0449999999999999, 9577, 0.0025
30, 0.7000000000000001, 25, 0.0449999999999999, 9578, 0.0025
30, 0.7000000000000001, 25, 0.0449999999999999, 9717, 0.0025
30, 0.7000000000000001, 25, 0.0449999999999999, 9718, 0.0025
30, 0.7000000000000001, 25, 0.0449999999999999, 9719, 0.0025
30, 0.7000000000000001, 25, 0.0449999999999999, 9720, 0.0025
30, 0.7000000000000001, 25, 0.0449999999999999, 9847, 0.0025
30, 0.7000000000000001, 25, 0.0449999999999999, 9849, 0.0025
30, 0.7000000000000001, 25, 0.0449999999999999, 9850, 0.0025
30, 0.7000000000000001, 25, 0.0449999999999999, 9851, 0.0025
30, 0.7000000000000001, 25, 0.0449999999999999, 9852, 0.0025
30, 0.7000000000000001, 25, 0.0449999999999999, 9975, 0.0025
30, 0.7000000000000001, 25, 0.0449999999999999, 10090, 0.0025
30, 0.7000000000000001, 25, 0.0449999999999999, 10093, 0.0025
30, 0.7000000000000001, 25, 0.0449999999999999, 10203, 0.0025
30, 0.7000000000000001, 25, 0.0449999999999999, 10204, 0.0025
30, 0.7000000000000001, 25, 0.0449999999999999, 10205, 0.0025
30, 0.7000000000000001, 25, 0.0449999999999999, 10206, 0.0025
30, 0.7000000000000001, 31, 0.0325, 11242, 0.0025
30, 0.7000000000000001, 31, 0.0325, 11353, 0.0025
30, 0.7000000000000001, 31, 0.0325, 11469, 0.0025
30, 0.7000000000000001, 31, 0.0325, 11580, 0.0025
30, 0.7000000000000001, 31, 0.0325, 11581, 0.0025
30, 0.7000000000000001, 31, 0.0325, 11582, 0.0025
30, 0.7000000000000001, 31, 0.0325, 11694, 0.0025
30, 0.7000000000000001, 31, 0.0325, 11695, 0.0025
30, 0.7000000000000001, 31, 0.0325, 11696, 0.0025
30, 0.7000000000000001, 31, 0.0325, 11807, 0.0025
30, 0.7000000000000001, 31, 0.0325, 11808, 0.0025
30, 0.7000000000000001, 31, 0.0325, 11809, 0.0025
30, 0.7000000000000001, 31, 0.0325, 11810, 0.0025
30, 0.7000000000000001, 31, 0.0325, 11921, 0.0025
30, 0.7000000000000001, 37, 0.0325, 15440, 0.0025
30, 0.7000000000000001, 34, 0.0325, 15478, 0.0025
30, 0.7000000000000001, 34, 0.0325, 15479, 0.0025
30, 0.7000000000000001, 37, 0.0325, 15553, 0.0025
30, 0.7000000000000001, 30, 0.0325, 15613, 0.0025
30, 0.7000000000000001, 37, 0.0325, 15669, 0.0025
30, 0.7000000000000001, 34, 0.0325, 15708, 0.0025
30, 0.7000000000000001, 34, 0.0325, 15710, 0.0025
30, 0.7000000000000001, 30, 0.0325, 15732, 0.0025
30, 0.7000000000000001, 37, 0.0325, 15788, 0.0025
30, 0.7000000000000001, 34, 0.0325, 15828, 0.0025
30, 0.7000000000000001, 34, 0.0325, 15829, 0.0025
30, 0.7000000000000001, 34, 0.0325, 15830, 0.0025
30, 0.7000000000000001, 30, 0.0325, 15847, 0.0025
30, 0.7000000000000001, 30, 0.0325, 15849, 0.0025
30, 0.7000000000000001, 37, 0.0325, 15903, 0.0025
30, 0.7000000000000001, 30, 0.0325, 15964, 0.0025
30, 0.7000000000000001, 37, 0.0325, 16020, 0.0025
30, 0.7000000000000001, 37, 0.0325, 16021, 0.0025
30, 0.7000000000000001, 34, 0.0325, 16065, 0.0025
30, 0.7000000000000001, 30, 0.0325, 16084, 0.0025
30, 0.7000000000000001, 37, 0.0325, 16138, 0.0025
30, 0.7000000000000001, 34, 0.0325, 16181, 0.0025
30, 0.7000000000000001, 34, 0.0325, 16182, 0.0025
30, 0.7000000000000001, 30, 0.0325, 16203, 0.0025
30, 0.7000000000000001, 37, 0.0325, 16256, 0.0025
30, 0.7000000000000001, 37, 0.0325, 16257, 0.0025
30, 0.7000000000000001, 34, 0.0325, 16299, 0.0025
30, 0.7000000000000001, 30, 0.0325, 16317, 0.0025
30, 0.7000000000000001, 30, 0.0325, 16321, 0.0025
30, 0.7000000000000001, 30, 0.0325, 16322, 0.0025
30, 0.7000000000000001, 37, 0.0325, 16371, 0.0025
30, 0.7000000000000001, 34, 0.0325, 16411, 0.0025
30, 0.7000000000000001, 30, 0.0325, 16431, 0.0025
30, 0.7000000000000001, 30, 0.0325, 16434, 0.0025
30, 0.7000000000000001, 37, 0.0325, 16484, 0.0025
30, 0.7000000000000001, 37, 0.0325, 16485, 0.0025
30, 0.7000000000000001, 37, 0.0325, 16595, 0.0025
30, 0.7000000000000001, 30, 0.0325, 16657, 0.0025
30, 0.7000000000000001, 30, 0.0325, 16761, 0.0025
30, 0.7000000000000001, 38, 0.03500000000000002, 16879, 0.0025
30, 0.7000000000000001, 38, 0.03500000000000002, 16990, 0.0025
30, 0.7000000000000001, 38, 0.03500000000000002, 16991, 0.0025
30, 0.7000000000000001, 41, 0.0525, 17087, 0.0025
30, 0.7000000000000001, 41, 0.0525, 17092, 0.0025
30, 0.7000000000000001, 38, 0.03500000000000002, 17098, 0.0025
30, 0.7000000000000001, 41, 0.0525, 17190, 0.0025
30, 0.7000000000000001, 41, 0.0525, 17197, 0.0025
30, 0.7000000000000001, 38, 0.03500000000000002, 17201, 0.0025
30, 0.7000000000000001, 38, 0.03500000000000002, 17203, 0.0025
30, 0.7000000000000001, 41, 0.0525, 17293, 0.0025
30, 0.7000000000000001, 41, 0.0525, 17295, 0.0025
30, 0.7000000000000001, 41, 0.0525, 17299, 0.0025
30, 0.7000000000000001, 38, 0.03500000000000002, 17304, 0.0025
30, 0.7000000000000001, 38, 0.03500000000000002, 17305, 0.0025
30, 0.7000000000000001, 38, 0.03500000000000002, 17306, 0.0025
30, 0.7000000000000001, 34, 0.0325, 17383, 0.0025
30, 0.7000000000000001, 41, 0.0525, 17395, 0.0025
30, 0.7000000000000001, 41, 0.0525, 17401, 0.0025
30, 0.7000000000000001, 41, 0.0525, 17402, 0.0025
30, 0.7000000000000001, 41, 0.0525, 17404, 0.0025
30, 0.7000000000000001, 38, 0.03500000000000002, 17407, 0.0025
30, 0.7000000000000001, 38, 0.03500000000000002, 17408, 0.0025
30, 0.7000000000000001, 38, 0.03500000000000002, 17409, 0.0025
30, 0.7000000000000001, 34, 0.0325, 17487, 0.0025
30, 0.7000000000000001, 41, 0.0525, 17503, 0.0025
30, 0.7000000000000001, 41, 0.0525, 17504, 0.0025
30, 0.7000000000000001, 41, 0.0525, 17505, 0.0025
30, 0.7000000000000001, 41, 0.0525, 17506, 0.0025
30, 0.7000000000000001, 41, 0.0525, 17509, 0.0025
30, 0.7000000000000001, 38, 0.03500000000000002, 17512, 0.0025
30, 0.7000000000000001, 41, 0.0525, 17602, 0.0025
30, 0.7000000000000001, 41, 0.0525, 17603, 0.0025
30, 0.7000000000000001, 41, 0.0525, 17604, 0.0025
30, 0.7000000000000001, 41, 0.0525, 17605, 0.0025
30, 0.7000000000000001, 38, 0.03500000000000002, 17612, 0.0025
30, 0.7000000000000001, 41, 0.0525, 17700, 0.0025
30, 0.7000000000000001, 38, 0.03500000000000002, 17708, 0.0025
30, 0.7000000000000001, 41, 0.0525, 17795, 0.0025
30, 0.7000000000000001, 51, 0.03249999999999996, 25471, 0.0025
30, 0.7000000000000001, 51, 0.03249999999999996, 25472, 0.0025
30, 0.7000000000000001, 51, 0.03249999999999996, 25582, 0.0025
30, 0.7000000000000001, 51, 0.03249999999999996, 25583, 0.0025
30, 0.7000000000000001, 51, 0.03249999999999996, 25691, 0.0025
30, 0.7000000000000001, 51, 0.03249999999999996, 25692, 0.0025
30, 0.7000000000000001, 51, 0.03249999999999996, 25694, 0.0025
30, 0.7000000000000001, 51, 0.03249999999999996, 25806, 0.0025
30, 0.7000000000000001, 51, 0.03249999999999996, 25807, 0.0025
30, 0.7000000000000001, 51, 0.03249999999999996, 25918, 0.0025
30, 0.7000000000000001, 51, 0.03249999999999996, 25919, 0.0025
30, 0.7000000000000001, 51, 0.03249999999999996, 25920, 0.0025
30, 0.7000000000000001, 51, 0.03249999999999996, 26036, 0.0025
30, 0.7000000000000001, 51, 0.03249999999999996, 26037, 0.0025
30, 0.7000000000000001, 64, 0.0325, 30902, 0.0025
30, 0.7000000000000001, 64, 0.0325, 31097, 0.0025
30, 0.7000000000000001, 64, 0.0325, 31192, 0.0025
30, 0.7000000000000001, 64, 0.0325, 31372, 0.0025
30, 0.7000000000000001, 64, 0.0325, 31373, 0.0025
30, 0.7000000000000001, 64, 0.0325, 31468, 0.0025
30, 0.7000000000000001, 64, 0.0325, 31469, 0.0025
30, 0.7000000000000001, 64, 0.0325, 31929, 0.0025
30, 0.7000000000000001, 64, 0.0325, 31930, 0.0025
30, 0.7000000000000001, 64, 0.0325, 31931, 0.0025
30, 0.7000000000000001, 64, 0.0325, 32019, 0.0025
30, 0.7000000000000001, 64, 0.0325, 32024, 0.0025
30, 0.7000000000000001, 64, 0.0325, 32205, 0.0025
30, 0.7000000000000001, 64, 0.0325, 32206, 0.0025
30, 0.7000000000000001, 71, 0.035, 33731, 0.0025
30, 0.7000000000000001, 71, 0.035, 33808, 0.0025
30, 0.7000000000000001, 71, 0.035, 35055, 0.0025
30, 0.7000000000000001, 71, 0.035, 35056, 0.0025
30, 0.7000000000000001, 71, 0.035, 35342, 0.0025
30, 0.7000000000000001, 71, 0.035, 35416, 0.0025
30, 0.7000000000000001, 71, 0.035, 35558, 0.0025
30, 0.7000000000000001, 71, 0.035, 35559, 0.0025
30, 0.7000000000000001, 71, 0.035, 35625, 0.0025
30, 0.7000000000000001, 71, 0.035, 35626, 0.0025
30, 0.7000000000000001, 71, 0.035, 35627, 0.0025
30, 0.7000000000000001, 71, 0.035, 35628, 0.0025
30, 0.7000000000000001, 71, 0.035, 35699, 0.0025
30, 0.7000000000000001, 71, 0.035, 35700, 0.0025
30, 0.7000000000000001, 71, 0.035, 35772, 0.0025
30, 0.7000000000000001, 98, 0.03500000000000006, 49377, 0.0025
30, 0.7000000000000001, 98, 0.03500000000000006, 49511, 0.0025
30, 0.7000000000000001, 98, 0.03500000000000006, 49516, 0.0025
30, 0.7000000000000001, 104, 0.03249999999999996, 49519, 0.0025
30, 0.7000000000000001, 98, 0.03500000000000006, 49650, 0.0025
30, 0.7000000000000001, 98, 0.03500000000000006, 49651, 0.0025
30, 0.7000000000000001, 98, 0.03500000000000006, 49785, 0.0025
30, 0.7000000000000001, 98, 0.03500000000000006, 49920, 0.0025
30, 0.7000000000000001, 98, 0.03500000000000006, 49921, 0.0025
30, 0.7000000000000001, 104, 0.03249999999999996, 49927, 0.0025
30, 0.7000000000000001, 98, 0.03500000000000006, 50062, 0.0025
30, 0.7000000000000001, 98, 0.03500000000000006, 50063, 0.0025
30, 0.7000000000000001, 98, 0.03500000000000006, 50064, 0.0025
30, 0.7000000000000001, 98, 0.03500000000000006, 50065, 0.0025
30, 0.7000000000000001, 104, 0.03249999999999996, 50067, 0.0025
30, 0.7000000000000001, 104, 0.03249999999999996, 50069, 0.0025
30, 0.7000000000000001, 104, 0.03249999999999996, 50070, 0.0025
30, 0.7000000000000001, 98, 0.03500000000000006, 50208, 0.0025
30, 0.7000000000000001, 104, 0.03249999999999996, 50209, 0.0025
30, 0.7000000000000001, 104, 0.03249999999999996, 50211, 0.0025
30, 0.7000000000000001, 98, 0.03500000000000006, 50350, 0.0025
30, 0.7000000000000001, 104, 0.03249999999999996, 50353, 0.0025
30, 0.7000000000000001, 104, 0.03249999999999996, 50354, 0.0025
30, 0.7000000000000001, 104, 0.03249999999999996, 50494, 0.0025
30, 0.7000000000000001, 98, 0.03500000000000006, 50627, 0.0025
30, 0.7000000000000001, 104, 0.03249999999999996, 50911, 0.0025
30, 0.7000000000000001, 104, 0.03249999999999996, 51051, 0.0025
30, 0.7000000000000001, 104, 0.03249999999999996, 51056, 0.0025
30, 0.7000000000000001, 104, 0.03249999999999996, 51198, 0.0025
30, 0.7000000000000001, 105, 0.03249999999999997, 51484, 0.0025
30, 0.7000000000000001, 105, 0.03249999999999997, 51485, 0.0025
30, 0.7000000000000001, 105, 0.03249999999999997, 51622, 0.0025
30, 0.7000000000000001, 105, 0.03249999999999997, 51624, 0.0025
30, 0.7000000000000001, 105, 0.03249999999999997, 51764, 0.0025
30, 0.7000000000000001, 105, 0.03249999999999997, 51901, 0.0025
30, 0.7000000000000001, 105, 0.03249999999999997, 52041, 0.0025
30, 0.7000000000000001, 105, 0.03249999999999997, 52184, 0.0025
30, 0.7000000000000001, 105, 0.03249999999999997, 52329, 0.0025
30, 0.7000000000000001, 105, 0.03249999999999997, 52473, 0.0025
30, 0.7000000000000001, 105, 0.03249999999999997, 52614, 0.0025
30, 0.7000000000000001, 105, 0.03249999999999997, 52754, 0.0025
30, 0.7000000000000001, 105, 0.03249999999999997, 52755, 0.0025
30, 0.7000000000000001, 105, 0.03249999999999997, 53028, 0.0025
30, 0.7000000000000001, 121, 0.0325, 55186, 0.0025
30, 0.7000000000000001, 121, 0.0325, 55326, 0.0025
30, 0.7000000000000001, 121, 0.0325, 55330, 0.0025
30, 0.7000000000000001, 121, 0.0325, 55617, 0.0025
30, 0.7000000000000001, 121, 0.0325, 55756, 0.0025
30, 0.7000000000000001, 121, 0.0325, 55757, 0.0025
30, 0.7000000000000001, 121, 0.0325, 55759, 0.0025
30, 0.7000000000000001, 121, 0.0325, 55902, 0.0025
30, 0.7000000000000001, 121, 0.0325, 55903, 0.0025
30, 0.7000000000000001, 121, 0.0325, 55904, 0.0025
30, 0.7000000000000001, 116, 0.0325, 56389, 0.0025
30, 0.7000000000000001, 121, 0.0325, 56487, 0.0025
30, 0.7000000000000001, 116, 0.0325, 56537, 0.0025
30, 0.7000000000000001, 116, 0.0325, 56538, 0.0025
30, 0.7000000000000001, 121, 0.0325, 56633, 0.0025
30, 0.7000000000000001, 121, 0.0325, 56783, 0.0025
30, 0.7000000000000001, 121, 0.0325, 56784, 0.0025
30, 0.7000000000000001, 116, 0.0325, 56835, 0.0025
30, 0.7000000000000001, 116, 0.0325, 56983, 0.0025
30, 0.7000000000000001, 116, 0.0325, 57589, 0.0025
30, 0.7000000000000001, 116, 0.0325, 58372, 0.0025
30, 0.7000000000000001, 116, 0.0325, 58374, 0.0025
30, 0.7000000000000001, 116, 0.0325, 58535, 0.0025
30, 0.7000000000000001, 116, 0.0325, 58536, 0.0025
30, 0.7000000000000001, 116, 0.0325, 58537, 0.0025
30, 0.7000000000000001, 116, 0.0325, 58702, 0.0025
30, 0.7000000000000001, 116, 0.0325, 58703, 0.0025
30, 0.7000000000000001, 116, 0.0325, 59042, 0.0025
30, 0.7000000000000001, 128, 0.0325, 60241, 0.0025
30, 0.7000000000000001, 128, 0.0325, 60244, 0.0025
30, 0.7000000000000001, 128, 0.0325, 60414, 0.0025
30, 0.7000000000000001, 128, 0.0325, 60417, 0.0025
30, 0.7000000000000001, 128, 0.0325, 60593, 0.0025
30, 0.7000000000000001, 128, 0.0325, 60594, 0.0025
30, 0.7000000000000001, 128, 0.0325, 60769, 0.0025
30, 0.7000000000000001, 128, 0.0325, 60770, 0.0025
30, 0.7000000000000001, 128, 0.0325, 60771, 0.0025
30, 0.7000000000000001, 128, 0.0325, 60772, 0.0025
30, 0.7000000000000001, 128, 0.0325, 60947, 0.0025
30, 0.7000000000000001, 128, 0.0325, 60948, 0.0025
30, 0.7000000000000001, 128, 0.0325, 61312, 0.0025
30, 0.7000000000000001, 128, 0.0325, 61314, 0.0025
30, 0.7000000000000001, 137, 0.0325, 63254, 0.0025
30, 0.7000000000000001, 137, 0.0325, 63421, 0.0025
30, 0.7000000000000001, 137, 0.0325, 63422, 0.0025
30, 0.7000000000000001, 137, 0.0325, 63423, 0.0025
30, 0.7000000000000001, 137, 0.0325, 63587, 0.0025
30, 0.7000000000000001, 137, 0.0325, 63592, 0.0025
30, 0.7000000000000001, 137, 0.0325, 63757, 0.0025
30, 0.7000000000000001, 137, 0.0325, 63919, 0.0025
30, 0.7000000000000001, 137, 0.0325, 63920, 0.0025
30, 0.7000000000000001, 133, 0.03249999999999999, 63922, 0.0025
30, 0.7000000000000001, 133, 0.03249999999999999, 63923, 0.0025
30, 0.7000000000000001, 137, 0.0325, 64080, 0.0025
30, 0.7000000000000001, 137, 0.0325, 64081, 0.0025
30, 0.7000000000000001, 137, 0.0325, 64082, 0.0025
30, 0.7000000000000001, 133, 0.03249999999999999, 64098, 0.0025
30, 0.7000000000000001, 133, 0.03249999999999999, 64258, 0.0025
30, 0.7000000000000001, 133, 0.03249999999999999, 64259, 0.0025
30, 0.7000000000000001, 137, 0.0325, 64400, 0.0025
30, 0.7000000000000001, 133, 0.03249999999999999, 64403, 0.0025
30, 0.7000000000000001, 133, 0.03249999999999999, 64404, 0.0025
30, 0.7000000000000001, 133, 0.03249999999999999, 64415, 0.0025
30, 0.7000000000000001, 133, 0.03249999999999999, 64572, 0.0025
30, 0.7000000000000001, 137, 0.0325, 64712, 0.0025
30, 0.7000000000000001, 133, 0.03249999999999999, 64726, 0.0025
30, 0.7000000000000001, 133, 0.03249999999999999, 64878, 0.0025
30, 0.7000000000000001, 133, 0.03249999999999999, 65029, 0.0025
30, 0.7000000000000001, 133, 0.03249999999999999, 65177, 0.0025
30, 0.7000000000000001, 133, 0.03249999999999999, 65178, 0.0025
30, 0.7000000000000001, 144, 0.05, 65835, 0.0025
30, 0.7000000000000001, 144, 0.05, 65836, 0.0025
30, 0.7000000000000001, 144, 0.05, 65837, 0.0025
30, 0.7000000000000001, 144, 0.05, 65975, 0.0025
30, 0.7000000000000001, 144, 0.05, 65976, 0.0025
30, 0.7000000000000001, 144, 0.05, 65977, 0.0025
30, 0.7000000000000001, 144, 0.05, 65978, 0.0025
30, 0.7000000000000001, 144, 0.05, 66113, 0.0025
30, 0.7000000000000001, 144, 0.05, 66118, 0.0025
30, 0.7000000000000001, 144, 0.05, 66249, 0.0025
30, 0.7000000000000001, 144, 0.05, 66251, 0.0025
30, 0.7000000000000001, 144, 0.05, 66258, 0.0025
30, 0.7000000000000001, 144, 0.05, 66259, 0.0025
30, 0.7000000000000001, 144, 0.05, 66387, 0.0025
30, 0.7000000000000001, 144, 0.05, 66390, 0.0025
30, 0.7000000000000001, 144, 0.05, 66393, 0.0025
30, 0.7000000000000001, 144, 0.05, 66523, 0.0025
30, 0.7000000000000001, 144, 0.05, 66524, 0.0025
30, 0.7000000000000001, 144, 0.05, 66787, 0.0025
30, 0.7000000000000001, 144, 0.05, 66788, 0.0025
30, 0.7000000000000001, 144, 0.05, 66915, 0.0025
30, 0.75, 1, 0.045, 938, 0.0025
30, 0.75, 1, 0.045, 1334, 0.0025
30, 0.75, 1, 0.045, 1406, 0.0025
30, 0.75, 1, 0.045, 1407, 0.0025
30, 0.75, 1, 0.045, 1408, 0.0025
30, 0.75, 1, 0.045, 1409, 0.0025
30, 0.75, 1, 0.045, 1410, 0.0025
30, 0.75, 1, 0.045, 1482, 0.0025
30, 0.75, 1, 0.045, 1483, 0.0025
30, 0.75, 1, 0.045, 1484, 0.0025
30, 0.75, 1, 0.045, 1485, 0.0025
30, 0.75, 1, 0.045, 1486, 0.0025
30, 0.75, 2, 0.0325, 1551, 0.0025
30, 0.75, 1, 0.045, 1560, 0.0025
30, 0.75, 1, 0.045, 1561, 0.0025
30, 0.75, 1, 0.045, 1562, 0.0025
30, 0.75, 1, 0.045, 1563, 0.0025
30, 0.75, 1, 0.045, 1641, 0.0025
30, 0.75, 1, 0.045, 1642, 0.0025
30, 0.75, 2, 0.0325, 1712, 0.0025
30, 0.75, 1, 0.045, 1724, 0.0025
30, 0.75, 2, 0.0325, 1884, 0.0025
30, 0.75, 2, 0.0325, 1971, 0.0025
30, 0.75, 2, 0.0325, 1972, 0.0025
30, 0.75, 2, 0.0325, 1973, 0.0025
30, 0.75, 2, 0.0325, 1974, 0.0025
30, 0.75, 2, 0.0325, 2064, 0.0025
30, 0.75, 2, 0.0325, 2065, 0.0025
30, 0.75, 2, 0.0325, 2066, 0.0025
30, 0.75, 2, 0.0325, 2067, 0.0025
30, 0.75, 10, 0.0325, 2101, 0.0025
30, 0.75, 2, 0.0325, 2160, 0.0025
30, 0.75, 2, 0.0325, 2161, 0.0025
30, 0.75, 2, 0.0325, 2259, 0.0025
30, 0.75, 10, 0.0325, 2399, 0.0025
30, 0.75, 10, 0.0325, 2400, 0.0025
30, 0.75, 3, 0.03249999999999992, 2547, 0.0025
30, 0.75, 3, 0.03249999999999992, 2548, 0.0025
30, 0.75, 3, 0.03249999999999992, 2549, 0.0025
30, 0.75, 10, 0.0325, 2604, 0.0025
30, 0.75, 10, 0.0325, 2605, 0.0025
30, 0.75, 3, 0.03249999999999992, 2650, 0.0025
30, 0.75, 3, 0.03249999999999992, 2651, 0.0025
30, 0.75, 3, 0.03249999999999992, 2754, 0.0025
30, 0.75, 3, 0.03249999999999992, 2755, 0.0025
30, 0.75, 10, 0.0325, 2813, 0.0025
30, 0.75, 10, 0.0325, 2815, 0.0025
30, 0.75, 3, 0.03249999999999992, 2860, 0.0025
30, 0.75, 10, 0.0325, 2920, 0.0025
30, 0.75, 10, 0.0325, 3136, 0.0025
30, 0.75, 10, 0.0325, 3243, 0.0025
30, 0.75, 10, 0.0325, 3352, 0.0025
30, 0.75, 3, 0.03249999999999992, 3394, 0.0025
30, 0.75, 3, 0.03249999999999992, 3395, 0.0025
30, 0.75, 3, 0.03249999999999992, 3396, 0.0025
30, 0.75, 3, 0.03249999999999992, 3506, 0.0025
30, 0.75, 3, 0.03249999999999992, 3507, 0.0025
30, 0.75, 10, 0.0325, 3575, 0.0025
30, 0.75, 3, 0.03249999999999992, 3618, 0.0025
30, 0.75, 10, 0.0325, 3686, 0.0025
30, 0.75, 10, 0.0325, 3802, 0.0025
30, 0.75, 16, 0.0325, 5678, 0.0025
30, 0.75, 16, 0.0325, 5806, 0.0025
30, 0.75, 16, 0.0325, 5934, 0.0025
30, 0.75, 16, 0.0325, 6063, 0.0025
30, 0.75, 16, 0.0325, 6192, 0.0025
30, 0.75, 16, 0.0325, 6323, 0.0025
30, 0.75, 16, 0.0325, 6454, 0.0025
30, 0.75, 16, 0.0325, 6586, 0.0025
30, 0.75, 14, 0.0325, 6601, 0.0025
30, 0.75, 19, 0.075, 6605, 0.0025
30, 0.75, 19, 0.075, 6606, 0.0025
30, 0.75, 16, 0.0325, 6719, 0.0025
30, 0.75, 14, 0.0325, 6733, 0.0025
30, 0.75, 14, 0.0325, 6734, 0.0025
30, 0.75, 19, 0.075, 6738, 0.0025
30, 0.75, 19, 0.075, 6739, 0.0025
30, 0.75, 19, 0.075, 6740, 0.0025
30, 0.75, 16, 0.0325, 6852, 0.0025
30, 0.75, 14, 0.0325, 6866, 0.0025
30, 0.75, 14, 0.0325, 6867, 0.0025
30, 0.75, 19, 0.075, 6870, 0.0025
30, 0.75, 19, 0.075, 6871, 0.0025
30, 0.75, 19, 0.075, 6872, 0.0025
30, 0.75, 19, 0.075, 6873, 0.0025
30, 0.75, 19, 0.075, 6874, 0.0025
30, 0.75, 18, 0.0325, 6878, 0.0025
30, 0.75, 16, 0.0325, 6986, 0.0025
30, 0.75, 14, 0.0325, 6999, 0.0025
30, 0.75, 14, 0.0325, 7000, 0.0025
30, 0.75, 19, 0.075, 7004, 0.0025
30, 0.75, 19, 0.075, 7005, 0.0025
30, 0.75, 19, 0.075, 7006, 0.0025
30, 0.75, 19, 0.075, 7007, 0.0025
30, 0.75, 19, 0.075, 7008, 0.0025
30, 0.75, 18, 0.0325, 7012, 0.0025
30, 0.75, 16, 0.0325, 7119, 0.0025
30, 0.75, 16, 0.0325, 7120, 0.0025
30, 0.75, 14, 0.0325, 7133, 0.0025
30, 0.75, 14, 0.0325, 7134, 0.0025
30, 0.75, 19, 0.075, 7138, 0.0025
30, 0.75, 19, 0.075, 7139, 0.0025
30, 0.75, 19, 0.075, 7140, 0.0025
30, 0.75, 19, 0.075, 7141, 0.0025
30, 0.75, 19, 0.075, 7142, 0.0025
30, 0.75, 18, 0.0325, 7146, 0.0025
30, 0.75, 18, 0.0325, 7147, 0.0025
30, 0.75, 16, 0.0325, 7256, 0.0025
30, 0.75, 14, 0.0325, 7269, 0.0025
30, 0.75, 14, 0.0325, 7270, 0.0025
30, 0.75, 19, 0.075, 7274, 0.0025
30, 0.75, 19, 0.075, 7275, 0.0025
30, 0.75, 19, 0.075, 7276, 0.0025
30, 0.75, 19, 0.075, 7278, 0.0025
30, 0.75, 19, 0.075, 7279, 0.0025
30, 0.75, 18, 0.0325, 7282, 0.0025
30, 0.75, 18, 0.0325, 7283, 0.0025
30, 0.75, 19, 0.075, 7410, 0.0025
30, 0.75, 19, 0.075, 7412, 0.0025
30, 0.75, 19, 0.075, 7413, 0.0025
30, 0.75, 19, 0.075, 7415, 0.0025
30, 0.75, 18, 0.0325, 7418, 0.0025
30, 0.75, 14, 0.0325, 7542, 0.0025
30, 0.75, 14, 0.0325, 7543, 0.0025
30, 0.75, 19, 0.075, 7548, 0.0025
30, 0.75, 19, 0.075, 7551, 0.0025
30, 0.75, 18, 0.0325, 7555, 0.0025
30, 0.75, 18, 0.0325, 7556, 0.0025
30, 0.75, 14, 0.0325, 7681, 0.0025
30, 0.75, 18, 0.0325, 7693, 0.0025
30, 0.75, 18, 0.0325, 7694, 0.0025
30, 0.75, 18, 0.0325, 7832, 0.0025
30, 0.75, 18, 0.0325, 7971, 0.0025
30, 0.75, 18, 0.0325, 7972, 0.0025
30, 0.75, 25, 0.03249999999999992, 9428, 0.0025
30, 0.75, 25, 0.03249999999999992, 9577, 0.0025
30, 0.75, 25, 0.03249999999999992, 9578, 0.0025
30, 0.75, 25, 0.03249999999999992, 9717, 0.0025
30, 0.75, 25, 0.03249999999999992, 9718, 0.0025
30, 0.75, 25, 0.03249999999999992, 9719, 0.0025
30, 0.75, 25, 0.03249999999999992, 9720, 0.0025
30, 0.75, 25, 0.03249999999999992, 9847, 0.0025
30, 0.75, 25, 0.03249999999999992, 9849, 0.0025
30, 0.75, 25, 0.03249999999999992, 9850, 0.0025
30, 0.75, 25, 0.03249999999999992, 10090, 0.0025
30, 0.75, 25, 0.03249999999999992, 10203, 0.0025
30, 0.75, 25, 0.03249999999999992, 10204, 0.0025
30, 0.75, 25, 0.03249999999999992, 10205, 0.0025
30, 0.75, 31, 0.0325, 11242, 0.0025
30, 0.75, 31, 0.0325, 11353, 0.0025
30, 0.75, 31, 0.0325, 11469, 0.0025
30, 0.75, 31, 0.0325, 11580, 0.0025
30, 0.75, 31, 0.0325, 11581, 0.0025
30, 0.75, 31, 0.0325, 11582, 0.0025
30, 0.75, 31, 0.0325, 11694, 0.0025
30, 0.75, 31, 0.0325, 11695, 0.0025
30, 0.75, 31, 0.0325, 11696, 0.0025
30, 0.75, 31, 0.0325, 11807, 0.0025
30, 0.75, 31, 0.0325, 11808, 0.0025
30, 0.75, 31, 0.0325, 11809, 0.0025
30, 0.75, 31, 0.0325, 11810, 0.0025
30, 0.75, 31, 0.0325, 11921, 0.0025
30, 0.75, 37, 0.0325, 15440, 0.0025
30, 0.75, 34, 0.03249999999999999, 15478, 0.0025
30, 0.75, 34, 0.03249999999999999, 15479, 0.0025
30, 0.75, 37, 0.0325, 15553, 0.0025
30, 0.75, 30, 0.03249999999999995, 15613, 0.0025
30, 0.75, 37, 0.0325, 15669, 0.0025
30, 0.75, 34, 0.03249999999999999, 15708, 0.0025
30, 0.75, 34, 0.03249999999999999, 15710, 0.0025
30, 0.75, 30, 0.03249999999999995, 15732, 0.0025
30, 0.75, 37, 0.0325, 15788, 0.0025
30, 0.75, 34, 0.03249999999999999, 15828, 0.0025
30, 0.75, 34, 0.03249999999999999, 15829, 0.0025
30, 0.75, 34, 0.03249999999999999, 15830, 0.0025
30, 0.75, 30, 0.03249999999999995, 15847, 0.0025
30, 0.75, 30, 0.03249999999999995, 15849, 0.0025
30, 0.75, 37, 0.0325, 15903, 0.0025
30, 0.75, 30, 0.03249999999999995, 15964, 0.0025
30, 0.75, 37, 0.0325, 16020, 0.0025
30, 0.75, 37, 0.0325, 16021, 0.0025
30, 0.75, 34, 0.03249999999999999, 16065, 0.0025
30, 0.75, 30, 0.03249999999999995, 16084, 0.0025
30, 0.75, 37, 0.0325, 16138, 0.0025
30, 0.75, 34, 0.03249999999999999, 16181, 0.0025
30, 0.75, 34, 0.03249999999999999, 16182, 0.0025
30, 0.75, 30, 0.03249999999999995, 16203, 0.0025
30, 0.75, 37, 0.0325, 16256, 0.0025
30, 0.75, 37, 0.0325, 16257, 0.0025
30, 0.75, 34, 0.03249999999999999, 16299, 0.0025
30, 0.75, 30, 0.03249999999999995, 16317, 0.0025
30, 0.75, 30, 0.03249999999999995, 16321, 0.0025
30, 0.75, 30, 0.03249999999999995, 16322, 0.0025
30, 0.75, 37, 0.0325, 16371, 0.0025
30, 0.75, 34, 0.03249999999999999, 16411, 0.0025
30, 0.75, 30, 0.03249999999999995, 16431, 0.0025
30, 0.75, 30, 0.03249999999999995, 16434, 0.0025
30, 0.75, 37, 0.0325, 16484, 0.0025
30, 0.75, 37, 0.0325, 16485, 0.0025
30, 0.75, 37, 0.0325, 16595, 0.0025
30, 0.75, 30, 0.03249999999999995, 16657, 0.0025
30, 0.75, 30, 0.03249999999999995, 16761, 0.0025
30, 0.75, 38, 0.03250000000000051, 16879, 0.0025
30, 0.75, 38, 0.03250000000000051, 16990, 0.0025
30, 0.75, 38, 0.03250000000000051, 16991, 0.0025
30, 0.75, 41, 0.05, 17087, 0.0025
30, 0.75, 41, 0.05, 17092, 0.0025
30, 0.75, 38, 0.03250000000000051, 17098, 0.0025
30, 0.75, 41, 0.05, 17190, 0.0025
30, 0.75, 41, 0.05, 17197, 0.0025
30, 0.75, 38, 0.03250000000000051, 17201, 0.0025
30, 0.75, 38, 0.03250000000000051, 17203, 0.0025
30, 0.75, 41, 0.05, 17295, 0.0025
30, 0.75, 41, 0.05, 17299, 0.0025
30, 0.75, 38, 0.03250000000000051, 17304, 0.0025
30, 0.75, 38, 0.03250000000000051, 17305, 0.0025
30, 0.75, 38, 0.03250000000000051, 17306, 0.0025
30, 0.75, 34, 0.03249999999999999, 17383, 0.0025
30, 0.75, 41, 0.05, 17395, 0.0025
30, 0.75, 41, 0.05, 17401, 0.0025
30, 0.75, 41, 0.05, 17402, 0.0025
30, 0.75, 41, 0.05, 17404, 0.0025
30, 0.75, 38, 0.03250000000000051, 17407, 0.0025
30, 0.75, 38, 0.03250000000000051, 17408, 0.0025
30, 0.75, 38, 0.03250000000000051, 17409, 0.0025
30, 0.75, 34, 0.03249999999999999, 17487, 0.0025
30, 0.75, 41, 0.05, 17503, 0.0025
30, 0.75, 41, 0.05, 17504, 0.0025
30, 0.75, 41, 0.05, 17505, 0.0025
30, 0.75, 41, 0.05, 17506, 0.0025
30, 0.75, 41, 0.05, 17509, 0.0025
30, 0.75, 38, 0.03250000000000051, 17512, 0.0025
30, 0.75, 41, 0.05, 17602, 0.0025
30, 0.75, 41, 0.05, 17603, 0.0025
30, 0.75, 41, 0.05, 17604, 0.0025
30, 0.75, 41, 0.05, 17605, 0.0025
30, 0.75, 38, 0.03250000000000051, 17612, 0.0025
30, 0.75, 41, 0.05, 17700, 0.0025
30, 0.75, 41, 0.05, 17795, 0.0025
30, 0.75, 51, 0.0325, 25471, 0.0025
30, 0.75, 51, 0.0325, 25472, 0.0025
30, 0.75, 51, 0.0325, 25582, 0.0025
30, 0.75, 51, 0.0325, 25583, 0.0025
30, 0.75, 51, 0.0325, 25691, 0.0025
30, 0.75, 51, 0.0325, 25692, 0.0025
30, 0.75, 51, 0.0325, 25694, 0.0025
30, 0.75, 51, 0.0325, 25806, 0.0025
30, 0.75, 51, 0.0325, 25807, 0.0025
30, 0.75, 51, 0.0325, 25918, 0.0025
30, 0.75, 51, 0.0325, 25919, 0.0025
30, 0.75, 51, 0.0325, 25920, 0.0025
30, 0.75, 51, 0.0325, 26036, 0.0025
30, 0.75, 51, 0.0325, 26037, 0.0025
30, 0.75, 64, 0.03249999999999998, 30902, 0.0025
30, 0.75, 64, 0.03249999999999998, 31097, 0.0025
30, 0.75, 64, 0.03249999999999998, 31192, 0.0025
30, 0.75, 64, 0.03249999999999998, 31372, 0.0025
30, 0.75, 64, 0.03249999999999998, 31373, 0.0025
30, 0.75, 64, 0.03249999999999998, 31468, 0.0025
30, 0.75, 64, 0.03249999999999998, 31469, 0.0025
30, 0.75, 64, 0.03249999999999998, 31929, 0.0025
30, 0.75, 64, 0.03249999999999998, 31930, 0.0025
30, 0.75, 64, 0.03249999999999998, 31931, 0.0025
30, 0.75, 64, 0.03249999999999998, 32019, 0.0025
30, 0.75, 64, 0.03249999999999998, 32024, 0.0025
30, 0.75, 64, 0.03249999999999998, 32205, 0.0025
30, 0.75, 64, 0.03249999999999998, 32206, 0.0025
30, 0.75, 67, 0.0325, 32299, 0.0025
30, 0.75, 67, 0.0325, 32396, 0.0025
30, 0.75, 67, 0.0325, 32924, 0.0025
30, 0.75, 67, 0.0325, 33005, 0.0025
30, 0.75, 67, 0.0325, 33417, 0.0025
30, 0.75, 67, 0.0325, 33495, 0.0025
30, 0.75, 67, 0.0325, 33498, 0.0025
30, 0.75, 67, 0.0325, 33499, 0.0025
30, 0.75, 67, 0.0325, 33500, 0.0025
30, 0.75, 67, 0.0325, 33580, 0.0025
30, 0.75, 67, 0.0325, 33654, 0.0025
30, 0.75, 71, 0.0325, 33731, 0.0025
30, 0.75, 67, 0.0325, 33732, 0.0025
30, 0.75, 67, 0.0325, 33736, 0.0025
30, 0.75, 71, 0.0325, 33808, 0.0025
30, 0.75, 67, 0.0325, 33809, 0.0025
30, 0.75, 71, 0.0325, 35055, 0.0025
30, 0.75, 71, 0.0325, 35056, 0.0025
30, 0.75, 71, 0.0325, 35342, 0.0025
30, 0.75, 71, 0.0325, 35558, 0.0025
30, 0.75, 71, 0.0325, 35559, 0.0025
30, 0.75, 71, 0.0325, 35625, 0.0025
30, 0.75, 71, 0.0325, 35626, 0.0025
30, 0.75, 71, 0.0325, 35627, 0.0025
30, 0.75, 71, 0.0325, 35628, 0.0025
30, 0.75, 71, 0.0325, 35699, 0.0025
30, 0.75, 71, 0.0325, 35700, 0.0025
30, 0.75, 71, 0.0325, 35772, 0.0025
30, 0.75, 98, 0.05249999999999998, 48314, 0.0025
30, 0.75, 98, 0.05249999999999998, 48978, 0.0025
30, 0.75, 98, 0.05249999999999998, 48979, 0.0025
30, 0.75, 98, 0.05249999999999998, 49250, 0.0025
30, 0.75, 98, 0.05249999999999998, 49251, 0.0025
30, 0.75, 98, 0.05249999999999998, 49253, 0.0025
30, 0.75, 98, 0.05249999999999998, 49377, 0.0025
30, 0.75, 98, 0.05249999999999998, 49511, 0.0025
30, 0.75, 98, 0.05249999999999998, 49516, 0.0025
30, 0.75, 98, 0.05249999999999998, 49650, 0.0025
30, 0.75, 98, 0.05249999999999998, 49651, 0.0025
30, 0.75, 98, 0.05249999999999998, 49785, 0.0025
30, 0.75, 98, 0.05249999999999998, 49920, 0.0025
30, 0.75, 98, 0.05249999999999998, 49921, 0.0025
30, 0.75, 98, 0.05249999999999998, 50062, 0.0025
30, 0.75, 98, 0.05249999999999998, 50063, 0.0025
30, 0.75, 98, 0.05249999999999998, 50064, 0.0025
30, 0.75, 98, 0.05249999999999998, 50065, 0.0025
30, 0.75, 98, 0.05249999999999998, 50066, 0.0025
30, 0.75, 98, 0.05249999999999998, 50208, 0.0025
30, 0.75, 98, 0.05249999999999998, 50350, 0.0025
30, 0.75, 98, 0.05249999999999998, 50627, 0.0025
30, 0.75, 105, 0.0325, 51484, 0.0025
30, 0.75, 105, 0.0325, 51485, 0.0025
30, 0.75, 105, 0.0325, 51622, 0.0025
30, 0.75, 105, 0.0325, 51624, 0.0025
30, 0.75, 105, 0.0325, 51764, 0.0025
30, 0.75, 105, 0.0325, 51901, 0.0025
30, 0.75, 105, 0.0325, 52041, 0.0025
30, 0.75, 105, 0.0325, 52184, 0.0025
30, 0.75, 105, 0.0325, 52329, 0.0025
30, 0.75, 105, 0.0325, 52473, 0.0025
30, 0.75, 105, 0.0325, 52614, 0.0025
30, 0.75, 105, 0.0325, 52754, 0.0025
30, 0.75, 105, 0.0325, 52755, 0.0025
30, 0.75, 105, 0.0325, 53028, 0.0025
30, 0.75, 121, 0.0325, 55186, 0.0025
30, 0.75, 121, 0.0325, 55326, 0.0025
30, 0.75, 121, 0.0325, 55330, 0.0025
30, 0.75, 121, 0.0325, 55617, 0.0025
30, 0.75, 121, 0.0325, 55756, 0.0025
30, 0.75, 121, 0.0325, 55757, 0.0025
30, 0.75, 121, 0.0325, 55759, 0.0025
30, 0.75, 121, 0.0325, 55902, 0.0025
30, 0.75, 121, 0.0325, 55903, 0.0025
30, 0.75, 121, 0.0325, 55904, 0.0025
30, 0.75, 116, 0.03249999999999996, 56389, 0.0025
30, 0.75, 121, 0.0325, 56487, 0.0025
30, 0.75, 116, 0.03249999999999996, 56537, 0.0025
30, 0.75, 116, 0.03249999999999996, 56538, 0.0025
30, 0.75, 121, 0.0325, 56633, 0.0025
30, 0.75, 121, 0.0325, 56783, 0.0025
30, 0.75, 121, 0.0325, 56784, 0.0025
30, 0.75, 116, 0.03249999999999996, 56835, 0.0025
30, 0.75, 116, 0.03249999999999996, 56983, 0.0025
30, 0.75, 116, 0.03249999999999996, 57589, 0.0025
30, 0.75, 116, 0.03249999999999996, 58372, 0.0025
30, 0.75, 116, 0.03249999999999996, 58374, 0.0025
30, 0.75, 116, 0.03249999999999996, 58535, 0.0025
30, 0.75, 116, 0.03249999999999996, 58536, 0.0025
30, 0.75, 116, 0.03249999999999996, 58537, 0.0025
30, 0.75, 116, 0.03249999999999996, 58702, 0.0025
30, 0.75, 116, 0.03249999999999996, 58703, 0.0025
30, 0.75, 116, 0.03249999999999996, 59042, 0.0025
30, 0.75, 128, 0.0325, 60241, 0.0025
30, 0.75, 128, 0.0325, 60244, 0.0025
30, 0.75, 128, 0.0325, 60414, 0.0025
30, 0.75, 128, 0.0325, 60417, 0.0025
30, 0.75, 128, 0.0325, 60593, 0.0025
30, 0.75, 128, 0.0325, 60594, 0.0025
30, 0.75, 128, 0.0325, 60769, 0.0025
30, 0.75, 128, 0.0325, 60770, 0.0025
30, 0.75, 128, 0.0325, 60771, 0.0025
30, 0.75, 128, 0.0325, 60772, 0.0025
30, 0.75, 128, 0.0325, 60947, 0.0025
30, 0.75, 128, 0.0325, 60948, 0.0025
30, 0.75, 128, 0.0325, 61312, 0.0025
30, 0.75, 128, 0.0325, 61314, 0.0025
30, 0.75, 137, 0.045, 62563, 0.0025
30, 0.75, 137, 0.045, 62910, 0.0025
30, 0.75, 137, 0.045, 62911, 0.0025
30, 0.75, 137, 0.045, 63087, 0.0025
30, 0.75, 137, 0.045, 63254, 0.0025
30, 0.75, 137, 0.045, 63255, 0.0025
30, 0.75, 137, 0.045, 63421, 0.0025
30, 0.75, 137, 0.045, 63422, 0.0025
30, 0.75, 137, 0.045, 63423, 0.0025
30, 0.75, 137, 0.045, 63587, 0.0025
30, 0.75, 137, 0.045, 63592, 0.0025
30, 0.75, 137, 0.045, 63757, 0.0025
30, 0.75, 137, 0.045, 63919, 0.0025
30, 0.75, 137, 0.045, 63920, 0.0025
30, 0.75, 133, 0.0325, 63922, 0.0025
30, 0.75, 133, 0.0325, 63923, 0.0025
30, 0.75, 137, 0.045, 64080, 0.0025
30, 0.75, 137, 0.045, 64081, 0.0025
30, 0.75, 137, 0.045, 64082, 0.0025
30, 0.75, 133, 0.0325, 64098, 0.0025
30, 0.75, 133, 0.0325, 64258, 0.0025
30, 0.75, 133, 0.0325, 64259, 0.0025
30, 0.75, 137, 0.045, 64400, 0.0025
30, 0.75, 133, 0.0325, 64403, 0.0025
30, 0.75, 133, 0.0325, 64404, 0.0025
30, 0.75, 133, 0.0325, 64415, 0.0025
30, 0.75, 133, 0.0325, 64572, 0.0025
30, 0.75, 137, 0.045, 64712, 0.0025
30, 0.75, 133, 0.0325, 64726, 0.0025
30, 0.75, 133, 0.0325, 64878, 0.0025
30, 0.75, 133, 0.0325, 65029, 0.0025
30, 0.75, 133, 0.0325, 65177, 0.0025
30, 0.75, 133, 0.0325, 65178, 0.0025
30, 0.75, 144, 0.05, 65835, 0.0025
30, 0.75, 144, 0.05, 65836, 0.0025
30, 0.75, 144, 0.05, 65837, 0.0025
30, 0.75, 144, 0.05, 65975, 0.0025
30, 0.75, 144, 0.05, 65976, 0.0025
30, 0.75, 144, 0.05, 65977, 0.0025
30, 0.75, 144, 0.05, 65978, 0.0025
30, 0.75, 144, 0.05, 66113, 0.0025
30, 0.75, 144, 0.05, 66118, 0.0025
30, 0.75, 144, 0.05, 66249, 0.0025
30, 0.75, 144, 0.05, 66251, 0.0025
30, 0.75, 144, 0.05, 66258, 0.0025
30, 0.75, 144, 0.05, 66259, 0.0025
30, 0.75, 144, 0.05, 66387, 0.0025
30, 0.75, 144, 0.05, 66390, 0.0025
30, 0.75, 144, 0.05, 66393, 0.0025
30, 0.75, 144, 0.05, 66523, 0.0025
30, 0.75, 144, 0.05, 66524, 0.0025
30, 0.75, 144, 0.05, 66787, 0.0025
30, 0.75, 144, 0.05, 66788, 0.0025
30, 0.75, 144, 0.05, 66915, 0.0025
30, 0.8, 1, 0.05, 877, 0.0025
30, 0.8, 1, 0.05, 938, 0.0025
30, 0.8, 1, 0.05, 1333, 0.0025
30, 0.8, 1, 0.05, 1334, 0.0025
30, 0.8, 1, 0.05, 1406, 0.0025
30, 0.8, 1, 0.05, 1407, 0.0025
30, 0.8, 1, 0.05, 1408, 0.0025
30, 0.8, 1, 0.05, 1409, 0.0025
30, 0.8, 1, 0.05, 1410, 0.0025
30, 0.8, 1, 0.05, 1482, 0.0025
30, 0.8, 1, 0.05, 1483, 0.0025
30, 0.8, 1, 0.05, 1484, 0.0025
30, 0.8, 1, 0.05, 1485, 0.0025
30, 0.8, 1, 0.05, 1486, 0.0025
30, 0.8, 2, 0.03249999999999989, 1551, 0.0025
30, 0.8, 1, 0.05, 1560, 0.0025
30, 0.8, 1, 0.05, 1561, 0.0025
30, 0.8, 1, 0.05, 1562, 0.0025
30, 0.8, 1, 0.05, 1563, 0.0025
30, 0.8, 1, 0.05, 1641, 0.0025
30, 0.8, 1, 0.05, 1642, 0.0025
30, 0.8, 2, 0.03249999999999989, 1712, 0.0025
30, 0.8, 1, 0.05, 1724, 0.0025
30, 0.8, 2, 0.03249999999999989, 1884, 0.0025
30, 0.8, 2, 0.03249999999999989, 1971, 0.0025
30, 0.8, 2, 0.03249999999999989, 1972, 0.0025
30, 0.8, 2, 0.03249999999999989, 1973, 0.0025
30, 0.8, 2, 0.03249999999999989, 1974, 0.0025
30, 0.8, 2, 0.03249999999999989, 2064, 0.0025
30, 0.8, 2, 0.03249999999999989, 2065, 0.0025
30, 0.8, 2, 0.03249999999999989, 2066, 0.0025
30, 0.8, 2, 0.03249999999999989, 2067, 0.0025
30, 0.8, 10, 0.03249999999999989, 2101, 0.0025
30, 0.8, 2, 0.03249999999999989, 2160, 0.0025
30, 0.8, 2, 0.03249999999999989, 2161, 0.0025
30, 0.8, 2, 0.03249999999999989, 2259, 0.0025
30, 0.8, 10, 0.03249999999999989, 2399, 0.0025
30, 0.8, 10, 0.03249999999999989, 2400, 0.0025
30, 0.8, 5, 0.03249999999999986, 2535, 0.0025
30, 0.8, 5, 0.03249999999999986, 2536, 0.0025
30, 0.8, 5, 0.03249999999999986, 2537, 0.0025
30, 0.8, 10, 0.03249999999999989, 2604, 0.0025
30, 0.8, 10, 0.03249999999999989, 2605, 0.0025
30, 0.8, 10, 0.03249999999999989, 2813, 0.0025
30, 0.8, 10, 0.03249999999999989, 2815, 0.0025
30, 0.8, 10, 0.03249999999999989, 2920, 0.0025
30, 0.8, 10, 0.03249999999999989, 3136, 0.0025
30, 0.8, 10, 0.03249999999999989, 3243, 0.0025
30, 0.8, 5, 0.03249999999999986, 3273, 0.0025
30, 0.8, 5, 0.03249999999999986, 3274, 0.0025
30, 0.8, 5, 0.03249999999999986, 3275, 0.0025
30, 0.8, 10, 0.03249999999999989, 3352, 0.0025
30, 0.8, 5, 0.03249999999999986, 3382, 0.0025
30, 0.8, 5, 0.03249999999999986, 3383, 0.0025
30, 0.8, 5, 0.03249999999999986, 3493, 0.0025
30, 0.8, 5, 0.03249999999999986, 3494, 0.0025
30, 0.8, 10, 0.03249999999999989, 3575, 0.0025
30, 0.8, 5, 0.03249999999999986, 3604, 0.0025
30, 0.8, 10, 0.03249999999999989, 3686, 0.0025
30, 0.8, 5, 0.03249999999999986, 3715, 0.0025
30, 0.8, 5, 0.03249999999999986, 3716, 0.0025
30, 0.8, 10, 0.03249999999999989, 3802, 0.0025
30, 0.8, 5, 0.03249999999999986, 3943, 0.0025
30, 0.8, 16, 0.03249999999999992, 5678, 0.0025
30, 0.8, 16, 0.03249999999999992, 5806, 0.0025
30, 0.8, 16, 0.03249999999999992, 5934, 0.0025
30, 0.8, 16, 0.03249999999999992, 6063, 0.0025
30, 0.8, 16, 0.03249999999999992, 6192, 0.0025
30, 0.8, 16, 0.03249999999999992, 6323, 0.0025
30, 0.8, 16, 0.03249999999999992, 6454, 0.0025
30, 0.8, 16, 0.03249999999999992, 6586, 0.0025
30, 0.8, 14, 0.03249999999999992, 6601, 0.0025
30, 0.8, 19, 0.06999999999999988, 6605, 0.0025
30, 0.8, 19, 0.06999999999999988, 6606, 0.0025
30, 0.8, 16, 0.03249999999999992, 6719, 0.0025
30, 0.8, 14, 0.03249999999999992, 6733, 0.0025
30, 0.8, 14, 0.03249999999999992, 6734, 0.0025
30, 0.8, 19, 0.06999999999999988, 6738, 0.0025
30, 0.8, 19, 0.06999999999999988, 6739, 0.0025
30, 0.8, 19, 0.06999999999999988, 6740, 0.0025
30, 0.8, 16, 0.03249999999999992, 6852, 0.0025
30, 0.8, 14, 0.03249999999999992, 6866, 0.0025
30, 0.8, 14, 0.03249999999999992, 6867, 0.0025
30, 0.8, 19, 0.06999999999999988, 6870, 0.0025
30, 0.8, 19, 0.06999999999999988, 6871, 0.0025
30, 0.8, 19, 0.06999999999999988, 6872, 0.0025
30, 0.8, 19, 0.06999999999999988, 6873, 0.0025
30, 0.8, 19, 0.06999999999999988, 6874, 0.0025
30, 0.8, 18, 0.03249999999999989, 6878, 0.0025
30, 0.8, 16, 0.03249999999999992, 6986, 0.0025
30, 0.8, 14, 0.03249999999999992, 6999, 0.0025
30, 0.8, 14, 0.03249999999999992, 7000, 0.0025
30, 0.8, 19, 0.06999999999999988, 7004, 0.0025
30, 0.8, 19, 0.06999999999999988, 7005, 0.0025
30, 0.8, 19, 0.06999999999999988, 7006, 0.0025
30, 0.8, 19, 0.06999999999999988, 7007, 0.0025
30, 0.8, 18, 0.03249999999999989, 7012, 0.0025
30, 0.8, 16, 0.03249999999999992, 7119, 0.0025
30, 0.8, 16, 0.03249999999999992, 7120, 0.0025
30, 0.8, 14, 0.03249999999999992, 7133, 0.0025
30, 0.8, 14, 0.03249999999999992, 7134, 0.0025
30, 0.8, 19, 0.06999999999999988, 7138, 0.0025
30, 0.8, 19, 0.06999999999999988, 7139, 0.0025
30, 0.8, 19, 0.06999999999999988, 7140, 0.0025
30, 0.8, 19, 0.06999999999999988, 7141, 0.0025
30, 0.8, 19, 0.06999999999999988, 7142, 0.0025
30, 0.8, 18, 0.03249999999999989, 7146, 0.0025
30, 0.8, 18, 0.03249999999999989, 7147, 0.0025
30, 0.8, 16, 0.03249999999999992, 7256, 0.0025
30, 0.8, 14, 0.03249999999999992, 7269, 0.0025
30, 0.8, 14, 0.03249999999999992, 7270, 0.0025
30, 0.8, 19, 0.06999999999999988, 7274, 0.0025
30, 0.8, 19, 0.06999999999999988, 7275, 0.0025
30, 0.8, 19, 0.06999999999999988, 7276, 0.0025
30, 0.8, 19, 0.06999999999999988, 7278, 0.0025
30, 0.8, 19, 0.06999999999999988, 7279, 0.0025
30, 0.8, 18, 0.03249999999999989, 7282, 0.0025
30, 0.8, 18, 0.03249999999999989, 7283, 0.0025
30, 0.8, 19, 0.06999999999999988, 7410, 0.0025
30, 0.8, 19, 0.06999999999999988, 7412, 0.0025
30, 0.8, 19, 0.06999999999999988, 7413, 0.0025
30, 0.8, 19, 0.06999999999999988, 7415, 0.0025
30, 0.8, 18, 0.03249999999999989, 7418, 0.0025
30, 0.8, 14, 0.03249999999999992, 7542, 0.0025
30, 0.8, 14, 0.03249999999999992, 7543, 0.0025
30, 0.8, 19, 0.06999999999999988, 7551, 0.0025
30, 0.8, 18, 0.03249999999999989, 7555, 0.0025
30, 0.8, 18, 0.03249999999999989, 7556, 0.0025
30, 0.8, 14, 0.03249999999999992, 7681, 0.0025
30, 0.8, 18, 0.03249999999999989, 7693, 0.0025
30, 0.8, 18, 0.03249999999999989, 7694, 0.0025
30, 0.8, 18, 0.03249999999999989, 7832, 0.0025
30, 0.8, 18, 0.03249999999999989, 7971, 0.0025
30, 0.8, 18, 0.03249999999999989, 7972, 0.0025
30, 0.8, 25, 0.03249999999999989, 9428, 0.0025
30, 0.8, 25, 0.03249999999999989, 9577, 0.0025
30, 0.8, 25, 0.03249999999999989, 9578, 0.0025
30, 0.8, 25, 0.03249999999999989, 9717, 0.0025
30, 0.8, 25, 0.03249999999999989, 9718, 0.0025
30, 0.8, 25, 0.03249999999999989, 9719, 0.0025
30, 0.8, 25, 0.03249999999999989, 9720, 0.0025
30, 0.8, 25, 0.03249999999999989, 9847, 0.0025
30, 0.8, 25, 0.03249999999999989, 9849, 0.0025
30, 0.8, 25, 0.03249999999999989, 9850, 0.0025
30, 0.8, 25, 0.03249999999999989, 10090, 0.0025
30, 0.8, 25, 0.03249999999999989, 10203, 0.0025
30, 0.8, 25, 0.03249999999999989, 10204, 0.0025
30, 0.8, 25, 0.03249999999999989, 10205, 0.0025
30, 0.8, 31, 0.03249999999999992, 11242, 0.0025
30, 0.8, 31, 0.03249999999999992, 11353, 0.0025
30, 0.8, 31, 0.03249999999999992, 11469, 0.0025
30, 0.8, 31, 0.03249999999999992, 11580, 0.0025
30, 0.8, 31, 0.03249999999999992, 11581, 0.0025
30, 0.8, 31, 0.03249999999999992, 11582, 0.0025
30, 0.8, 31, 0.03249999999999992, 11694, 0.0025
30, 0.8, 31, 0.03249999999999992, 11695, 0.0025
30, 0.8, 31, 0.03249999999999992, 11696, 0.0025
30, 0.8, 31, 0.03249999999999992, 11807, 0.0025
30, 0.8, 31, 0.03249999999999992, 11808, 0.0025
30, 0.8, 31, 0.03249999999999992, 11809, 0.0025
30, 0.8, 31, 0.03249999999999992, 11810, 0.0025
30, 0.8, 31, 0.03249999999999992, 11921, 0.0025
30, 0.8, 37, 0.03499999999999977, 15440, 0.0025
30, 0.8, 37, 0.03499999999999977, 15553, 0.0025
30, 0.8, 37, 0.03499999999999977, 15668, 0.0025
30, 0.8, 37, 0.03499999999999977, 15669, 0.0025
30, 0.8, 37, 0.03499999999999977, 15788, 0.0025
30, 0.8, 37, 0.03499999999999977, 15903, 0.0025
30, 0.8, 37, 0.03499999999999977, 16020, 0.0025
30, 0.8, 37, 0.03499999999999977, 16021, 0.0025
30, 0.8, 37, 0.03499999999999977, 16138, 0.0025
30, 0.8, 37, 0.03499999999999977, 16256, 0.0025
30, 0.8, 37, 0.03499999999999977, 16257, 0.0025
30, 0.8, 33, 0.03249999999999992, 16311, 0.0025
30, 0.8, 37, 0.03499999999999977, 16371, 0.0025
30, 0.8, 37, 0.03499999999999977, 16484, 0.0025
30, 0.8, 37, 0.03499999999999977, 16485, 0.0025
30, 0.8, 33, 0.03249999999999992, 16536, 0.0025
30, 0.8, 33, 0.03249999999999992, 16537, 0.0025
30, 0.8, 37, 0.03499999999999977, 16595, 0.0025
30, 0.8, 33, 0.03249999999999992, 16645, 0.0025
30, 0.8, 33, 0.03249999999999992, 16646, 0.0025
30, 0.8, 33, 0.03249999999999992, 16648, 0.0025
30, 0.8, 38, 0.04499999999999996, 16762, 0.0025
30, 0.8, 33, 0.03249999999999992, 16860, 0.0025
30, 0.8, 33, 0.03249999999999992, 16863, 0.0025
30, 0.8, 33, 0.03249999999999992, 16865, 0.0025
30, 0.8, 33, 0.03249999999999992, 16866, 0.0025
30, 0.8, 33, 0.03249999999999992, 16868, 0.0025
30, 0.8, 38, 0.04499999999999996, 16879, 0.0025
30, 0.8, 33, 0.03249999999999992, 16974, 0.0025
30, 0.8, 38, 0.04499999999999996, 16990, 0.0025
30, 0.8, 38, 0.04499999999999996, 16991, 0.0025
30, 0.8, 41, 0.0625, 17087, 0.0025
30, 0.8, 41, 0.0625, 17092, 0.0025
30, 0.8, 38, 0.04499999999999996, 17098, 0.0025
30, 0.8, 33, 0.03249999999999992, 17184, 0.0025
30, 0.8, 41, 0.0625, 17190, 0.0025
30, 0.8, 41, 0.0625, 17197, 0.0025
30, 0.8, 38, 0.04499999999999996, 17201, 0.0025
30, 0.8, 38, 0.04499999999999996, 17203, 0.0025
30, 0.8, 38, 0.04499999999999996, 17204, 0.0025
30, 0.8, 41, 0.0625, 17293, 0.0025
30, 0.8, 41, 0.0625, 17295, 0.0025
30, 0.8, 41, 0.0625, 17299, 0.0025
30, 0.8, 41, 0.0625, 17301, 0.0025
30, 0.8, 38, 0.04499999999999996, 17304, 0.0025
30, 0.8, 38, 0.04499999999999996, 17305, 0.0025
30, 0.8, 38, 0.04499999999999996, 17306, 0.0025
30, 0.8, 41, 0.0625, 17395, 0.0025
30, 0.8, 41, 0.0625, 17401, 0.0025
30, 0.8, 41, 0.0625, 17402, 0.0025
30, 0.8, 41, 0.0625, 17404, 0.0025
30, 0.8, 38, 0.04499999999999996, 17407, 0.0025
30, 0.8, 38, 0.04499999999999996, 17408, 0.0025
30, 0.8, 38, 0.04499999999999996, 17409, 0.0025
30, 0.8, 41, 0.0625, 17503, 0.0025
30, 0.8, 41, 0.0625, 17504, 0.0025
30, 0.8, 41, 0.0625, 17505, 0.0025
30, 0.8, 41, 0.0625, 17506, 0.0025
30, 0.8, 41, 0.0625, 17509, 0.0025
30, 0.8, 38, 0.04499999999999996, 17512, 0.0025
30, 0.8, 41, 0.0625, 17602, 0.0025
30, 0.8, 41, 0.0625, 17603, 0.0025
30, 0.8, 41, 0.0625, 17604, 0.0025
30, 0.8, 41, 0.0625, 17605, 0.0025
30, 0.8, 38, 0.04499999999999996, 17612, 0.0025
30, 0.8, 33, 0.03249999999999992, 17691, 0.0025
30, 0.8, 41, 0.0625, 17699, 0.0025
30, 0.8, 41, 0.0625, 17700, 0.0025
30, 0.8, 38, 0.04499999999999996, 17708, 0.0025
30, 0.8, 38, 0.04499999999999996, 17709, 0.0025
30, 0.8, 41, 0.0625, 17793, 0.0025
30, 0.8, 41, 0.0625, 17795, 0.0025
30, 0.8, 41, 0.0625, 17797, 0.0025
30, 0.8, 38, 0.04499999999999996, 17800, 0.0025
30, 0.8, 51, 0.03249999999999996, 25471, 0.0025
30, 0.8, 51, 0.03249999999999996, 25472, 0.0025
30, 0.8, 51, 0.03249999999999996, 25582, 0.0025
30, 0.8, 51, 0.03249999999999996, 25583, 0.0025
30, 0.8, 51, 0.03249999999999996, 25691, 0.0025
30, 0.8, 51, 0.03249999999999996, 25692, 0.0025
30, 0.8, 51, 0.03249999999999996, 25694, 0.0025
30, 0.8, 51, 0.03249999999999996, 25806, 0.0025
30, 0.8, 51, 0.03249999999999996, 25807, 0.0025
30, 0.8, 51, 0.03249999999999996, 25918, 0.0025
30, 0.8, 51, 0.03249999999999996, 25919, 0.0025
30, 0.8, 51, 0.03249999999999996, 25920, 0.0025
30, 0.8, 51, 0.03249999999999996, 26036, 0.0025
30, 0.8, 51, 0.03249999999999996, 26037, 0.0025
30, 0.8, 64, 0.03249999999999998, 30902, 0.0025
30, 0.8, 64, 0.03249999999999998, 31097, 0.0025
30, 0.8, 64, 0.03249999999999998, 31192, 0.0025
30, 0.8, 64, 0.03249999999999998, 31372, 0.0025
30, 0.8, 64, 0.03249999999999998, 31373, 0.0025
30, 0.8, 64, 0.03249999999999998, 31468, 0.0025
30, 0.8, 64, 0.03249999999999998, 31469, 0.0025
30, 0.8, 64, 0.03249999999999998, 31929, 0.0025
30, 0.8, 64, 0.03249999999999998, 31930, 0.0025
30, 0.8, 64, 0.03249999999999998, 31931, 0.0025
30, 0.8, 64, 0.03249999999999998, 32019, 0.0025
30, 0.8, 64, 0.03249999999999998, 32024, 0.0025
30, 0.8, 64, 0.03249999999999998, 32205, 0.0025
30, 0.8, 64, 0.03249999999999998, 32206, 0.0025
30, 0.8, 67, 0.0325, 32299, 0.0025
30, 0.8, 67, 0.0325, 32396, 0.0025
30, 0.8, 67, 0.0325, 32924, 0.0025
30, 0.8, 67, 0.0325, 33005, 0.0025
30, 0.8, 67, 0.0325, 33417, 0.0025
30, 0.8, 67, 0.0325, 33495, 0.0025
30, 0.8, 67, 0.0325, 33498, 0.0025
30, 0.8, 67, 0.0325, 33499, 0.0025
30, 0.8, 67, 0.0325, 33500, 0.0025
30, 0.8, 67, 0.0325, 33580, 0.0025
30, 0.8, 67, 0.0325, 33654, 0.0025
30, 0.8, 71, 0.03500000000000163, 33731, 0.0025
30, 0.8, 67, 0.0325, 33732, 0.0025
30, 0.8, 67, 0.0325, 33736, 0.0025
30, 0.8, 71, 0.03500000000000163, 33808, 0.0025
30, 0.8, 67, 0.0325, 33809, 0.0025
30, 0.8, 71, 0.03500000000000163, 35055, 0.0025
30, 0.8, 71, 0.03500000000000163, 35056, 0.0025
30, 0.8, 71, 0.03500000000000163, 35342, 0.0025
30, 0.8, 71, 0.03500000000000163, 35416, 0.0025
30, 0.8, 71, 0.03500000000000163, 35558, 0.0025
30, 0.8, 71, 0.03500000000000163, 35559, 0.0025
30, 0.8, 71, 0.03500000000000163, 35625, 0.0025
30, 0.8, 71, 0.03500000000000163, 35626, 0.0025
30, 0.8, 71, 0.03500000000000163, 35627, 0.0025
30, 0.8, 71, 0.03500000000000163, 35628, 0.0025
30, 0.8, 71, 0.03500000000000163, 35699, 0.0025
30, 0.8, 71, 0.03500000000000163, 35700, 0.0025
30, 0.8, 71, 0.03500000000000163, 35772, 0.0025
30, 0.8, 98, 0.05249999999999996, 48314, 0.0025
30, 0.8, 98, 0.05249999999999996, 48978, 0.0025
30, 0.8, 98, 0.05249999999999996, 48979, 0.0025
30, 0.8, 98, 0.05249999999999996, 49250, 0.0025
30, 0.8, 98, 0.05249999999999996, 49251, 0.0025
30, 0.8, 98, 0.05249999999999996, 49253, 0.0025
30, 0.8, 98, 0.05249999999999996, 49377, 0.0025
30, 0.8, 98, 0.05249999999999996, 49511, 0.0025
30, 0.8, 98, 0.05249999999999996, 49516, 0.0025
30, 0.8, 98, 0.05249999999999996, 49650, 0.0025
30, 0.8, 98, 0.05249999999999996, 49651, 0.0025
30, 0.8, 98, 0.05249999999999996, 49785, 0.0025
30, 0.8, 98, 0.05249999999999996, 49920, 0.0025
30, 0.8, 98, 0.05249999999999996, 49921, 0.0025
30, 0.8, 98, 0.05249999999999996, 50062, 0.0025
30, 0.8, 98, 0.05249999999999996, 50063, 0.0025
30, 0.8, 98, 0.05249999999999996, 50064, 0.0025
30, 0.8, 98, 0.05249999999999996, 50065, 0.0025
30, 0.8, 98, 0.05249999999999996, 50066, 0.0025
30, 0.8, 98, 0.05249999999999996, 50208, 0.0025
30, 0.8, 98, 0.05249999999999996, 50350, 0.0025
30, 0.8, 98, 0.05249999999999996, 50627, 0.0025
30, 0.8, 105, 0.03249999999999995, 51484, 0.0025
30, 0.8, 105, 0.03249999999999995, 51485, 0.0025
30, 0.8, 105, 0.03249999999999995, 51622, 0.0025
30, 0.8, 105, 0.03249999999999995, 51624, 0.0025
30, 0.8, 105, 0.03249999999999995, 51764, 0.0025
30, 0.8, 105, 0.03249999999999995, 51901, 0.0025
30, 0.8, 105, 0.03249999999999995, 52041, 0.0025
30, 0.8, 105, 0.03249999999999995, 52184, 0.0025
30, 0.8, 105, 0.03249999999999995, 52329, 0.0025
30, 0.8, 105, 0.03249999999999995, 52473, 0.0025
30, 0.8, 105, 0.03249999999999995, 52614, 0.0025
30, 0.8, 105, 0.03249999999999995, 52754, 0.0025
30, 0.8, 105, 0.03249999999999995, 52755, 0.0025
30, 0.8, 105, 0.03249999999999995, 53028, 0.0025
30, 0.8, 121, 0.03249999999999999, 55186, 0.0025
30, 0.8, 121, 0.03249999999999999, 55326, 0.0025
30, 0.8, 121, 0.03249999999999999, 55330, 0.0025
30, 0.8, 121, 0.03249999999999999, 55617, 0.0025
30, 0.8, 121, 0.03249999999999999, 55756, 0.0025
30, 0.8, 121, 0.03249999999999999, 55757, 0.0025
30, 0.8, 121, 0.03249999999999999, 55759, 0.0025
30, 0.8, 121, 0.03249999999999999, 55902, 0.0025
30, 0.8, 121, 0.03249999999999999, 55903, 0.0025
30, 0.8, 121, 0.03249999999999999, 55904, 0.0025
30, 0.8, 116, 0.03249999999999996, 56389, 0.0025
30, 0.8, 121, 0.03249999999999999, 56487, 0.0025
30, 0.8, 116, 0.03249999999999996, 56537, 0.0025
30, 0.8, 116, 0.03249999999999996, 56538, 0.0025
30, 0.8, 121, 0.03249999999999999, 56633, 0.0025
30, 0.8, 121, 0.03249999999999999, 56783, 0.0025
30, 0.8, 121, 0.03249999999999999, 56784, 0.0025
30, 0.8, 116, 0.03249999999999996, 56835, 0.0025
30, 0.8, 116, 0.03249999999999996, 56983, 0.0025
30, 0.8, 116, 0.03249999999999996, 57589, 0.0025
30, 0.8, 116, 0.03249999999999996, 58372, 0.0025
30, 0.8, 116, 0.03249999999999996, 58374, 0.0025
30, 0.8, 116, 0.03249999999999996, 58535, 0.0025
30, 0.8, 116, 0.03249999999999996, 58536, 0.0025
30, 0.8, 116, 0.03249999999999996, 58537, 0.0025
30, 0.8, 116, 0.03249999999999996, 58702, 0.0025
30, 0.8, 116, 0.03249999999999996, 58703, 0.0025
30, 0.8, 116, 0.03249999999999996, 59042, 0.0025
30, 0.8, 128, 0.03249999999999997, 60241, 0.0025
30, 0.8, 128, 0.03249999999999997, 60244, 0.0025
30, 0.8, 128, 0.03249999999999997, 60414, 0.0025
30, 0.8, 128, 0.03249999999999997, 60417, 0.0025
30, 0.8, 128, 0.03249999999999997, 60593, 0.0025
30, 0.8, 128, 0.03249999999999997, 60594, 0.0025
30, 0.8, 128, 0.03249999999999997, 60769, 0.0025
30, 0.8, 128, 0.03249999999999997, 60770, 0.0025
30, 0.8, 128, 0.03249999999999997, 60771, 0.0025
30, 0.8, 128, 0.03249999999999997, 60772, 0.0025
30, 0.8, 128, 0.03249999999999997, 60947, 0.0025
30, 0.8, 128, 0.03249999999999997, 60948, 0.0025
30, 0.8, 128, 0.03249999999999997, 61312, 0.0025
30, 0.8, 128, 0.03249999999999997, 61314, 0.0025
30, 0.8, 137, 0.04749999999999996, 62563, 0.0025
30, 0.8, 137, 0.04749999999999996, 62910, 0.0025
30, 0.8, 137, 0.04749999999999996, 62911, 0.0025
30, 0.8, 137, 0.04749999999999996, 62913, 0.0025
30, 0.8, 137, 0.04749999999999996, 63087, 0.0025
30, 0.8, 137, 0.04749999999999996, 63254, 0.0025
30, 0.8, 137, 0.04749999999999996, 63255, 0.0025
30, 0.8, 137, 0.04749999999999996, 63421, 0.0025
30, 0.8, 137, 0.04749999999999996, 63422, 0.0025
30, 0.8, 137, 0.04749999999999996, 63423, 0.0025
30, 0.8, 137, 0.04749999999999996, 63587, 0.0025
30, 0.8, 137, 0.04749999999999996, 63592, 0.0025
30, 0.8, 137, 0.04749999999999996, 63757, 0.0025
30, 0.8, 137, 0.04749999999999996, 63919, 0.0025
30, 0.8, 137, 0.04749999999999996, 63920, 0.0025
30, 0.8, 133, 0.03249999999999999, 63922, 0.0025
30, 0.8, 133, 0.03249999999999999, 63923, 0.0025
30, 0.8, 137, 0.04749999999999996, 64080, 0.0025
30, 0.8, 137, 0.04749999999999996, 64081, 0.0025
30, 0.8, 137, 0.04749999999999996, 64082, 0.0025
30, 0.8, 133, 0.03249999999999999, 64098, 0.0025
30, 0.8, 133, 0.03249999999999999, 64258, 0.0025
30, 0.8, 133, 0.03249999999999999, 64259, 0.0025
30, 0.8, 137, 0.04749999999999996, 64400, 0.0025
30, 0.8, 133, 0.03249999999999999, 64403, 0.0025
30, 0.8, 133, 0.03249999999999999, 64404, 0.0025
30, 0.8, 133, 0.03249999999999999, 64415, 0.0025
30, 0.8, 133, 0.03249999999999999, 64572, 0.0025
30, 0.8, 137, 0.04749999999999996, 64712, 0.0025
30, 0.8, 133, 0.03249999999999999, 64726, 0.0025
30, 0.8, 133, 0.03249999999999999, 64878, 0.0025
30, 0.8, 133, 0.03249999999999999, 65029, 0.0025
30, 0.8, 133, 0.03249999999999999, 65177, 0.0025
30, 0.8, 133, 0.03249999999999999, 65178, 0.0025
30, 0.8, 144, 0.05, 65835, 0.0025
30, 0.8, 144, 0.05, 65836, 0.0025
30, 0.8, 144, 0.05, 65837, 0.0025
30, 0.8, 144, 0.05, 65975, 0.0025
30, 0.8, 144, 0.05, 65976, 0.0025
30, 0.8, 144, 0.05, 65977, 0.0025
30, 0.8, 144, 0.05, 65978, 0.0025
30, 0.8, 144, 0.05, 66113, 0.0025
30, 0.8, 144, 0.05, 66118, 0.0025
30, 0.8, 144, 0.05, 66249, 0.0025
30, 0.8, 144, 0.05, 66251, 0.0025
30, 0.8, 144, 0.05, 66258, 0.0025
30, 0.8, 144, 0.05, 66259, 0.0025
30, 0.8, 144, 0.05, 66387, 0.0025
30, 0.8, 144, 0.05, 66390, 0.0025
30, 0.8, 144, 0.05, 66393, 0.0025
30, 0.8, 144, 0.05, 66523, 0.0025
30, 0.8, 144, 0.05, 66524, 0.0025
30, 0.8, 144, 0.05, 66787, 0.0025
30, 0.8, 144, 0.05, 66788, 0.0025
30, 0.8, 144, 0.05, 66915, 0.0025
30, 0.8500000000000001, 1, 0.0699999999999999, 761, 0.0025
30, 0.8500000000000001, 1, 0.0699999999999999, 762, 0.0025
30, 0.8500000000000001, 1, 0.0699999999999999, 818, 0.0025
30, 0.8500000000000001, 1, 0.0699999999999999, 876, 0.0025
30, 0.8500000000000001, 1, 0.0699999999999999, 877, 0.0025
30, 0.8500000000000001, 1, 0.0699999999999999, 936, 0.0025
30, 0.8500000000000001, 1, 0.0699999999999999, 937, 0.0025
30, 0.8500000000000001, 1, 0.0699999999999999, 938, 0.0025
30, 0.8500000000000001, 1, 0.0699999999999999, 1331, 0.0025
30, 0.8500000000000001, 1, 0.0699999999999999, 1332, 0.0025
30, 0.8500000000000001, 1, 0.0699999999999999, 1333, 0.0025
30, 0.8500000000000001, 1, 0.0699999999999999, 1334, 0.0025
30, 0.8500000000000001, 1, 0.0699999999999999, 1406, 0.0025
30, 0.8500000000000001, 1, 0.0699999999999999, 1407, 0.0025
30, 0.8500000000000001, 1, 0.0699999999999999, 1408, 0.0025
30, 0.8500000000000001, 1, 0.0699999999999999, 1409, 0.0025
30, 0.8500000000000001, 1, 0.0699999999999999, 1410, 0.0025
30, 0.8500000000000001, 1, 0.0699999999999999, 1482, 0.0025
30, 0.8500000000000001, 1, 0.0699999999999999, 1483, 0.0025
30, 0.8500000000000001, 1, 0.0699999999999999, 1484, 0.0025
30, 0.8500000000000001, 1, 0.0699999999999999, 1485, 0.0025
30, 0.8500000000000001, 1, 0.0699999999999999, 1486, 0.0025
30, 0.8500000000000001, 2, 0.0325, 1551, 0.0025
30, 0.8500000000000001, 1, 0.0699999999999999, 1560, 0.0025
30, 0.8500000000000001, 1, 0.0699999999999999, 1561, 0.0025
30, 0.8500000000000001, 1, 0.0699999999999999, 1562, 0.0025
30, 0.8500000000000001, 1, 0.0699999999999999, 1563, 0.0025
30, 0.8500000000000001, 1, 0.0699999999999999, 1641, 0.0025
30, 0.8500000000000001, 1, 0.0699999999999999, 1642, 0.0025
30, 0.8500000000000001, 2, 0.0325, 1712, 0.0025
30, 0.8500000000000001, 1, 0.0699999999999999, 1724, 0.0025
30, 0.8500000000000001, 2, 0.0325, 1884, 0.0025
30, 0.8500000000000001, 2, 0.0325, 1971, 0.0025
30, 0.8500000000000001, 2, 0.0325, 1972, 0.0025
30, 0.8500000000000001, 2, 0.0325, 1973, 0.0025
30, 0.8500000000000001, 2, 0.0325, 1974, 0.0025
30, 0.8500000000000001, 2, 0.0325, 2064, 0.0025
30, 0.8500000000000001, 2, 0.0325, 2065, 0.0025
30, 0.8500000000000001, 2, 0.0325, 2066, 0.0025
30, 0.8500000000000001, 2, 0.0325, 2067, 0.0025
30, 0.8500000000000001, 10, 0.03249999999999992, 2101, 0.0025
30, 0.8500000000000001, 2, 0.0325, 2160, 0.0025
30, 0.8500000000000001, 2, 0.0325, 2161, 0.0025
30, 0.8500000000000001, 2, 0.0325, 2259, 0.0025
30, 0.8500000000000001, 10, 0.03249999999999992, 2399, 0.0025
30, 0.8500000000000001, 10, 0.03249999999999992, 2400, 0.0025
30, 0.8500000000000001, 10, 0.03249999999999992, 2604, 0.0025
30, 0.8500000000000001, 10, 0.03249999999999992, 2605, 0.0025
30, 0.8500000000000001, 10, 0.03249999999999992, 2813, 0.0025
30, 0.8500000000000001, 10, 0.03249999999999992, 2815, 0.0025
30, 0.8500000000000001, 10, 0.03249999999999992, 2920, 0.0025
30, 0.8500000000000001, 10, 0.03249999999999992, 3136, 0.0025
30, 0.8500000000000001, 10, 0.03249999999999992, 3243, 0.0025
30, 0.8500000000000001, 10, 0.03249999999999992, 3352, 0.0025
30, 0.8500000000000001, 10, 0.03249999999999992, 3575, 0.0025
30, 0.8500000000000001, 10, 0.03249999999999992, 3686, 0.0025
30, 0.8500000000000001, 10, 0.03249999999999992, 3802, 0.0025
30, 0.8500000000000001, 16, 0.0325, 5678, 0.0025
30, 0.8500000000000001, 16, 0.0325, 5806, 0.0025
30, 0.8500000000000001, 16, 0.0325, 5934, 0.0025
30, 0.8500000000000001, 16, 0.0325, 6063, 0.0025
30, 0.8500000000000001, 16, 0.0325, 6192, 0.0025
30, 0.8500000000000001, 16, 0.0325, 6323, 0.0025
30, 0.8500000000000001, 16, 0.0325, 6454, 0.0025
30, 0.8500000000000001, 19, 0.1050000000000001, 6474, 0.0025
30, 0.8500000000000001, 16, 0.0325, 6586, 0.0025
30, 0.8500000000000001, 19, 0.1050000000000001, 6604, 0.0025
30, 0.8500000000000001, 19, 0.1050000000000001, 6605, 0.0025
30, 0.8500000000000001, 19, 0.1050000000000001, 6606, 0.0025
30, 0.8500000000000001, 19, 0.1050000000000001, 6607, 0.0025
30, 0.8500000000000001, 16, 0.0325, 6719, 0.0025
30, 0.8500000000000001, 19, 0.1050000000000001, 6737, 0.0025
30, 0.8500000000000001, 19, 0.1050000000000001, 6738, 0.0025
30, 0.8500000000000001, 19, 0.1050000000000001, 6739, 0.0025
30, 0.8500000000000001, 19, 0.1050000000000001, 6740, 0.0025
30, 0.8500000000000001, 16, 0.0325, 6852, 0.0025
30, 0.8500000000000001, 19, 0.1050000000000001, 6870, 0.0025
30, 0.8500000000000001, 19, 0.1050000000000001, 6871, 0.0025
30, 0.8500000000000001, 19, 0.1050000000000001, 6872, 0.0025
30, 0.8500000000000001, 19, 0.1050000000000001, 6873, 0.0025
30, 0.8500000000000001, 19, 0.1050000000000001, 6874, 0.0025
30, 0.8500000000000001, 16, 0.0325, 6986, 0.0025
30, 0.8500000000000001, 19, 0.1050000000000001, 7004, 0.0025
30, 0.8500000000000001, 19, 0.1050000000000001, 7005, 0.0025
30, 0.8500000000000001, 19, 0.1050000000000001, 7006, 0.0025
30, 0.8500000000000001, 19, 0.1050000000000001, 7007, 0.0025
30, 0.8500000000000001, 19, 0.1050000000000001, 7008, 0.0025
30, 0.8500000000000001, 16, 0.0325, 7119, 0.0025
30, 0.8500000000000001, 16, 0.0325, 7120, 0.0025
30, 0.8500000000000001, 19, 0.1050000000000001, 7138, 0.0025
30, 0.8500000000000001, 19, 0.1050000000000001, 7139, 0.0025
30, 0.8500000000000001, 19, 0.1050000000000001, 7140, 0.0025
30, 0.8500000000000001, 19, 0.1050000000000001, 7141, 0.0025
30, 0.8500000000000001, 19, 0.1050000000000001, 7142, 0.0025
30, 0.8500000000000001, 19, 0.1050000000000001, 7143, 0.0025
30, 0.8500000000000001, 16, 0.0325, 7256, 0.0025
30, 0.8500000000000001, 19, 0.1050000000000001, 7274, 0.0025
30, 0.8500000000000001, 19, 0.1050000000000001, 7275, 0.0025
30, 0.8500000000000001, 19, 0.1050000000000001, 7276, 0.0025
30, 0.8500000000000001, 19, 0.1050000000000001, 7277, 0.0025
30, 0.8500000000000001, 19, 0.1050000000000001, 7278, 0.0025
30, 0.8500000000000001, 19, 0.1050000000000001, 7279, 0.0025
30, 0.8500000000000001, 19, 0.1050000000000001, 7409, 0.0025
30, 0.8500000000000001, 19, 0.1050000000000001, 7410, 0.0025
30, 0.8500000000000001, 19, 0.1050000000000001, 7411, 0.0025
30, 0.8500000000000001, 19, 0.1050000000000001, 7412, 0.0025
30, 0.8500000000000001, 19, 0.1050000000000001, 7413, 0.0025
30, 0.8500000000000001, 19, 0.1050000000000001, 7414, 0.0025
30, 0.8500000000000001, 19, 0.1050000000000001, 7415, 0.0025
30, 0.8500000000000001, 22, 0.03249999999999984, 7500, 0.0025
30, 0.8500000000000001, 19, 0.1050000000000001, 7548, 0.0025
30, 0.8500000000000001, 19, 0.1050000000000001, 7549, 0.0025
30, 0.8500000000000001, 19, 0.1050000000000001, 7550, 0.0025
30, 0.8500000000000001, 19, 0.1050000000000001, 7551, 0.0025
30, 0.8500000000000001, 19, 0.1050000000000001, 7552, 0.0025
30, 0.8500000000000001, 22, 0.03249999999999984, 7634, 0.0025
30, 0.8500000000000001, 22, 0.03249999999999984, 7635, 0.0025
30, 0.8500000000000001, 22, 0.03249999999999984, 7636, 0.0025
30, 0.8500000000000001, 22, 0.03249999999999984, 7637, 0.0025
30, 0.8500000000000001, 22, 0.03249999999999984, 7638, 0.0025
30, 0.8500000000000001, 22, 0.03249999999999984, 7774, 0.0025
30, 0.8500000000000001, 22, 0.03249999999999984, 7775, 0.0025
30, 0.8500000000000001, 22, 0.03249999999999984, 7776, 0.0025
30, 0.8500000000000001, 22, 0.03249999999999984, 7777, 0.0025
30, 0.8500000000000001, 22, 0.03249999999999984, 7914, 0.0025
30, 0.8500000000000001, 22, 0.03249999999999984, 7915, 0.0025
30, 0.8500000000000001, 22, 0.03249999999999984, 7916, 0.0025
30, 0.8500000000000001, 22, 0.03249999999999984, 8056, 0.0025
30, 0.8500000000000001, 25, 0.0325, 9428, 0.0025
30, 0.8500000000000001, 25, 0.0325, 9577, 0.0025
30, 0.8500000000000001, 25, 0.0325, 9578, 0.0025
30, 0.8500000000000001, 25, 0.0325, 9717, 0.0025
30, 0.8500000000000001, 25, 0.0325, 9718, 0.0025
30, 0.8500000000000001, 25, 0.0325, 9719, 0.0025
30, 0.8500000000000001, 25, 0.0325, 9720, 0.0025
30, 0.8500000000000001, 25, 0.0325, 9847, 0.0025
30, 0.8500000000000001, 25, 0.0325, 9849, 0.0025
30, 0.8500000000000001, 25, 0.0325, 9850, 0.0025
30, 0.8500000000000001, 25, 0.0325, 10090, 0.0025
30, 0.8500000000000001, 25, 0.0325, 10203, 0.0025
30, 0.8500000000000001, 25, 0.0325, 10204, 0.0025
30, 0.8500000000000001, 25, 0.0325, 10205, 0.0025
30, 0.8500000000000001, 31, 0.0325, 11242, 0.0025
30, 0.8500000000000001, 31, 0.0325, 11353, 0.0025
30, 0.8500000000000001, 31, 0.0325, 11469, 0.0025
30, 0.8500000000000001, 31, 0.0325, 11580, 0.0025
30, 0.8500000000000001, 31, 0.0325, 11581, 0.0025
30, 0.8500000000000001, 31, 0.0325, 11582, 0.0025
30, 0.8500000000000001, 31, 0.0325, 11694, 0.0025
30, 0.8500000000000001, 31, 0.0325, 11695, 0.0025
30, 0.8500000000000001, 31, 0.0325, 11696, 0.0025
30, 0.8500000000000001, 31, 0.0325, 11807, 0.0025
30, 0.8500000000000001, 31, 0.0325, 11808, 0.0025
30, 0.8500000000000001, 31, 0.0325, 11809, 0.0025
30, 0.8500000000000001, 31, 0.0325, 11810, 0.0025
30, 0.8500000000000001, 31, 0.0325, 11921, 0.0025
30, 0.8500000000000001, 37, 0.04499999999999962, 15092, 0.0025
30, 0.8500000000000001, 37, 0.04499999999999962, 15440, 0.0025
30, 0.8500000000000001, 34, 0.03249999999999999, 15478, 0.0025
30, 0.8500000000000001, 34, 0.03249999999999999, 15479, 0.0025
30, 0.8500000000000001, 37, 0.04499999999999962, 15553, 0.0025
30, 0.8500000000000001, 37, 0.04499999999999962, 15668, 0.0025
30, 0.8500000000000001, 37, 0.04499999999999962, 15669, 0.0025
30, 0.8500000000000001, 34, 0.03249999999999999, 15708, 0.0025
30, 0.8500000000000001, 34, 0.03249999999999999, 15710, 0.0025
30, 0.8500000000000001, 37, 0.04499999999999962, 15788, 0.0025
30, 0.8500000000000001, 34, 0.03249999999999999, 15828, 0.0025
30, 0.8500000000000001, 34, 0.03249999999999999, 15829, 0.0025
30, 0.8500000000000001, 34, 0.03249999999999999, 15830, 0.0025
30, 0.8500000000000001, 37, 0.04499999999999962, 15903, 0.0025
30, 0.8500000000000001, 37, 0.04499999999999962, 16020, 0.0025
30, 0.8500000000000001, 37, 0.04499999999999962, 16021, 0.0025
30, 0.8500000000000001, 34, 0.03249999999999999, 16065, 0.0025
30, 0.8500000000000001, 37, 0.04499999999999962, 16137, 0.0025
30, 0.8500000000000001, 37, 0.04499999999999962, 16138, 0.0025
30, 0.8500000000000001, 34, 0.03249999999999999, 16181, 0.0025
30, 0.8500000000000001, 34, 0.03249999999999999, 16182, 0.0025
30, 0.8500000000000001, 37, 0.04499999999999962, 16256, 0.0025
30, 0.8500000000000001, 37, 0.04499999999999962, 16257, 0.0025
30, 0.8500000000000001, 34, 0.03249999999999999, 16299, 0.0025
30, 0.8500000000000001, 37, 0.04499999999999962, 16370, 0.0025
30, 0.8500000000000001, 37, 0.04499999999999962, 16371, 0.0025
30, 0.8500000000000001, 34, 0.03249999999999999, 16411, 0.0025
30, 0.8500000000000001, 37, 0.04499999999999962, 16484, 0.0025
30, 0.8500000000000001, 37, 0.04499999999999962, 16485, 0.0025
30, 0.8500000000000001, 37, 0.04499999999999962, 16594, 0.0025
30, 0.8500000000000001, 37, 0.04499999999999962, 16595, 0.0025
30, 0.8500000000000001, 38, 0.0524999999999995, 16659, 0.0025
30, 0.8500000000000001, 38, 0.0524999999999995, 16762, 0.0025
30, 0.8500000000000001, 38, 0.0524999999999995, 16879, 0.0025
30, 0.8500000000000001, 38, 0.0524999999999995, 16990, 0.0025
30, 0.8500000000000001, 38, 0.0524999999999995, 16991, 0.0025
30, 0.8500000000000001, 38, 0.0524999999999995, 16992, 0.0025
30, 0.8500000000000001, 41, 0.05249999999999949, 17087, 0.0025
30, 0.8500000000000001, 41, 0.05249999999999949, 17092, 0.0025
30, 0.8500000000000001, 38, 0.0524999999999995, 17098, 0.0025
30, 0.8500000000000001, 41, 0.05249999999999949, 17190, 0.0025
30, 0.8500000000000001, 41, 0.05249999999999949, 17197, 0.0025
30, 0.8500000000000001, 38, 0.0524999999999995, 17201, 0.0025
30, 0.8500000000000001, 38, 0.0524999999999995, 17203, 0.0025
30, 0.8500000000000001, 38, 0.0524999999999995, 17204, 0.0025
30, 0.8500000000000001, 41, 0.05249999999999949, 17293, 0.0025
30, 0.8500000000000001, 41, 0.05249999999999949, 17295, 0.0025
30, 0.8500000000000001, 41, 0.05249999999999949, 17299, 0.0025
30, 0.8500000000000001, 38, 0.0524999999999995, 17304, 0.0025
30, 0.8500000000000001, 38, 0.0524999999999995, 17305, 0.0025
30, 0.8500000000000001, 38, 0.0524999999999995, 17306, 0.0025
30, 0.8500000000000001, 34, 0.03249999999999999, 17383, 0.0025
30, 0.8500000000000001, 41, 0.05249999999999949, 17395, 0.0025
30, 0.8500000000000001, 41, 0.05249999999999949, 17401, 0.0025
30, 0.8500000000000001, 41, 0.05249999999999949, 17402, 0.0025
30, 0.8500000000000001, 41, 0.05249999999999949, 17404, 0.0025
30, 0.8500000000000001, 38, 0.0524999999999995, 17407, 0.0025
30, 0.8500000000000001, 38, 0.0524999999999995, 17408, 0.0025
30, 0.8500000000000001, 38, 0.0524999999999995, 17409, 0.0025
30, 0.8500000000000001, 34, 0.03249999999999999, 17487, 0.0025
30, 0.8500000000000001, 41, 0.05249999999999949, 17503, 0.0025
30, 0.8500000000000001, 41, 0.05249999999999949, 17504, 0.0025
30, 0.8500000000000001, 41, 0.05249999999999949, 17505, 0.0025
30, 0.8500000000000001, 41, 0.05249999999999949, 17506, 0.0025
30, 0.8500000000000001, 41, 0.05249999999999949, 17509, 0.0025
30, 0.8500000000000001, 38, 0.0524999999999995, 17512, 0.0025
30, 0.8500000000000001, 41, 0.05249999999999949, 17602, 0.0025
30, 0.8500000000000001, 41, 0.05249999999999949, 17603, 0.0025
30, 0.8500000000000001, 41, 0.05249999999999949, 17604, 0.0025
30, 0.8500000000000001, 41, 0.05249999999999949, 17605, 0.0025
30, 0.8500000000000001, 38, 0.0524999999999995, 17612, 0.0025
30, 0.8500000000000001, 38, 0.0524999999999995, 17613, 0.0025
30, 0.8500000000000001, 41, 0.05249999999999949, 17700, 0.0025
30, 0.8500000000000001, 38, 0.0524999999999995, 17708, 0.0025
30, 0.8500000000000001, 38, 0.0524999999999995, 17709, 0.0025
30, 0.8500000000000001, 41, 0.05249999999999949, 17795, 0.0025
30, 0.8500000000000001, 38, 0.0524999999999995, 17800, 0.0025
30, 0.8500000000000001, 51, 0.03249999999999996, 25471, 0.0025
30, 0.8500000000000001, 51, 0.03249999999999996, 25472, 0.0025
30, 0.8500000000000001, 51, 0.03249999999999996, 25582, 0.0025
30, 0.8500000000000001, 51, 0.03249999999999996, 25583, 0.0025
30, 0.8500000000000001, 51, 0.03249999999999996, 25691, 0.0025
30, 0.8500000000000001, 51, 0.03249999999999996, 25692, 0.0025
30, 0.8500000000000001, 51, 0.03249999999999996, 25694, 0.0025
30, 0.8500000000000001, 51, 0.03249999999999996, 25806, 0.0025
30, 0.8500000000000001, 51, 0.03249999999999996, 25807, 0.0025
30, 0.8500000000000001, 51, 0.03249999999999996, 25918, 0.0025
30, 0.8500000000000001, 51, 0.03249999999999996, 25919, 0.0025
30, 0.8500000000000001, 51, 0.03249999999999996, 25920, 0.0025
30, 0.8500000000000001, 51, 0.03249999999999996, 26036, 0.0025
30, 0.8500000000000001, 51, 0.03249999999999996, 26037, 0.0025
30, 0.8500000000000001, 64, 0.03249999999999999, 30902, 0.0025
30, 0.8500000000000001, 64, 0.03249999999999999, 31097, 0.0025
30, 0.8500000000000001, 64, 0.03249999999999999, 31192, 0.0025
30, 0.8500000000000001, 64, 0.03249999999999999, 31372, 0.0025
30, 0.8500000000000001, 64, 0.03249999999999999, 31373, 0.0025
30, 0.8500000000000001, 64, 0.03249999999999999, 31468, 0.0025
30, 0.8500000000000001, 64, 0.03249999999999999, 31469, 0.0025
30, 0.8500000000000001, 64, 0.03249999999999999, 31929, 0.0025
30, 0.8500000000000001, 64, 0.03249999999999999, 31930, 0.0025
30, 0.8500000000000001, 64, 0.03249999999999999, 31931, 0.0025
30, 0.8500000000000001, 64, 0.03249999999999999, 32019, 0.0025
30, 0.8500000000000001, 64, 0.03249999999999999, 32024, 0.0025
30, 0.8500000000000001, 64, 0.03249999999999999, 32205, 0.0025
30, 0.8500000000000001, 64, 0.03249999999999999, 32206, 0.0025
30, 0.8500000000000001, 67, 0.0325, 32299, 0.0025
30, 0.8500000000000001, 67, 0.0325, 32396, 0.0025
30, 0.8500000000000001, 67, 0.0325, 32924, 0.0025
30, 0.8500000000000001, 67, 0.0325, 33005, 0.0025
30, 0.8500000000000001, 67, 0.0325, 33417, 0.0025
30, 0.8500000000000001, 67, 0.0325, 33495, 0.0025
30, 0.8500000000000001, 67, 0.0325, 33498, 0.0025
30, 0.8500000000000001, 67, 0.0325, 33499, 0.0025
30, 0.8500000000000001, 67, 0.0325, 33500, 0.0025
30, 0.8500000000000001, 67, 0.0325, 33580, 0.0025
30, 0.8500000000000001, 67, 0.0325, 33654, 0.0025
30, 0.8500000000000001, 71, 0.035, 33731, 0.0025
30, 0.8500000000000001, 67, 0.0325, 33732, 0.0025
30, 0.8500000000000001, 67, 0.0325, 33736, 0.0025
30, 0.8500000000000001, 71, 0.035, 33808, 0.0025
30, 0.8500000000000001, 67, 0.0325, 33809, 0.0025
30, 0.8500000000000001, 71, 0.035, 35055, 0.0025
30, 0.8500000000000001, 71, 0.035, 35056, 0.0025
30, 0.8500000000000001, 71, 0.035, 35342, 0.0025
30, 0.8500000000000001, 71, 0.035, 35416, 0.0025
30, 0.8500000000000001, 71, 0.035, 35558, 0.0025
30, 0.8500000000000001, 71, 0.035, 35559, 0.0025
30, 0.8500000000000001, 71, 0.035, 35625, 0.0025
30, 0.8500000000000001, 71, 0.035, 35626, 0.0025
30, 0.8500000000000001, 71, 0.035, 35627, 0.0025
30, 0.8500000000000001, 71, 0.035, 35628, 0.0025
30, 0.8500000000000001, 71, 0.035, 35699, 0.0025
30, 0.8500000000000001, 71, 0.035, 35700, 0.0025
30, 0.8500000000000001, 71, 0.035, 35772, 0.0025
30, 0.8500000000000001, 98, 0.05249999999999974, 48314, 0.0025
30, 0.8500000000000001, 98, 0.05249999999999974, 48978, 0.0025
30, 0.8500000000000001, 98, 0.05249999999999974, 48979, 0.0025
30, 0.8500000000000001, 98, 0.05249999999999974, 49250, 0.0025
30, 0.8500000000000001, 98, 0.05249999999999974, 49251, 0.0025
30, 0.8500000000000001, 98, 0.05249999999999974, 49253, 0.0025
30, 0.8500000000000001, 98, 0.05249999999999974, 49377, 0.0025
30, 0.8500000000000001, 98, 0.05249999999999974, 49511, 0.0025
30, 0.8500000000000001, 98, 0.05249999999999974, 49516, 0.0025
30, 0.8500000000000001, 98, 0.05249999999999974, 49650, 0.0025
30, 0.8500000000000001, 98, 0.05249999999999974, 49651, 0.0025
30, 0.8500000000000001, 98, 0.05249999999999974, 49785, 0.0025
30, 0.8500000000000001, 98, 0.05249999999999974, 49920, 0.0025
30, 0.8500000000000001, 98, 0.05249999999999974, 49921, 0.0025
30, 0.8500000000000001, 98, 0.05249999999999974, 50062, 0.0025
30, 0.8500000000000001, 98, 0.05249999999999974, 50063, 0.0025
30, 0.8500000000000001, 98, 0.05249999999999974, 50064, 0.0025
30, 0.8500000000000001, 98, 0.05249999999999974, 50065, 0.0025
30, 0.8500000000000001, 98, 0.05249999999999974, 50066, 0.0025
30, 0.8500000000000001, 98, 0.05249999999999974, 50208, 0.0025
30, 0.8500000000000001, 98, 0.05249999999999974, 50350, 0.0025
30, 0.8500000000000001, 105, 0.04499999999999998, 50508, 0.0025
30, 0.8500000000000001, 98, 0.05249999999999974, 50627, 0.0025
30, 0.8500000000000001, 105, 0.04499999999999998, 51484, 0.0025
30, 0.8500000000000001, 105, 0.04499999999999998, 51485, 0.0025
30, 0.8500000000000001, 105, 0.04499999999999998, 51487, 0.0025
30, 0.8500000000000001, 105, 0.04499999999999998, 51622, 0.0025
30, 0.8500000000000001, 105, 0.04499999999999998, 51624, 0.0025
30, 0.8500000000000001, 105, 0.04499999999999998, 51625, 0.0025
30, 0.8500000000000001, 105, 0.04499999999999998, 51764, 0.0025
30, 0.8500000000000001, 105, 0.04499999999999998, 51901, 0.0025
30, 0.8500000000000001, 105, 0.04499999999999998, 52041, 0.0025
30, 0.8500000000000001, 105, 0.04499999999999998, 52184, 0.0025
30, 0.8500000000000001, 105, 0.04499999999999998, 52329, 0.0025
30, 0.8500000000000001, 105, 0.04499999999999998, 52473, 0.0025
30, 0.8500000000000001, 105, 0.04499999999999998, 52614, 0.0025
30, 0.8500000000000001, 105, 0.04499999999999998, 52615, 0.0025
30, 0.8500000000000001, 105, 0.04499999999999998, 52754, 0.0025
30, 0.8500000000000001, 105, 0.04499999999999998, 52755, 0.0025
30, 0.8500000000000001, 105, 0.04499999999999998, 52893, 0.0025
30, 0.8500000000000001, 105, 0.04499999999999998, 53028, 0.0025
30, 0.8500000000000001, 121, 0.0325, 55186, 0.0025
30, 0.8500000000000001, 121, 0.0325, 55326, 0.0025
30, 0.8500000000000001, 121, 0.0325, 55330, 0.0025
30, 0.8500000000000001, 121, 0.0325, 55617, 0.0025
30, 0.8500000000000001, 121, 0.0325, 55756, 0.0025
30, 0.8500000000000001, 121, 0.0325, 55757, 0.0025
30, 0.8500000000000001, 121, 0.0325, 55759, 0.0025
30, 0.8500000000000001, 121, 0.0325, 55902, 0.0025
30, 0.8500000000000001, 121, 0.0325, 55903, 0.0025
30, 0.8500000000000001, 121, 0.0325, 55904, 0.0025
30, 0.8500000000000001, 116, 0.0325, 56389, 0.0025
30, 0.8500000000000001, 121, 0.0325, 56487, 0.0025
30, 0.8500000000000001, 116, 0.0325, 56537, 0.0025
30, 0.8500000000000001, 116, 0.0325, 56538, 0.0025
30, 0.8500000000000001, 121, 0.0325, 56633, 0.0025
30, 0.8500000000000001, 121, 0.0325, 56783, 0.0025
30, 0.8500000000000001, 121, 0.0325, 56784, 0.0025
30, 0.8500000000000001, 116, 0.0325, 56835, 0.0025
30, 0.8500000000000001, 116, 0.0325, 56983, 0.0025
30, 0.8500000000000001, 116, 0.0325, 57589, 0.0025
30, 0.8500000000000001, 116, 0.0325, 58372, 0.0025
30, 0.8500000000000001, 116, 0.0325, 58374, 0.0025
30, 0.8500000000000001, 116, 0.0325, 58535, 0.0025
30, 0.8500000000000001, 116, 0.0325, 58536, 0.0025
30, 0.8500000000000001, 116, 0.0325, 58537, 0.0025
30, 0.8500000000000001, 116, 0.0325, 58702, 0.0025
30, 0.8500000000000001, 116, 0.0325, 58703, 0.0025
30, 0.8500000000000001, 116, 0.0325, 59042, 0.0025
30, 0.8500000000000001, 137, 0.07000000000000005, 62563, 0.0025
30, 0.8500000000000001, 137, 0.07000000000000005, 62564, 0.0025
30, 0.8500000000000001, 137, 0.07000000000000005, 62566, 0.0025
30, 0.8500000000000001, 137, 0.07000000000000005, 62567, 0.0025
30, 0.8500000000000001, 137, 0.07000000000000005, 62739, 0.0025
30, 0.8500000000000001, 137, 0.07000000000000005, 62740, 0.0025
30, 0.8500000000000001, 137, 0.07000000000000005, 62741, 0.0025
30, 0.8500000000000001, 137, 0.07000000000000005, 62910, 0.0025
30, 0.8500000000000001, 137, 0.07000000000000005, 62911, 0.0025
30, 0.8500000000000001, 137, 0.07000000000000005, 62913, 0.0025
30, 0.8500000000000001, 137, 0.07000000000000005, 63087, 0.0025
30, 0.8500000000000001, 137, 0.07000000000000005, 63088, 0.0025
30, 0.8500000000000001, 137, 0.07000000000000005, 63089, 0.0025
30, 0.8500000000000001, 137, 0.07000000000000005, 63254, 0.0025
30, 0.8500000000000001, 137, 0.07000000000000005, 63255, 0.0025
30, 0.8500000000000001, 137, 0.07000000000000005, 63258, 0.0025
30, 0.8500000000000001, 137, 0.07000000000000005, 63421, 0.0025
30, 0.8500000000000001, 137, 0.07000000000000005, 63422, 0.0025
30, 0.8500000000000001, 137, 0.07000000000000005, 63423, 0.0025
30, 0.8500000000000001, 137, 0.07000000000000005, 63587, 0.0025
30, 0.8500000000000001, 137, 0.07000000000000005, 63592, 0.0025
30, 0.8500000000000001, 137, 0.07000000000000005, 63757, 0.0025
30, 0.8500000000000001, 137, 0.07000000000000005, 63919, 0.0025
30, 0.8500000000000001, 137, 0.07000000000000005, 63920, 0.0025
30, 0.8500000000000001, 133, 0.0325, 63922, 0.0025
30, 0.8500000000000001, 133, 0.0325, 63923, 0.0025
30, 0.8500000000000001, 137, 0.07000000000000005, 64080, 0.0025
30, 0.8500000000000001, 137, 0.07000000000000005, 64081, 0.0025
30, 0.8500000000000001, 137, 0.07000000000000005, 64082, 0.0025
30, 0.8500000000000001, 133, 0.0325, 64098, 0.0025
30, 0.8500000000000001, 133, 0.0325, 64258, 0.0025
30, 0.8500000000000001, 133, 0.0325, 64259, 0.0025
30, 0.8500000000000001, 137, 0.07000000000000005, 64400, 0.0025
30, 0.8500000000000001, 133, 0.0325, 64403, 0.0025
30, 0.8500000000000001, 133, 0.0325, 64404, 0.0025
30, 0.8500000000000001, 133, 0.0325, 64415, 0.0025
30, 0.8500000000000001, 133, 0.0325, 64572, 0.0025
30, 0.8500000000000001, 137, 0.07000000000000005, 64712, 0.0025
30, 0.8500000000000001, 133, 0.0325, 64726, 0.0025
30, 0.8500000000000001, 133, 0.0325, 64878, 0.0025
30, 0.8500000000000001, 133, 0.0325, 65029, 0.0025
30, 0.8500000000000001, 133, 0.0325, 65177, 0.0025
30, 0.8500000000000001, 133, 0.0325, 65178, 0.0025
30, 0.8500000000000001, 144, 0.05, 65835, 0.0025
30, 0.8500000000000001, 144, 0.05, 65836, 0.0025
30, 0.8500000000000001, 144, 0.05, 65837, 0.0025
30, 0.8500000000000001, 144, 0.05, 65975, 0.0025
30, 0.8500000000000001, 144, 0.05, 65976, 0.0025
30, 0.8500000000000001, 144, 0.05, 65977, 0.0025
30, 0.8500000000000001, 144, 0.05, 65978, 0.0025
30, 0.8500000000000001, 144, 0.05, 66113, 0.0025
30, 0.8500000000000001, 144, 0.05, 66118, 0.0025
30, 0.8500000000000001, 144, 0.05, 66249, 0.0025
30, 0.8500000000000001, 144, 0.05, 66251, 0.0025
30, 0.8500000000000001, 144, 0.05, 66258, 0.0025
30, 0.8500000000000001, 144, 0.05, 66259, 0.0025
30, 0.8500000000000001, 144, 0.05, 66387, 0.0025
30, 0.8500000000000001, 144, 0.05, 66390, 0.0025
30, 0.8500000000000001, 144, 0.05, 66393, 0.0025
30, 0.8500000000000001, 144, 0.05, 66523, 0.0025
30, 0.8500000000000001, 144, 0.05, 66524, 0.0025
30, 0.8500000000000001, 144, 0.05, 66787, 0.0025
30, 0.8500000000000001, 144, 0.05, 66788, 0.0025
30, 0.8500000000000001, 144, 0.05, 66915, 0.0025
30, 0.9, 1, 0.07999999999999984, 760, 0.0025
30, 0.9, 1, 0.07999999999999984, 761, 0.0025
30, 0.9, 1, 0.07999999999999984, 762, 0.0025
30, 0.9, 1, 0.07999999999999984, 817, 0.0025
30, 0.9, 1, 0.07999999999999984, 818, 0.0025
30, 0.9, 1, 0.07999999999999984, 875, 0.0025
30, 0.9, 1, 0.07999999999999984, 876, 0.0025
30, 0.9, 1, 0.07999999999999984, 877, 0.0025
30, 0.9, 1, 0.07999999999999984, 936, 0.0025
30, 0.9, 1, 0.07999999999999984, 937, 0.0025
30, 0.9, 1, 0.07999999999999984, 938, 0.0025
30, 0.9, 1, 0.07999999999999984, 1330, 0.0025
30, 0.9, 1, 0.07999999999999984, 1331, 0.0025
30, 0.9, 1, 0.07999999999999984, 1332, 0.0025
30, 0.9, 1, 0.07999999999999984, 1333, 0.0025
30, 0.9, 1, 0.07999999999999984, 1334, 0.0025
30, 0.9, 1, 0.07999999999999984, 1406, 0.0025
30, 0.9, 1, 0.07999999999999984, 1407, 0.0025
30, 0.9, 1, 0.07999999999999984, 1408, 0.0025
30, 0.9, 1, 0.07999999999999984, 1409, 0.0025
30, 0.9, 1, 0.07999999999999984, 1410, 0.0025
30, 0.9, 1, 0.07999999999999984, 1482, 0.0025
30, 0.9, 1, 0.07999999999999984, 1483, 0.0025
30, 0.9, 1, 0.07999999999999984, 1484, 0.0025
30, 0.9, 1, 0.07999999999999984, 1485, 0.0025
30, 0.9, 1, 0.07999999999999984, 1486, 0.0025
30, 0.9, 2, 0.0325, 1551, 0.0025
30, 0.9, 1, 0.07999999999999984, 1560, 0.0025
30, 0.9, 1, 0.07999999999999984, 1561, 0.0025
30, 0.9, 1, 0.07999999999999984, 1562, 0.0025
30, 0.9, 1, 0.07999999999999984, 1563, 0.0025
30, 0.9, 1, 0.07999999999999984, 1641, 0.0025
30, 0.9, 1, 0.07999999999999984, 1642, 0.0025
30, 0.9, 2, 0.0325, 1712, 0.0025
30, 0.9, 1, 0.07999999999999984, 1724, 0.0025
30, 0.9, 2, 0.0325, 1884, 0.0025
30, 0.9, 2, 0.0325, 1971, 0.0025
30, 0.9, 2, 0.0325, 1972, 0.0025
30, 0.9, 2, 0.0325, 1973, 0.0025
30, 0.9, 2, 0.0325, 1974, 0.0025
30, 0.9, 2, 0.0325, 2064, 0.0025
30, 0.9, 2, 0.0325, 2065, 0.0025
30, 0.9, 2, 0.0325, 2066, 0.0025
30, 0.9, 2, 0.0325, 2067, 0.0025
30, 0.9, 10, 0.03249999999999992, 2101, 0.0025
30, 0.9, 2, 0.0325, 2160, 0.0025
30, 0.9, 2, 0.0325, 2161, 0.0025
30, 0.9, 2, 0.0325, 2259, 0.0025
30, 0.9, 10, 0.03249999999999992, 2399, 0.0025
30, 0.9, 10, 0.03249999999999992, 2400, 0.0025
30, 0.9, 10, 0.03249999999999992, 2604, 0.0025
30, 0.9, 10, 0.03249999999999992, 2605, 0.0025
30, 0.9, 10, 0.03249999999999992, 2813, 0.0025
30, 0.9, 10, 0.03249999999999992, 2815, 0.0025
30, 0.9, 10, 0.03249999999999992, 2920, 0.0025
30, 0.9, 10, 0.03249999999999992, 3136, 0.0025
30, 0.9, 10, 0.03249999999999992, 3243, 0.0025
30, 0.9, 10, 0.03249999999999992, 3352, 0.0025
30, 0.9, 10, 0.03249999999999992, 3575, 0.0025
30, 0.9, 10, 0.03249999999999992, 3686, 0.0025
30, 0.9, 10, 0.03249999999999992, 3802, 0.0025
30, 0.9, 16, 0.0325, 5678, 0.0025
30, 0.9, 16, 0.0325, 5806, 0.0025
30, 0.9, 16, 0.0325, 5934, 0.0025
30, 0.9, 16, 0.0325, 6063, 0.0025
30, 0.9, 16, 0.0325, 6192, 0.0025
30, 0.9, 16, 0.0325, 6323, 0.0025
30, 0.9, 16, 0.0325, 6454, 0.0025
30, 0.9, 19, 0.115, 6474, 0.0025
30, 0.9, 16, 0.0325, 6586, 0.0025
30, 0.9, 19, 0.115, 6604, 0.0025
30, 0.9, 19, 0.115, 6605, 0.0025
30, 0.9, 19, 0.115, 6606, 0.0025
30, 0.9, 19, 0.115, 6607, 0.0025
30, 0.9, 16, 0.0325, 6719, 0.0025
30, 0.9, 19, 0.115, 6737, 0.0025
30, 0.9, 19, 0.115, 6738, 0.0025
30, 0.9, 19, 0.115, 6739, 0.0025
30, 0.9, 19, 0.115, 6740, 0.0025
30, 0.9, 19, 0.115, 6741, 0.0025
30, 0.9, 16, 0.0325, 6852, 0.0025
30, 0.9, 19, 0.115, 6869, 0.0025
30, 0.9, 19, 0.115, 6870, 0.0025
30, 0.9, 19, 0.115, 6871, 0.0025
30, 0.9, 19, 0.115, 6872, 0.0025
30, 0.9, 19, 0.115, 6873, 0.0025
30, 0.9, 19, 0.115, 6874, 0.0025
30, 0.9, 16, 0.0325, 6986, 0.0025
30, 0.9, 19, 0.115, 7004, 0.0025
30, 0.9, 19, 0.115, 7005, 0.0025
30, 0.9, 19, 0.115, 7006, 0.0025
30, 0.9, 19, 0.115, 7007, 0.0025
30, 0.9, 19, 0.115, 7008, 0.0025
30, 0.9, 19, 0.115, 7009, 0.0025
30, 0.9, 16, 0.0325, 7119, 0.0025
30, 0.9, 16, 0.0325, 7120, 0.0025
30, 0.9, 19, 0.115, 7138, 0.0025
30, 0.9, 19, 0.115, 7139, 0.0025
30, 0.9, 19, 0.115, 7140, 0.0025
30, 0.9, 19, 0.115, 7141, 0.0025
30, 0.9, 19, 0.115, 7142, 0.0025
30, 0.9, 19, 0.115, 7143, 0.0025
30, 0.9, 16, 0.0325, 7256, 0.0025
30, 0.9, 19, 0.115, 7274, 0.0025
30, 0.9, 19, 0.115, 7275, 0.0025
30, 0.9, 19, 0.115, 7276, 0.0025
30, 0.9, 19, 0.115, 7277, 0.0025
30, 0.9, 19, 0.115, 7278, 0.0025
30, 0.9, 19, 0.115, 7279, 0.0025
30, 0.9, 19, 0.115, 7408, 0.0025
30, 0.9, 19, 0.115, 7409, 0.0025
30, 0.9, 19, 0.115, 7410, 0.0025
30, 0.9, 19, 0.115, 7411, 0.0025
30, 0.9, 19, 0.115, 7412, 0.0025
30, 0.9, 19, 0.115, 7413, 0.0025
30, 0.9, 19, 0.115, 7414, 0.0025
30, 0.9, 19, 0.115, 7415, 0.0025
30, 0.9, 19, 0.115, 7548, 0.0025
30, 0.9, 19, 0.115, 7549, 0.0025
30, 0.9, 19, 0.115, 7550, 0.0025
30, 0.9, 19, 0.115, 7551, 0.0025
30, 0.9, 19, 0.115, 7552, 0.0025
30, 0.9, 25, 0.0325, 9428, 0.0025
30, 0.9, 25, 0.0325, 9577, 0.0025
30, 0.9, 25, 0.0325, 9578, 0.0025
30, 0.9, 25, 0.0325, 9717, 0.0025
30, 0.9, 25, 0.0325, 9718, 0.0025
30, 0.9, 25, 0.0325, 9719, 0.0025
30, 0.9, 25, 0.0325, 9720, 0.0025
30, 0.9, 25, 0.0325, 9847, 0.0025
30, 0.9, 25, 0.0325, 9849, 0.0025
30, 0.9, 25, 0.0325, 9850, 0.0025
30, 0.9, 25, 0.0325, 10090, 0.0025
30, 0.9, 25, 0.0325, 10203, 0.0025
30, 0.9, 25, 0.0325, 10204, 0.0025
30, 0.9, 25, 0.0325, 10205, 0.0025
30, 0.9, 37, 0.07499999999999964, 14869, 0.0025
30, 0.9, 37, 0.07499999999999964, 14982, 0.0025
30, 0.9, 37, 0.07499999999999964, 15092, 0.0025
30, 0.9, 37, 0.07499999999999964, 15209, 0.0025
30, 0.9, 37, 0.07499999999999964, 15322, 0.0025
30, 0.9, 37, 0.07499999999999964, 15439, 0.0025
30, 0.9, 37, 0.07499999999999964, 15440, 0.0025
30, 0.9, 37, 0.07499999999999964, 15552, 0.0025
30, 0.9, 37, 0.07499999999999964, 15553, 0.0025
30, 0.9, 30, 0.0325, 15613, 0.0025
30, 0.9, 37, 0.07499999999999964, 15668, 0.0025
30, 0.9, 37, 0.07499999999999964, 15669, 0.0025
30, 0.9, 30, 0.0325, 15732, 0.0025
30, 0.9, 37, 0.07499999999999964, 15787, 0.0025
30, 0.9, 37, 0.07499999999999964, 15788, 0.0025
30, 0.9, 30, 0.0325, 15847, 0.0025
30, 0.9, 30, 0.0325, 15849, 0.0025
30, 0.9, 37, 0.07499999999999964, 15902, 0.0025
30, 0.9, 37, 0.07499999999999964, 15903, 0.0025
30, 0.9, 30, 0.0325, 15964, 0.0025
30, 0.9, 37, 0.07499999999999964, 16020, 0.0025
30, 0.9, 37, 0.07499999999999964, 16021, 0.0025
30, 0.9, 30, 0.0325, 16084, 0.0025
30, 0.9, 37, 0.07499999999999964, 16137, 0.0025
30, 0.9, 37, 0.07499999999999964, 16138, 0.0025
30, 0.9, 30, 0.0325, 16203, 0.0025
30, 0.9, 37, 0.07499999999999964, 16255, 0.0025
30, 0.9, 37, 0.07499999999999964, 16256, 0.0025
30, 0.9, 37, 0.07499999999999964, 16257, 0.0025
30, 0.9, 30, 0.0325, 16317, 0.0025
30, 0.9, 30, 0.0325, 16321, 0.0025
30, 0.9, 30, 0.0325, 16322, 0.0025
30, 0.9, 37, 0.07499999999999964, 16369, 0.0025
30, 0.9, 37, 0.07499999999999964, 16370, 0.0025
30, 0.9, 37, 0.07499999999999964, 16371, 0.0025
30, 0.9, 30, 0.0325, 16431, 0.0025
30, 0.9, 30, 0.0325, 16434, 0.0025
30, 0.9, 37, 0.07499999999999964, 16483, 0.0025
30, 0.9, 37, 0.07499999999999964, 16484, 0.0025
30, 0.9, 37, 0.07499999999999964, 16485, 0.0025
30, 0.9, 37, 0.07499999999999964, 16594, 0.0025
30, 0.9, 37, 0.07499999999999964, 16595, 0.0025
30, 0.9, 30, 0.0325, 16657, 0.0025
30, 0.9, 37, 0.07499999999999964, 16700, 0.0025
30, 0.9, 30, 0.0325, 16761, 0.0025
30, 0.9, 38, 0.03499999999999991, 16879, 0.0025
30, 0.9, 38, 0.03499999999999991, 16990, 0.0025
30, 0.9, 38, 0.03499999999999991, 16991, 0.0025
30, 0.9, 41, 0.07000000000000024, 17087, 0.0025
30, 0.9, 41, 0.07000000000000024, 17092, 0.0025
30, 0.9, 38, 0.03499999999999991, 17098, 0.0025
30, 0.9, 41, 0.07000000000000024, 17190, 0.0025
30, 0.9, 41, 0.07000000000000024, 17197, 0.0025
30, 0.9, 38, 0.03499999999999991, 17201, 0.0025
30, 0.9, 38, 0.03499999999999991, 17203, 0.0025
30, 0.9, 41, 0.07000000000000024, 17293, 0.0025
30, 0.9, 41, 0.07000000000000024, 17295, 0.0025
30, 0.9, 41, 0.07000000000000024, 17299, 0.0025
30, 0.9, 41, 0.07000000000000024, 17301, 0.0025
30, 0.9, 38, 0.03499999999999991, 17304, 0.0025
30, 0.9, 38, 0.03499999999999991, 17305, 0.0025
30, 0.9, 38, 0.03499999999999991, 17306, 0.0025
30, 0.9, 41, 0.07000000000000024, 17395, 0.0025
30, 0.9, 41, 0.07000000000000024, 17401, 0.0025
30, 0.9, 41, 0.07000000000000024, 17402, 0.0025
30, 0.9, 41, 0.07000000000000024, 17404, 0.0025
30, 0.9, 38, 0.03499999999999991, 17407, 0.0025
30, 0.9, 38, 0.03499999999999991, 17408, 0.0025
30, 0.9, 38, 0.03499999999999991, 17409, 0.0025
30, 0.9, 41, 0.07000000000000024, 17503, 0.0025
30, 0.9, 41, 0.07000000000000024, 17504, 0.0025
30, 0.9, 41, 0.07000000000000024, 17505, 0.0025
30, 0.9, 41, 0.07000000000000024, 17506, 0.0025
30, 0.9, 41, 0.07000000000000024, 17509, 0.0025
30, 0.9, 38, 0.03499999999999991, 17512, 0.0025
30, 0.9, 41, 0.07000000000000024, 17602, 0.0025
30, 0.9, 41, 0.07000000000000024, 17603, 0.0025
30, 0.9, 41, 0.07000000000000024, 17604, 0.0025
30, 0.9, 41, 0.07000000000000024, 17605, 0.0025
30, 0.9, 41, 0.07000000000000024, 17607, 0.0025
30, 0.9, 38, 0.03499999999999991, 17612, 0.0025
30, 0.9, 41, 0.07000000000000024, 17699, 0.0025
30, 0.9, 41, 0.07000000000000024, 17700, 0.0025
30, 0.9, 38, 0.03499999999999991, 17708, 0.0025
30, 0.9, 41, 0.07000000000000024, 17793, 0.0025
30, 0.9, 41, 0.07000000000000024, 17795, 0.0025
30, 0.9, 41, 0.07000000000000024, 17797, 0.0025
30, 0.9, 41, 0.07000000000000024, 17976, 0.0025
30, 0.9, 41, 0.07000000000000024, 18062, 0.0025
30, 0.9, 51, 0.04499999999999986, 24698, 0.0025
30, 0.9, 51, 0.04499999999999986, 25471, 0.0025
30, 0.9, 51, 0.04499999999999986, 25472, 0.0025
30, 0.9, 51, 0.04499999999999986, 25582, 0.0025
30, 0.9, 51, 0.04499999999999986, 25583, 0.0025
30, 0.9, 51, 0.04499999999999986, 25584, 0.0025
30, 0.9, 51, 0.04499999999999986, 25585, 0.0025
30, 0.9, 51, 0.04499999999999986, 25691, 0.0025
30, 0.9, 51, 0.04499999999999986, 25692, 0.0025
30, 0.9, 51, 0.04499999999999986, 25694, 0.0025
30, 0.9, 51, 0.04499999999999986, 25695, 0.0025
30, 0.9, 51, 0.04499999999999986, 25806, 0.0025
30, 0.9, 51, 0.04499999999999986, 25807, 0.0025
30, 0.9, 51, 0.04499999999999986, 25808, 0.0025
30, 0.9, 51, 0.04499999999999986, 25918, 0.0025
30, 0.9, 51, 0.04499999999999986, 25919, 0.0025
30, 0.9, 51, 0.04499999999999986, 25920, 0.0025
30, 0.9, 51, 0.04499999999999986, 26036, 0.0025
30, 0.9, 51, 0.04499999999999986, 26037, 0.0025
30, 0.9, 64, 0.0325, 30902, 0.0025
30, 0.9, 64, 0.0325, 31097, 0.0025
30, 0.9, 64, 0.0325, 31192, 0.0025
30, 0.9, 64, 0.0325, 31372, 0.0025
30, 0.9, 64, 0.0325, 31373, 0.0025
30, 0.9, 64, 0.0325, 31468, 0.0025
30, 0.9, 64, 0.0325, 31469, 0.0025
30, 0.9, 64, 0.0325, 31929, 0.0025
30, 0.9, 64, 0.0325, 31930, 0.0025
30, 0.9, 64, 0.0325, 31931, 0.0025
30, 0.9, 64, 0.0325, 32019, 0.0025
30, 0.9, 64, 0.0325, 32024, 0.0025
30, 0.9, 64, 0.0325, 32205, 0.0025
30, 0.9, 64, 0.0325, 32206, 0.0025
30, 0.9, 67, 0.0325, 32299, 0.0025
30, 0.9, 67, 0.0325, 32396, 0.0025
30, 0.9, 67, 0.0325, 32924, 0.0025
30, 0.9, 67, 0.0325, 33005, 0.0025
30, 0.9, 67, 0.0325, 33417, 0.0025
30, 0.9, 67, 0.0325, 33495, 0.0025
30, 0.9, 67, 0.0325, 33498, 0.0025
30, 0.9, 67, 0.0325, 33499, 0.0025
30, 0.9, 67, 0.0325, 33500, 0.0025
30, 0.9, 67, 0.0325, 33580, 0.0025
30, 0.9, 67, 0.0325, 33654, 0.0025
30, 0.9, 71, 0.035, 33731, 0.0025
30, 0.9, 67, 0.0325, 33732, 0.0025
30, 0.9, 67, 0.0325, 33736, 0.0025
30, 0.9, 71, 0.035, 33808, 0.0025
30, 0.9, 67, 0.0325, 33809, 0.0025
30, 0.9, 71, 0.035, 35055, 0.0025
30, 0.9, 71, 0.035, 35056, 0.0025
30, 0.9, 71, 0.035, 35342, 0.0025
30, 0.9, 71, 0.035, 35416, 0.0025
30, 0.9, 71, 0.035, 35558, 0.0025
30, 0.9, 71, 0.035, 35559, 0.0025
30, 0.9, 71, 0.035, 35625, 0.0025
30, 0.9, 71, 0.035, 35626, 0.0025
30, 0.9, 71, 0.035, 35627, 0.0025
30, 0.9, 71, 0.035, 35628, 0.0025
30, 0.9, 71, 0.035, 35699, 0.0025
30, 0.9, 71, 0.035, 35700, 0.0025
30, 0.9, 71, 0.035, 35772, 0.0025
30, 0.9, 98, 0.05249999999999994, 48314, 0.0025
30, 0.9, 98, 0.05249999999999994, 48978, 0.0025
30, 0.9, 98, 0.05249999999999994, 48979, 0.0025
30, 0.9, 98, 0.05249999999999994, 49250, 0.0025
30, 0.9, 98, 0.05249999999999994, 49251, 0.0025
30, 0.9, 98, 0.05249999999999994, 49253, 0.0025
30, 0.9, 98, 0.05249999999999994, 49377, 0.0025
30, 0.9, 98, 0.05249999999999994, 49511, 0.0025
30, 0.9, 98, 0.05249999999999994, 49516, 0.0025
30, 0.9, 98, 0.05249999999999994, 49650, 0.0025
30, 0.9, 98, 0.05249999999999994, 49651, 0.0025
30, 0.9, 98, 0.05249999999999994, 49785, 0.0025
30, 0.9, 98, 0.05249999999999994, 49920, 0.0025
30, 0.9, 98, 0.05249999999999994, 49921, 0.0025
30, 0.9, 98, 0.05249999999999994, 50062, 0.0025
30, 0.9, 98, 0.05249999999999994, 50063, 0.0025
30, 0.9, 98, 0.05249999999999994, 50064, 0.0025
30, 0.9, 98, 0.05249999999999994, 50065, 0.0025
30, 0.9, 98, 0.05249999999999994, 50066, 0.0025
30, 0.9, 98, 0.05249999999999994, 50208, 0.0025
30, 0.9, 98, 0.05249999999999994, 50350, 0.0025
30, 0.9, 105, 0.04749999999999988, 50508, 0.0025
30, 0.9, 98, 0.05249999999999994, 50627, 0.0025
30, 0.9, 105, 0.04749999999999988, 51350, 0.0025
30, 0.9, 105, 0.04749999999999988, 51484, 0.0025
30, 0.9, 105, 0.04749999999999988, 51485, 0.0025
30, 0.9, 105, 0.04749999999999988, 51487, 0.0025
30, 0.9, 105, 0.04749999999999988, 51622, 0.0025
30, 0.9, 105, 0.04749999999999988, 51624, 0.0025
30, 0.9, 105, 0.04749999999999988, 51625, 0.0025
30, 0.9, 105, 0.04749999999999988, 51764, 0.0025
30, 0.9, 105, 0.04749999999999988, 51901, 0.0025
30, 0.9, 105, 0.04749999999999988, 52041, 0.0025
30, 0.9, 105, 0.04749999999999988, 52184, 0.0025
30, 0.9, 105, 0.04749999999999988, 52329, 0.0025
30, 0.9, 105, 0.04749999999999988, 52473, 0.0025
30, 0.9, 105, 0.04749999999999988, 52614, 0.0025
30, 0.9, 105, 0.04749999999999988, 52615, 0.0025
30, 0.9, 105, 0.04749999999999988, 52754, 0.0025
30, 0.9, 105, 0.04749999999999988, 52755, 0.0025
30, 0.9, 105, 0.04749999999999988, 52893, 0.0025
30, 0.9, 105, 0.04749999999999988, 53028, 0.0025
30, 0.9, 121, 0.0325, 55186, 0.0025
30, 0.9, 121, 0.0325, 55326, 0.0025
30, 0.9, 121, 0.0325, 55330, 0.0025
30, 0.9, 121, 0.0325, 55617, 0.0025
30, 0.9, 121, 0.0325, 55756, 0.0025
30, 0.9, 121, 0.0325, 55757, 0.0025
30, 0.9, 121, 0.0325, 55759, 0.0025
30, 0.9, 121, 0.0325, 55902, 0.0025
30, 0.9, 121, 0.0325, 55903, 0.0025
30, 0.9, 121, 0.0325, 55904, 0.0025
30, 0.9, 116, 0.0325, 56389, 0.0025
30, 0.9, 121, 0.0325, 56487, 0.0025
30, 0.9, 116, 0.0325, 56537, 0.0025
30, 0.9, 116, 0.0325, 56538, 0.0025
30, 0.9, 121, 0.0325, 56633, 0.0025
30, 0.9, 121, 0.0325, 56783, 0.0025
30, 0.9, 121, 0.0325, 56784, 0.0025
30, 0.9, 116, 0.0325, 56835, 0.0025
30, 0.9, 116, 0.0325, 56983, 0.0025
30, 0.9, 116, 0.0325, 57589, 0.0025
30, 0.9, 116, 0.0325, 58372, 0.0025
30, 0.9, 116, 0.0325, 58374, 0.0025
30, 0.9, 116, 0.0325, 58535, 0.0025
30, 0.9, 116, 0.0325, 58536, 0.0025
30, 0.9, 116, 0.0325, 58537, 0.0025
30, 0.9, 116, 0.0325, 58702, 0.0025
30, 0.9, 116, 0.0325, 58703, 0.0025
30, 0.9, 116, 0.0325, 59042, 0.0025
30, 0.9, 137, 0.06999999999999994, 62563, 0.0025
30, 0.9, 137, 0.06999999999999994, 62564, 0.0025
30, 0.9, 137, 0.06999999999999994, 62566, 0.0025
30, 0.9, 137, 0.06999999999999994, 62567, 0.0025
30, 0.9, 137, 0.06999999999999994, 62739, 0.0025
30, 0.9, 137, 0.06999999999999994, 62740, 0.0025
30, 0.9, 137, 0.06999999999999994, 62741, 0.0025
30, 0.9, 137, 0.06999999999999994, 62910, 0.0025
30, 0.9, 137, 0.06999999999999994, 62911, 0.0025
30, 0.9, 137, 0.06999999999999994, 62913, 0.0025
30, 0.9, 137, 0.06999999999999994, 63087, 0.0025
30, 0.9, 137, 0.06999999999999994, 63088, 0.0025
30, 0.9, 137, 0.06999999999999994, 63089, 0.0025
30, 0.9, 137, 0.06999999999999994, 63254, 0.0025
30, 0.9, 137, 0.06999999999999994, 63255, 0.0025
30, 0.9, 137, 0.06999999999999994, 63258, 0.0025
30, 0.9, 137, 0.06999999999999994, 63421, 0.0025
30, 0.9, 137, 0.06999999999999994, 63422, 0.0025
30, 0.9, 137, 0.06999999999999994, 63423, 0.0025
30, 0.9, 137, 0.06999999999999994, 63587, 0.0025
30, 0.9, 137, 0.06999999999999994, 63592, 0.0025
30, 0.9, 137, 0.06999999999999994, 63757, 0.0025
30, 0.9, 137, 0.06999999999999994, 63919, 0.0025
30, 0.9, 137, 0.06999999999999994, 63920, 0.0025
30, 0.9, 133, 0.0325, 63922, 0.0025
30, 0.9, 133, 0.0325, 63923, 0.0025
30, 0.9, 137, 0.06999999999999994, 64080, 0.0025
30, 0.9, 137, 0.06999999999999994, 64081, 0.0025
30, 0.9, 137, 0.06999999999999994, 64082, 0.0025
30, 0.9, 133, 0.0325, 64098, 0.0025
30, 0.9, 133, 0.0325, 64258, 0.0025
30, 0.9, 133, 0.0325, 64259, 0.0025
30, 0.9, 137, 0.06999999999999994, 64400, 0.0025
30, 0.9, 133, 0.0325, 64403, 0.0025
30, 0.9, 133, 0.0325, 64404, 0.0025
30, 0.9, 133, 0.0325, 64415, 0.0025
30, 0.9, 133, 0.0325, 64572, 0.0025
30, 0.9, 137, 0.06999999999999994, 64712, 0.0025
30, 0.9, 133, 0.0325, 64726, 0.0025
30, 0.9, 133, 0.0325, 64878, 0.0025
30, 0.9, 133, 0.0325, 65029, 0.0025
30, 0.9, 133, 0.0325, 65177, 0.0025
30, 0.9, 133, 0.0325, 65178, 0.0025
30, 0.9, 144, 0.05, 65835, 0.0025
30, 0.9, 144, 0.05, 65836, 0.0025
30, 0.9, 144, 0.05, 65837, 0.0025
30, 0.9, 144, 0.05, 65975, 0.0025
30, 0.9, 144, 0.05, 65976, 0.0025
30, 0.9, 144, 0.05, 65977, 0.0025
30, 0.9, 144, 0.05, 65978, 0.0025
30, 0.9, 144, 0.05, 66113, 0.0025
30, 0.9, 144, 0.05, 66118, 0.0025
30, 0.9, 144, 0.05, 66249, 0.0025
30, 0.9, 144, 0.05, 66251, 0.0025
30, 0.9, 144, 0.05, 66258, 0.0025
30, 0.9, 144, 0.05, 66259, 0.0025
30, 0.9, 144, 0.05, 66387, 0.0025
30, 0.9, 144, 0.05, 66390, 0.0025
30, 0.9, 144, 0.05, 66393, 0.0025
30, 0.9, 144, 0.05, 66523, 0.0025
30, 0.9, 144, 0.05, 66524, 0.0025
30, 0.9, 144, 0.05, 66787, 0.0025
30, 0.9, 144, 0.05, 66788, 0.0025
30, 0.9, 144, 0.05, 66915, 0.0025
30, 0.9500000000000001, 1, 0.1100000000000048, 704, 0.0025
30, 0.9500000000000001, 1, 0.1100000000000048, 705, 0.0025
30, 0.9500000000000001, 1, 0.1100000000000048, 706, 0.0025
30, 0.9500000000000001, 1, 0.1100000000000048, 707, 0.0025
30, 0.9500000000000001, 1, 0.1100000000000048, 758, 0.0025
30, 0.9500000000000001, 1, 0.1100000000000048, 759, 0.0025
30, 0.9500000000000001, 1, 0.1100000000000048, 760, 0.0025
30, 0.9500000000000001, 1, 0.1100000000000048, 761, 0.0025
30, 0.9500000000000001, 1, 0.1100000000000048, 762, 0.0025
30, 0.9500000000000001, 1, 0.1100000000000048, 814, 0.0025
30, 0.9500000000000001, 1, 0.1100000000000048, 815, 0.0025
30, 0.9500000000000001, 1, 0.1100000000000048, 816, 0.0025
30, 0.9500000000000001, 1, 0.1100000000000048, 817, 0.0025
30, 0.9500000000000001, 1, 0.1100000000000048, 818, 0.0025
30, 0.9500000000000001, 1, 0.1100000000000048, 874, 0.0025
30, 0.9500000000000001, 1, 0.1100000000000048, 875, 0.0025
30, 0.9500000000000001, 1, 0.1100000000000048, 876, 0.0025
30, 0.9500000000000001, 1, 0.1100000000000048, 877, 0.0025
30, 0.9500000000000001, 1, 0.1100000000000048, 936, 0.0025
30, 0.9500000000000001, 1, 0.1100000000000048, 937, 0.0025
30, 0.9500000000000001, 1, 0.1100000000000048, 938, 0.0025
30, 0.9500000000000001, 1, 0.1100000000000048, 1188, 0.0025
30, 0.9500000000000001, 1, 0.1100000000000048, 1258, 0.0025
30, 0.9500000000000001, 1, 0.1100000000000048, 1330, 0.0025
30, 0.9500000000000001, 1, 0.1100000000000048, 1331, 0.0025
30, 0.9500000000000001, 1, 0.1100000000000048, 1332, 0.0025
30, 0.9500000000000001, 1, 0.1100000000000048, 1333, 0.0025
30, 0.9500000000000001, 1, 0.1100000000000048, 1334, 0.0025
30, 0.9500000000000001, 1, 0.1100000000000048, 1406, 0.0025
30, 0.9500000000000001, 1, 0.1100000000000048, 1407, 0.0025
30, 0.9500000000000001, 1, 0.1100000000000048, 1408, 0.0025
30, 0.9500000000000001, 1, 0.1100000000000048, 1409, 0.0025
30, 0.9500000000000001, 1, 0.1100000000000048, 1410, 0.0025
30, 0.9500000000000001, 1, 0.1100000000000048, 1482, 0.0025
30, 0.9500000000000001, 1, 0.1100000000000048, 1483, 0.0025
30, 0.9500000000000001, 1, 0.1100000000000048, 1484, 0.0025
30, 0.9500000000000001, 1, 0.1100000000000048, 1485, 0.0025
30, 0.9500000000000001, 1, 0.1100000000000048, 1486, 0.0025
30, 0.9500000000000001, 1, 0.1100000000000048, 1560, 0.0025
30, 0.9500000000000001, 1, 0.1100000000000048, 1561, 0.0025
30, 0.9500000000000001, 1, 0.1100000000000048, 1562, 0.0025
30, 0.9500000000000001, 1, 0.1100000000000048, 1563, 0.0025
30, 0.9500000000000001, 1, 0.1100000000000048, 1641, 0.0025
30, 0.9500000000000001, 1, 0.1100000000000048, 1642, 0.0025
30, 0.9500000000000001, 1, 0.1100000000000048, 1724, 0.0025
30, 0.9500000000000001, 10, 0.03499999999999998, 2101, 0.0025
30, 0.9500000000000001, 10, 0.03499999999999998, 2399, 0.0025
30, 0.9500000000000001, 10, 0.03499999999999998, 2400, 0.0025
30, 0.9500000000000001, 10, 0.03499999999999998, 2604, 0.0025
30, 0.9500000000000001, 10, 0.03499999999999998, 2605, 0.0025
30, 0.9500000000000001, 10, 0.03499999999999998, 2813, 0.0025
30, 0.9500000000000001, 10, 0.03499999999999998, 2815, 0.0025
30, 0.9500000000000001, 10, 0.03499999999999998, 2920, 0.0025
30, 0.9500000000000001, 10, 0.03499999999999998, 3136, 0.0025
30, 0.9500000000000001, 10, 0.03499999999999998, 3243, 0.0025
30, 0.9500000000000001, 10, 0.03499999999999998, 3352, 0.0025
30, 0.9500000000000001, 10, 0.03499999999999998, 3461, 0.0025
30, 0.9500000000000001, 10, 0.03499999999999998, 3575, 0.0025
30, 0.9500000000000001, 10, 0.03499999999999998, 3686, 0.0025
30, 0.9500000000000001, 10, 0.03499999999999998, 3802, 0.0025
30, 0.9500000000000001, 19, 0.12, 6474, 0.0025
30, 0.9500000000000001, 19, 0.12, 6604, 0.0025
30, 0.9500000000000001, 19, 0.12, 6605, 0.0025
30, 0.9500000000000001, 19, 0.12, 6606, 0.0025
30, 0.9500000000000001, 19, 0.12, 6607, 0.0025
30, 0.9500000000000001, 19, 0.12, 6737, 0.0025
30, 0.9500000000000001, 19, 0.12, 6738, 0.0025
30, 0.9500000000000001, 19, 0.12, 6739, 0.0025
30, 0.9500000000000001, 19, 0.12, 6740, 0.0025
30, 0.9500000000000001, 19, 0.12, 6741, 0.0025
30, 0.9500000000000001, 19, 0.12, 6869, 0.0025
30, 0.9500000000000001, 19, 0.12, 6870, 0.0025
30, 0.9500000000000001, 19, 0.12, 6871, 0.0025
30, 0.9500000000000001, 19, 0.12, 6872, 0.0025
30, 0.9500000000000001, 19, 0.12, 6873, 0.0025
30, 0.9500000000000001, 19, 0.12, 6874, 0.0025
30, 0.9500000000000001, 19, 0.12, 7004, 0.0025
30, 0.9500000000000001, 19, 0.12, 7005, 0.0025
30, 0.9500000000000001, 19, 0.12, 7006, 0.0025
30, 0.9500000000000001, 19, 0.12, 7007, 0.0025
30, 0.9500000000000001, 19, 0.12, 7008, 0.0025
30, 0.9500000000000001, 19, 0.12, 7009, 0.0025
30, 0.9500000000000001, 19, 0.12, 7137, 0.0025
30, 0.9500000000000001, 19, 0.12, 7138, 0.0025
30, 0.9500000000000001, 19, 0.12, 7139, 0.0025
30, 0.9500000000000001, 19, 0.12, 7140, 0.0025
30, 0.9500000000000001, 19, 0.12, 7141, 0.0025
30, 0.9500000000000001, 19, 0.12, 7142, 0.0025
30, 0.9500000000000001, 19, 0.12, 7143, 0.0025
30, 0.9500000000000001, 19, 0.12, 7144, 0.0025
30, 0.9500000000000001, 19, 0.12, 7274, 0.0025
30, 0.9500000000000001, 19, 0.12, 7275, 0.0025
30, 0.9500000000000001, 19, 0.12, 7276, 0.0025
30, 0.9500000000000001, 19, 0.12, 7277, 0.0025
30, 0.9500000000000001, 19, 0.12, 7278, 0.0025
30, 0.9500000000000001, 19, 0.12, 7279, 0.0025
30, 0.9500000000000001, 19, 0.12, 7408, 0.0025
30, 0.9500000000000001, 19, 0.12, 7409, 0.0025
30, 0.9500000000000001, 19, 0.12, 7410, 0.0025
30, 0.9500000000000001, 19, 0.12, 7411, 0.0025
30, 0.9500000000000001, 19, 0.12, 7412, 0.0025
30, 0.9500000000000001, 19, 0.12, 7413, 0.0025
30, 0.9500000000000001, 19, 0.12, 7414, 0.0025
30, 0.9500000000000001, 19, 0.12, 7415, 0.0025
30, 0.9500000000000001, 22, 0.0325, 7500, 0.0025
30, 0.9500000000000001, 19, 0.12, 7548, 0.0025
30, 0.9500000000000001, 19, 0.12, 7549, 0.0025
30, 0.9500000000000001, 19, 0.12, 7550, 0.0025
30, 0.9500000000000001, 19, 0.12, 7551, 0.0025
30, 0.9500000000000001, 19, 0.12, 7552, 0.0025
30, 0.9500000000000001, 22, 0.0325, 7634, 0.0025
30, 0.9500000000000001, 22, 0.0325, 7635, 0.0025
30, 0.9500000000000001, 22, 0.0325, 7636, 0.0025
30, 0.9500000000000001, 22, 0.0325, 7637, 0.0025
30, 0.9500000000000001, 22, 0.0325, 7638, 0.0025
30, 0.9500000000000001, 22, 0.0325, 7774, 0.0025
30, 0.9500000000000001, 22, 0.0325, 7775, 0.0025
30, 0.9500000000000001, 22, 0.0325, 7776, 0.0025
30, 0.9500000000000001, 22, 0.0325, 7777, 0.0025
30, 0.9500000000000001, 22, 0.0325, 7914, 0.0025
30, 0.9500000000000001, 22, 0.0325, 7915, 0.0025
30, 0.9500000000000001, 22, 0.0325, 7916, 0.0025
30, 0.9500000000000001, 22, 0.0325, 8056, 0.0025
30, 0.9500000000000001, 25, 0.0325, 9428, 0.0025
30, 0.9500000000000001, 25, 0.0325, 9577, 0.0025
30, 0.9500000000000001, 25, 0.0325, 9578, 0.0025
30, 0.9500000000000001, 25, 0.0325, 9717, 0.0025
30, 0.9500000000000001, 25, 0.0325, 9718, 0.0025
30, 0.9500000000000001, 25, 0.0325, 9719, 0.0025
30, 0.9500000000000001, 25, 0.0325, 9720, 0.0025
30, 0.9500000000000001, 25, 0.0325, 9847, 0.0025
30, 0.9500000000000001, 25, 0.0325, 9849, 0.0025
30, 0.9500000000000001, 25, 0.0325, 9850, 0.0025
30, 0.9500000000000001, 25, 0.0325, 10090, 0.0025
30, 0.9500000000000001, 25, 0.0325, 10203, 0.0025
30, 0.9500000000000001, 25, 0.0325, 10204, 0.0025
30, 0.9500000000000001, 25, 0.0325, 10205, 0.0025
30, 0.9500000000000001, 37, 0.07999999999999856, 14869, 0.0025
30, 0.9500000000000001, 37, 0.07999999999999856, 14982, 0.0025
30, 0.9500000000000001, 37, 0.07999999999999856, 15092, 0.0025
30, 0.9500000000000001, 37, 0.07999999999999856, 15209, 0.0025
30, 0.9500000000000001, 37, 0.07999999999999856, 15322, 0.0025
30, 0.9500000000000001, 37, 0.07999999999999856, 15439, 0.0025
30, 0.9500000000000001, 37, 0.07999999999999856, 15440, 0.0025
30, 0.9500000000000001, 37, 0.07999999999999856, 15552, 0.0025
30, 0.9500000000000001, 37, 0.07999999999999856, 15553, 0.0025
30, 0.9500000000000001, 37, 0.07999999999999856, 15668, 0.0025
30, 0.9500000000000001, 37, 0.07999999999999856, 15669, 0.0025
30, 0.9500000000000001, 37, 0.07999999999999856, 15787, 0.0025
30, 0.9500000000000001, 37, 0.07999999999999856, 15788, 0.0025
30, 0.9500000000000001, 37, 0.07999999999999856, 15902, 0.0025
30, 0.9500000000000001, 37, 0.07999999999999856, 15903, 0.0025
30, 0.9500000000000001, 37, 0.07999999999999856, 16019, 0.0025
30, 0.9500000000000001, 37, 0.07999999999999856, 16020, 0.0025
30, 0.9500000000000001, 37, 0.07999999999999856, 16021, 0.0025
30, 0.9500000000000001, 37, 0.07999999999999856, 16137, 0.0025
30, 0.9500000000000001, 37, 0.07999999999999856, 16138, 0.0025
30, 0.9500000000000001, 37, 0.07999999999999856, 16255, 0.0025
30, 0.9500000000000001, 37, 0.07999999999999856, 16256, 0.0025
30, 0.9500000000000001, 37, 0.07999999999999856, 16257, 0.0025
30, 0.9500000000000001, 37, 0.07999999999999856, 16369, 0.0025
30, 0.9500000000000001, 37, 0.07999999999999856, 16370, 0.0025
30, 0.9500000000000001, 37, 0.07999999999999856, 16371, 0.0025
30, 0.9500000000000001, 37, 0.07999999999999856, 16483, 0.0025
30, 0.9500000000000001, 37, 0.07999999999999856, 16484, 0.0025
30, 0.9500000000000001, 37, 0.07999999999999856, 16485, 0.0025
30, 0.9500000000000001, 37, 0.07999999999999856, 16594, 0.0025
30, 0.9500000000000001, 37, 0.07999999999999856, 16595, 0.0025
30, 0.9500000000000001, 37, 0.07999999999999856, 16700, 0.0025
30, 0.9500000000000001, 38, 0.04749999999999951, 16762, 0.0025
30, 0.9500000000000001, 37, 0.07999999999999856, 16815, 0.0025
30, 0.9500000000000001, 38, 0.04749999999999951, 16879, 0.0025
30, 0.9500000000000001, 38, 0.04749999999999951, 16990, 0.0025
30, 0.9500000000000001, 38, 0.04749999999999951, 16991, 0.0025
30, 0.9500000000000001, 41, 0.07499999999999996, 17087, 0.0025
30, 0.9500000000000001, 41, 0.07499999999999996, 17092, 0.0025
30, 0.9500000000000001, 38, 0.04749999999999951, 17098, 0.0025
30, 0.9500000000000001, 41, 0.07499999999999996, 17190, 0.0025
30, 0.9500000000000001, 41, 0.07499999999999996, 17197, 0.0025
30, 0.9500000000000001, 38, 0.04749999999999951, 17201, 0.0025
30, 0.9500000000000001, 38, 0.04749999999999951, 17203, 0.0025
30, 0.9500000000000001, 38, 0.04749999999999951, 17204, 0.0025
30, 0.9500000000000001, 41, 0.07499999999999996, 17293, 0.0025
30, 0.9500000000000001, 41, 0.07499999999999996, 17295, 0.0025
30, 0.9500000000000001, 41, 0.07499999999999996, 17299, 0.0025
30, 0.9500000000000001, 41, 0.07499999999999996, 17301, 0.0025
30, 0.9500000000000001, 38, 0.04749999999999951, 17304, 0.0025
30, 0.9500000000000001, 38, 0.04749999999999951, 17305, 0.0025
30, 0.9500000000000001, 38, 0.04749999999999951, 17306, 0.0025
30, 0.9500000000000001, 41, 0.07499999999999996, 17395, 0.0025
30, 0.9500000000000001, 41, 0.07499999999999996, 17401, 0.0025
30, 0.9500000000000001, 41, 0.07499999999999996, 17402, 0.0025
30, 0.9500000000000001, 41, 0.07499999999999996, 17404, 0.0025
30, 0.9500000000000001, 38, 0.04749999999999951, 17407, 0.0025
30, 0.9500000000000001, 38, 0.04749999999999951, 17408, 0.0025
30, 0.9500000000000001, 38, 0.04749999999999951, 17409, 0.0025
30, 0.9500000000000001, 41, 0.07499999999999996, 17503, 0.0025
30, 0.9500000000000001, 41, 0.07499999999999996, 17504, 0.0025
30, 0.9500000000000001, 41, 0.07499999999999996, 17505, 0.0025
30, 0.9500000000000001, 41, 0.07499999999999996, 17506, 0.0025
30, 0.9500000000000001, 41, 0.07499999999999996, 17509, 0.0025
30, 0.9500000000000001, 38, 0.04749999999999951, 17512, 0.0025
30, 0.9500000000000001, 41, 0.07499999999999996, 17602, 0.0025
30, 0.9500000000000001, 41, 0.07499999999999996, 17603, 0.0025
30, 0.9500000000000001, 41, 0.07499999999999996, 17604, 0.0025
30, 0.9500000000000001, 41, 0.07499999999999996, 17605, 0.0025
30, 0.9500000000000001, 41, 0.07499999999999996, 17607, 0.0025
30, 0.9500000000000001, 38, 0.04749999999999951, 17612, 0.0025
30, 0.9500000000000001, 38, 0.04749999999999951, 17613, 0.0025
30, 0.9500000000000001, 41, 0.07499999999999996, 17699, 0.0025
30, 0.9500000000000001, 41, 0.07499999999999996, 17700, 0.0025
30, 0.9500000000000001, 41, 0.07499999999999996, 17703, 0.0025
30, 0.9500000000000001, 38, 0.04749999999999951, 17708, 0.0025
30, 0.9500000000000001, 38, 0.04749999999999951, 17709, 0.0025
30, 0.9500000000000001, 41, 0.07499999999999996, 17793, 0.0025
30, 0.9500000000000001, 41, 0.07499999999999996, 17795, 0.0025
30, 0.9500000000000001, 41, 0.07499999999999996, 17797, 0.0025
30, 0.9500000000000001, 38, 0.04749999999999951, 17800, 0.0025
30, 0.9500000000000001, 41, 0.07499999999999996, 17976, 0.0025
30, 0.9500000000000001, 41, 0.07499999999999996, 18060, 0.0025
30, 0.9500000000000001, 41, 0.07499999999999996, 18062, 0.0025
30, 0.9500000000000001, 51, 0.04499999999999987, 24698, 0.0025
30, 0.9500000000000001, 51, 0.04499999999999987, 25471, 0.0025
30, 0.9500000000000001, 51, 0.04499999999999987, 25472, 0.0025
30, 0.9500000000000001, 51, 0.04499999999999987, 25582, 0.0025
30, 0.9500000000000001, 51, 0.04499999999999987, 25583, 0.0025
30, 0.9500000000000001, 51, 0.04499999999999987, 25584, 0.0025
30, 0.9500000000000001, 51, 0.04499999999999987, 25585, 0.0025
30, 0.9500000000000001, 51, 0.04499999999999987, 25691, 0.0025
30, 0.9500000000000001, 51, 0.04499999999999987, 25692, 0.0025
30, 0.9500000000000001, 51, 0.04499999999999987, 25694, 0.0025
30, 0.9500000000000001, 51, 0.04499999999999987, 25695, 0.0025
30, 0.9500000000000001, 51, 0.04499999999999987, 25806, 0.0025
30, 0.9500000000000001, 51, 0.04499999999999987, 25807, 0.0025
30, 0.9500000000000001, 51, 0.04499999999999987, 25808, 0.0025
30, 0.9500000000000001, 51, 0.04499999999999987, 25918, 0.0025
30, 0.9500000000000001, 51, 0.04499999999999987, 25919, 0.0025
30, 0.9500000000000001, 51, 0.04499999999999987, 25920, 0.0025
30, 0.9500000000000001, 51, 0.04499999999999987, 26036, 0.0025
30, 0.9500000000000001, 51, 0.04499999999999987, 26037, 0.0025
30, 0.9500000000000001, 64, 0.0325, 30902, 0.0025
30, 0.9500000000000001, 64, 0.0325, 31097, 0.0025
30, 0.9500000000000001, 64, 0.0325, 31192, 0.0025
30, 0.9500000000000001, 64, 0.0325, 31372, 0.0025
30, 0.9500000000000001, 64, 0.0325, 31373, 0.0025
30, 0.9500000000000001, 64, 0.0325, 31468, 0.0025
30, 0.9500000000000001, 64, 0.0325, 31469, 0.0025
30, 0.9500000000000001, 64, 0.0325, 31929, 0.0025
30, 0.9500000000000001, 64, 0.0325, 31930, 0.0025
30, 0.9500000000000001, 64, 0.0325, 31931, 0.0025
30, 0.9500000000000001, 64, 0.0325, 32019, 0.0025
30, 0.9500000000000001, 64, 0.0325, 32024, 0.0025
30, 0.9500000000000001, 64, 0.0325, 32205, 0.0025
30, 0.9500000000000001, 64, 0.0325, 32206, 0.0025
30, 0.9500000000000001, 67, 0.0325, 32299, 0.0025
30, 0.9500000000000001, 67, 0.0325, 32396, 0.0025
30, 0.9500000000000001, 67, 0.0325, 32924, 0.0025
30, 0.9500000000000001, 67, 0.0325, 33005, 0.0025
30, 0.9500000000000001, 67, 0.0325, 33417, 0.0025
30, 0.9500000000000001, 67, 0.0325, 33495, 0.0025
30, 0.9500000000000001, 67, 0.0325, 33498, 0.0025
30, 0.9500000000000001, 67, 0.0325, 33499, 0.0025
30, 0.9500000000000001, 67, 0.0325, 33500, 0.0025
30, 0.9500000000000001, 67, 0.0325, 33580, 0.0025
30, 0.9500000000000001, 67, 0.0325, 33654, 0.0025
30, 0.9500000000000001, 71, 0.035, 33731, 0.0025
30, 0.9500000000000001, 67, 0.0325, 33732, 0.0025
30, 0.9500000000000001, 67, 0.0325, 33736, 0.0025
30, 0.9500000000000001, 71, 0.035, 33808, 0.0025
30, 0.9500000000000001, 67, 0.0325, 33809, 0.0025
30, 0.9500000000000001, 71, 0.035, 35055, 0.0025
30, 0.9500000000000001, 71, 0.035, 35056, 0.0025
30, 0.9500000000000001, 71, 0.035, 35342, 0.0025
30, 0.9500000000000001, 71, 0.035, 35416, 0.0025
30, 0.9500000000000001, 71, 0.035, 35558, 0.0025
30, 0.9500000000000001, 71, 0.035, 35559, 0.0025
30, 0.9500000000000001, 71, 0.035, 35625, 0.0025
30, 0.9500000000000001, 71, 0.035, 35626, 0.0025
30, 0.9500000000000001, 71, 0.035, 35627, 0.0025
30, 0.9500000000000001, 71, 0.035, 35628, 0.0025
30, 0.9500000000000001, 71, 0.035, 35699, 0.0025
30, 0.9500000000000001, 71, 0.035, 35700, 0.0025
30, 0.9500000000000001, 71, 0.035, 35772, 0.0025
30, 0.9500000000000001, 98, 0.05999999999999994, 48187, 0.0025
30, 0.9500000000000001, 98, 0.05999999999999994, 48314, 0.0025
30, 0.9500000000000001, 98, 0.05999999999999994, 48717, 0.0025
30, 0.9500000000000001, 98, 0.05999999999999994, 48978, 0.0025
30, 0.9500000000000001, 98, 0.05999999999999994, 48979, 0.0025
30, 0.9500000000000001, 98, 0.05999999999999994, 49250, 0.0025
30, 0.9500000000000001, 98, 0.05999999999999994, 49251, 0.0025
30, 0.9500000000000001, 98, 0.05999999999999994, 49253, 0.0025
30, 0.9500000000000001, 98, 0.05999999999999994, 49377, 0.0025
30, 0.9500000000000001, 98, 0.05999999999999994, 49511, 0.0025
30, 0.9500000000000001, 98, 0.05999999999999994, 49516, 0.0025
30, 0.9500000000000001, 98, 0.05999999999999994, 49650, 0.0025
30, 0.9500000000000001, 98, 0.05999999999999994, 49651, 0.0025
30, 0.9500000000000001, 98, 0.05999999999999994, 49785, 0.0025
30, 0.9500000000000001, 98, 0.05999999999999994, 49920, 0.0025
30, 0.9500000000000001, 98, 0.05999999999999994, 49921, 0.0025
30, 0.9500000000000001, 98, 0.05999999999999994, 50062, 0.0025
30, 0.9500000000000001, 98, 0.05999999999999994, 50063, 0.0025
30, 0.9500000000000001, 98, 0.05999999999999994, 50064, 0.0025
30, 0.9500000000000001, 98, 0.05999999999999994, 50065, 0.0025
30, 0.9500000000000001, 98, 0.05999999999999994, 50066, 0.0025
30, 0.9500000000000001, 98, 0.05999999999999994, 50208, 0.0025
30, 0.9500000000000001, 98, 0.05999999999999994, 50350, 0.0025
30, 0.9500000000000001, 105, 0.04499999999999985, 50508, 0.0025
30, 0.9500000000000001, 98, 0.05999999999999994, 50627, 0.0025
30, 0.9500000000000001, 105, 0.04499999999999985, 51484, 0.0025
30, 0.9500000000000001, 105, 0.04499999999999985, 51485, 0.0025
30, 0.9500000000000001, 105, 0.04499999999999985, 51487, 0.0025
30, 0.9500000000000001, 105, 0.04499999999999985, 51622, 0.0025
30, 0.9500000000000001, 105, 0.04499999999999985, 51624, 0.0025
30, 0.9500000000000001, 105, 0.04499999999999985, 51625, 0.0025
30, 0.9500000000000001, 105, 0.04499999999999985, 51764, 0.0025
30, 0.9500000000000001, 105, 0.04499999999999985, 51901, 0.0025
30, 0.9500000000000001, 105, 0.04499999999999985, 52041, 0.0025
30, 0.9500000000000001, 105, 0.04499999999999985, 52184, 0.0025
30, 0.9500000000000001, 105, 0.04499999999999985, 52329, 0.0025
30, 0.9500000000000001, 105, 0.04499999999999985, 52473, 0.0025
30, 0.9500000000000001, 105, 0.04499999999999985, 52614, 0.0025
30, 0.9500000000000001, 105, 0.04499999999999985, 52615, 0.0025
30, 0.9500000000000001, 105, 0.04499999999999985, 52754, 0.0025
30, 0.9500000000000001, 105, 0.04499999999999985, 52755, 0.0025
30, 0.9500000000000001, 105, 0.04499999999999985, 52893, 0.0025
30, 0.9500000000000001, 105, 0.04499999999999985, 53028, 0.0025
30, 0.9500000000000001, 121, 0.0325, 55186, 0.0025
30, 0.9500000000000001, 121, 0.0325, 55326, 0.0025
30, 0.9500000000000001, 121, 0.0325, 55330, 0.0025
30, 0.9500000000000001, 121, 0.0325, 55617, 0.0025
30, 0.9500000000000001, 121, 0.0325, 55756, 0.0025
30, 0.9500000000000001, 121, 0.0325, 55757, 0.0025
30, 0.9500000000000001, 121, 0.0325, 55759, 0.0025
30, 0.9500000000000001, 121, 0.0325, 55902, 0.0025
30, 0.9500000000000001, 121, 0.0325, 55903, 0.0025
30, 0.9500000000000001, 121, 0.0325, 55904, 0.0025
30, 0.9500000000000001, 116, 0.0325, 56389, 0.0025
30, 0.9500000000000001, 121, 0.0325, 56487, 0.0025
30, 0.9500000000000001, 116, 0.0325, 56537, 0.0025
30, 0.9500000000000001, 116, 0.0325, 56538, 0.0025
30, 0.9500000000000001, 121, 0.0325, 56633, 0.0025
30, 0.9500000000000001, 121, 0.0325, 56783, 0.0025
30, 0.9500000000000001, 121, 0.0325, 56784, 0.0025
30, 0.9500000000000001, 116, 0.0325, 56835, 0.0025
30, 0.9500000000000001, 116, 0.0325, 56983, 0.0025
30, 0.9500000000000001, 116, 0.0325, 57589, 0.0025
30, 0.9500000000000001, 116, 0.0325, 58372, 0.0025
30, 0.9500000000000001, 116, 0.0325, 58374, 0.0025
30, 0.9500000000000001, 116, 0.0325, 58535, 0.0025
30, 0.9500000000000001, 116, 0.0325, 58536, 0.0025
30, 0.9500000000000001, 116, 0.0325, 58537, 0.0025
30, 0.9500000000000001, 116, 0.0325, 58702, 0.0025
30, 0.9500000000000001, 116, 0.0325, 58703, 0.0025
30, 0.9500000000000001, 116, 0.0325, 59042, 0.0025
30, 0.9500000000000001, 137, 0.06999999999999976, 62563, 0.0025
30, 0.9500000000000001, 137, 0.06999999999999976, 62564, 0.0025
30, 0.9500000000000001, 137, 0.06999999999999976, 62566, 0.0025
30, 0.9500000000000001, 137, 0.06999999999999976, 62567, 0.0025
30, 0.9500000000000001, 137, 0.06999999999999976, 62739, 0.0025
30, 0.9500000000000001, 137, 0.06999999999999976, 62740, 0.0025
30, 0.9500000000000001, 137, 0.06999999999999976, 62741, 0.0025
30, 0.9500000000000001, 137, 0.06999999999999976, 62910, 0.0025
30, 0.9500000000000001, 137, 0.06999999999999976, 62911, 0.0025
30, 0.9500000000000001, 137, 0.06999999999999976, 62913, 0.0025
30, 0.9500000000000001, 137, 0.06999999999999976, 63087, 0.0025
30, 0.9500000000000001, 137, 0.06999999999999976, 63088, 0.0025
30, 0.9500000000000001, 137, 0.06999999999999976, 63089, 0.0025
30, 0.9500000000000001, 137, 0.06999999999999976, 63254, 0.0025
30, 0.9500000000000001, 137, 0.06999999999999976, 63255, 0.0025
30, 0.9500000000000001, 137, 0.06999999999999976, 63258, 0.0025
30, 0.9500000000000001, 137, 0.06999999999999976, 63421, 0.0025
30, 0.9500000000000001, 137, 0.06999999999999976, 63422, 0.0025
30, 0.9500000000000001, 137, 0.06999999999999976, 63423, 0.0025
30, 0.9500000000000001, 137, 0.06999999999999976, 63587, 0.0025
30, 0.9500000000000001, 137, 0.06999999999999976, 63592, 0.0025
30, 0.9500000000000001, 137, 0.06999999999999976, 63757, 0.0025
30, 0.9500000000000001, 137, 0.06999999999999976, 63919, 0.0025
30, 0.9500000000000001, 137, 0.06999999999999976, 63920, 0.0025
30, 0.9500000000000001, 133, 0.0325, 63922, 0.0025
30, 0.9500000000000001, 133, 0.0325, 63923, 0.0025
30, 0.9500000000000001, 137, 0.06999999999999976, 64080, 0.0025
30, 0.9500000000000001, 137, 0.06999999999999976, 64081, 0.0025
30, 0.9500000000000001, 137, 0.06999999999999976, 64082, 0.0025
30, 0.9500000000000001, 133, 0.0325, 64098, 0.0025
30, 0.9500000000000001, 133, 0.0325, 64258, 0.0025
30, 0.9500000000000001, 133, 0.0325, 64259, 0.0025
30, 0.9500000000000001, 137, 0.06999999999999976, 64400, 0.0025
30, 0.9500000000000001, 133, 0.0325, 64403, 0.0025
30, 0.9500000000000001, 133, 0.0325, 64404, 0.0025
30, 0.9500000000000001, 133, 0.0325, 64415, 0.0025
30, 0.9500000000000001, 133, 0.0325, 64572, 0.0025
30, 0.9500000000000001, 137, 0.06999999999999976, 64712, 0.0025
30, 0.9500000000000001, 133, 0.0325, 64726, 0.0025
30, 0.9500000000000001, 133, 0.0325, 64878, 0.0025
30, 0.9500000000000001, 133, 0.0325, 65029, 0.0025
30, 0.9500000000000001, 133, 0.0325, 65177, 0.0025
30, 0.9500000000000001, 133, 0.0325, 65178, 0.0025
30, 0.9500000000000001, 144, 0.05, 65835, 0.0025
30, 0.9500000000000001, 144, 0.05, 65836, 0.0025
30, 0.9500000000000001, 144, 0.05, 65837, 0.0025
30, 0.9500000000000001, 144, 0.05, 65975, 0.0025
30, 0.9500000000000001, 144, 0.05, 65976, 0.0025
30, 0.9500000000000001, 144, 0.05, 65977, 0.0025
30, 0.9500000000000001, 144, 0.05, 65978, 0.0025
30, 0.9500000000000001, 144, 0.05, 66113, 0.0025
30, 0.9500000000000001, 144, 0.05, 66118, 0.0025
30, 0.9500000000000001, 144, 0.05, 66249, 0.0025
30, 0.9500000000000001, 144, 0.05, 66251, 0.0025
30, 0.9500000000000001, 144, 0.05, 66258, 0.0025
30, 0.9500000000000001, 144, 0.05, 66259, 0.0025
30, 0.9500000000000001, 144, 0.05, 66387, 0.0025
30, 0.9500000000000001, 144, 0.05, 66390, 0.0025
30, 0.9500000000000001, 144, 0.05, 66393, 0.0025
30, 0.9500000000000001, 144, 0.05, 66523, 0.0025
30, 0.9500000000000001, 144, 0.05, 66524, 0.0025
30, 0.9500000000000001, 144, 0.05, 66787, 0.0025
30, 0.9500000000000001, 144, 0.05, 66788, 0.0025
30, 0.9500000000000001, 144, 0.05, 66915, 0.0025
